1
529.5892,75.5445,53.8545,33.1448
526.0613,77.4248,54.9696,33.1211
521.6392,78.6715,57.0235,33.3480
515.9195,80.0755,58.1630,34.0658
509.8377,82.3389,58.7707,34.4366
505.5619,84.6675,58.3760,34.6743
499.4016,87.0158,60.4028,35.3912
494.7787,88.3919,60.9903,35.5459
489.4683,88.7820,62.2353,35.9979
484.4637,88.9091,63.2375,36.5680
480.7740,89.7473,63.8244,36.9957
474.9168,92.2804,65.4053,37.8876
470.3369,92.7378,66.6586,38.6965
465.1595,94.4086,67.9735,39.3810
459.2156,96.0075,69.5503,40.0269
457.6855,96.9775,70.4390,40.4326
453.3672,99.3011,71.5517,40.9222
447.2105,102.5707,72.5085,40.8643
444.7305,104.8220,73.7208,41.4686
440.9745,106.7850,74.9397,41.3065
436.8477,109.3553,77.5453,41.9836
430.5629,112.4005,80.3911,42.7835
428.8515,114.4050,81.9766,43.6267
424.4976,117.1157,84.9264,44.4270
420.7750,118.8780,87.7742,45.6713
418.2190,120.7859,89.6892,47.1532
416.7953,122.7804,92.3368,48.8294
415.0177,124.6878,93.4099,49.7094
414.9990,127.4132,94.9330,50.7764
415.0033,128.8338,96.5768,51.4525
415.4374,130.3655,99.0328,52.4233
414.5960,133.6882,100.2934,52.9206
413.9675,136.1073,103.4108,54.9627
411.0056,137.2235,106.3649,56.5369
413.3845,139.1877,107.4135,56.9819
410.6534,141.8665,109.4578,57.8717
411.6210,145.6399,111.9684,58.7185
411.9041,149.0913,114.0627,59.8292
412.1728,152.7121,116.6749,61.2009
410.9669,156.2645,120.3567,63.2953
411.3016,159.4067,121.1479,63.9657
411.3403,162.2490,123.6560,65.3671
410.3119,166.6319,126.9974,66.9604
410.9662,169.4088,130.9441,68.1835
411.4509,170.8679,133.2523,69.6020
409.7968,174.2935,135.4101,70.7274
407.5985,177.9819,137.5975,71.4994
405.7741,180.5898,140.0627,72.9719
404.1587,183.8088,142.8922,74.2141
402.0159,187.7513,146.0615,75.2849
397.7281,191.4447,149.5163,76.6039
394.8114,194.9215,152.5924,78.0777
391.8459,199.4789,153.5355,78.8255
390.0514,203.0917,156.1398,80.2947
386.7052,205.0464,158.9646,82.0932
382.7236,207.8729,163.2692,83.9259
377.4114,212.7554,163.9545,84.0408
375.8866,216.2879,165.7708,85.1736
371.5949,218.9709,166.6979,86.5384
368.4729,222.7148,167.6718,87.5651
366.4521,225.7186,169.4658,87.9779
364.0363,229.2502,171.1752,88.6000
360.3557,230.2574,172.6023,89.5091
356.6720,233.4835,173.2597,89.9159
352.7199,237.3581,173.9293,90.7313
350.7083,240.9832,174.1633,90.7167
348.6172,243.6083,175.9535,91.2458
345.8105,244.8089,176.7820,92.1298
344.2680,245.6628,178.7319,93.9500
338.7684,247.6765,179.7605,94.9330
333.9138,250.0345,180.9130,95.7422
330.2743,251.4491,181.7566,96.3196
325.1188,253.0755,182.1382,96.6419
320.9492,254.2953,182.2493,97.0994
315.2587,254.1845,182.2876,97.7820
308.9876,253.2924,182.3317,98.4824
304.7332,253.0316,181.8283,98.8175
298.5326,253.0851,181.4245,98.9464
294.2955,251.7260,180.9769,98.8797
290.6294,249.5017,180.6091,98.9658
285.2560,248.8454,180.1961,98.6730
279.7123,248.4884,179.5466,98.5855
276.3067,248.4374,178.3465,98.1910
272.2233,247.8986,177.6389,97.9501
267.3687,247.9758,176.7303,97.5748
262.5596,246.4999,176.9599,97.3638
258.4834,245.6066,176.5739,97.2450
255.2567,244.0380,175.9698,96.6822
251.8886,242.5445,175.7967,96.4796
247.8100,240.8762,175.4647,96.4562
244.6114,239.4294,174.7703,96.4640
241.8088,238.4046,173.8088,95.9652
238.5001,237.0326,172.5567,95.2382
236.3892,235.5613,170.7801,94.0508
234.0408,233.8107,169.2094,92.9763
231.5662,232.1302,167.7063,92.0034
230.0391,228.8389,166.5589,91.0134
227.9745,226.0499,165.4983,89.8498
225.9545,224.3112,164.8083,89.2450
225.9587,222.6796,163.3003,88.2828
227.6137,221.2859,161.3440,87.1687
230.3472,218.9003,158.6124,85.6912
230.4665,217.4069,156.0534,84.2470
232.4818,215.0152,154.3020,83.4497
233.7496,213.7991,152.1912,82.2083
235.9359,212.1516,150.5249,81.3976
237.7284,211.5268,149.0091,80.4754
240.4473,210.1558,147.3288,79.6851
245.7048,207.8895,145.0410,78.8825
248.4010,206.1983,142.6498,77.5926
251.4421,203.2870,141.0883,76.3704
256.4431,201.2941,138.3104,74.6108
259.0451,199.1496,136.2095,73.1464
263.3067,197.2698,133.2946,72.1675
269.6929,194.9118,129.7050,71.0179
272.1835,194.1689,127.1457,69.6457
275.1677,192.7137,125.0060,68.5850
279.5041,192.4436,122.4724,67.1504
283.9618,192.1036,120.2274,65.9009
288.4803,191.3973,117.1716,64.1416
292.4125,190.6100,114.7876,62.7436
296.3839,188.8261,112.6824,62.0721
300.1681,186.8935,110.7149,61.3371
304.6537,185.7374,107.8887,60.1405
309.0038,185.0995,105.4377,59.1227
312.8392,183.9690,103.8196,58.0843
314.9047,183.1072,102.3094,57.0627
316.8331,181.8528,100.8323,56.2016
320.1815,181.7670,99.2040,55.2109
322.9686,181.4579,97.0189,54.2380
325.3887,180.4554,95.8767,53.3792
327.2825,180.8293,94.8110,52.6733
329.0597,180.7218,93.3990,52.2057
331.5564,180.0187,91.4260,51.5806
333.3981,179.9597,89.8508,50.8219
335.5342,179.1938,88.5355,50.1388
337.8217,178.9964,87.0950,49.2449
340.5252,178.7918,85.4954,48.2336
342.7679,179.4402,83.7855,47.2676
344.9713,179.2270,82.7425,46.6465
347.6862,178.0727,81.1059,46.0693
349.0969,178.6550,80.5383,45.4666
350.3390,178.8184,79.9651,44.7112
351.8730,177.7855,79.1234,44.3184
353.8772,177.6340,77.8538,43.7415
355.0365,177.2108,77.0341,43.3001
355.6792,176.5672,76.5246,42.7717
356.7178,176.0040,75.5295,42.1660
358.1988,174.7775,74.7356,41.8308
358.6815,174.5026,74.0301,41.2580
357.6471,173.5856,73.4516,40.9053
357.9843,172.3360,72.5261,40.4175
356.2704,170.7390,71.5331,40.0457
354.4528,168.7265,70.7408,39.6889
354.8244,167.2472,69.7372,39.0485
