1
284.5856,250.6953,43.6493,44.3984
286.8418,251.8345,43.1289,45.0388
287.8895,253.6711,43.4651,45.0818
287.9117,253.5152,43.0303,45.2341
288.9259,256.3909,42.2662,45.3920
288.8468,256.4645,41.9344,44.8328
288.9724,259.9903,41.4797,44.9593
289.5996,261.6176,41.3454,45.5252
288.4075,261.3176,41.0255,47.5340
285.6695,264.5274,40.8041,49.1727
284.4851,262.0078,40.0554,50.9341
284.0098,264.1436,39.3398,52.2885
282.7127,261.9804,38.1286,51.5431
282.3593,265.1349,37.1108,51.0217
281.5183,265.3155,36.4481,51.1695
283.3323,266.9365,35.6706,52.0071
284.2485,267.0551,35.2753,52.7299
282.9079,267.2772,35.4007,52.6848
283.8601,269.1541,34.6851,53.3446
285.0627,268.6521,34.2140,53.5003
284.7755,267.2854,33.7169,53.5955
285.8705,264.8670,33.0185,55.2432
285.9967,264.1235,33.0394,55.6297
286.0839,261.8400,32.5249,55.2116
284.1720,264.8691,32.9130,54.9583
283.0724,267.3986,33.9496,54.0026
281.4722,266.9665,34.7304,54.0548
282.0009,269.0023,34.6305,55.4614
282.5789,266.1877,35.2423,56.2888
279.8459,266.6283,35.5861,56.7343
280.9238,272.9102,36.2069,56.7316
278.3714,273.0303,36.0247,56.4419
278.8233,271.0150,35.8487,57.1040
280.0381,272.8501,36.3287,56.8331
278.5221,270.9817,36.3352,55.4223
279.9913,273.4314,36.0816,55.7976
280.4741,275.2276,35.7973,57.0502
280.9684,269.8814,35.7602,57.9068
279.9185,270.8279,35.2132,59.1082
281.3112,269.2326,35.4952,57.1153
281.8825,271.9174,36.1639,55.3938
280.2798,269.5834,36.8317,54.3395
279.8099,268.6730,37.2072,53.7284
278.3155,266.5340,37.6939,53.3339
278.9401,268.2791,37.8243,53.2606
276.0013,265.5093,37.8848,53.0530
276.2938,264.8016,37.7788,53.8143
274.4509,265.1314,37.6870,53.9445
274.2870,266.4897,37.7306,53.9752
274.4868,267.5543,38.1905,53.7707
273.5676,267.4947,38.3979,53.6748
274.1194,266.1620,37.5913,55.3618
273.9477,267.4851,37.5236,55.3830
272.4107,268.1239,37.8070,54.7625
272.4591,268.2231,37.9915,54.3857
271.5142,268.6165,38.3145,54.1260
269.8532,269.1948,38.5198,54.0754
268.8196,270.0152,38.5518,53.5440
268.2097,269.3853,37.8632,53.8034
268.5168,269.1701,37.6192,54.0957
267.9385,268.3090,37.5747,54.7542
263.4273,267.8506,37.2799,55.0970
262.9806,268.6482,37.7379,54.6042
262.2023,267.8598,37.7703,55.3349
260.8477,268.3607,37.6328,56.6031
259.7732,268.6665,36.9241,57.8934
257.8917,269.3283,37.5942,57.3545
253.8737,267.8151,37.1030,56.3555
252.4143,269.3118,38.1146,55.1396
251.4459,270.8951,38.6324,54.3559
249.2166,269.2655,39.1195,54.2494
247.6698,269.3098,39.1841,53.8514
245.8643,269.2559,39.4365,53.6669
245.1827,269.6780,39.4864,53.5466
243.8767,267.5338,39.1613,54.0879
244.4439,269.6067,39.3303,53.6226
244.6700,268.0103,39.0551,53.9461
246.6299,269.1937,38.8465,53.9939
249.9416,269.7983,38.1441,55.6783
249.9973,268.0555,38.9047,55.4327
250.2642,268.3767,38.7743,55.1440
252.2992,269.3994,38.4543,55.4742
253.0714,269.5834,38.4903,55.3160
254.1250,270.5600,38.3763,55.7796
254.3035,270.9205,38.4605,55.5912
255.1316,271.9561,38.1419,55.8244
253.6914,269.8926,38.0065,55.5307
252.9815,271.1931,38.0009,55.5307
252.7523,271.3356,37.8807,55.6269
252.1313,270.4812,37.7595,55.4198
250.9242,270.3253,37.9183,55.3397
250.3528,271.2847,38.1213,55.3911
249.1722,271.0759,38.1167,54.9975
249.3779,270.8275,37.7005,56.0617
248.4702,266.4133,37.0718,57.6095
247.7751,265.6627,35.7821,58.3668
244.7054,264.9023,36.9876,56.8624
244.3380,261.3057,35.9279,57.6654
240.6816,265.9496,36.7621,56.1980
241.7543,265.8613,37.3489,55.7218
251.0949,278.6912,37.0549,58.2727
267.3886,297.0847,37.3624,59.5418
283.9532,305.9619,37.3326,59.5917
303.2894,312.7468,37.7687,60.3356
328.1485,322.5540,37.2825,60.4881
349.0291,327.5762,37.2033,61.6279
358.6145,322.3231,36.7775,63.1431
359.4872,322.9953,36.7844,61.9409
361.2150,325.0024,36.6586,60.4190
365.6902,318.2177,37.5100,59.5119
369.0842,311.8586,37.9605,57.3629
373.5300,314.2524,37.7099,55.9129
375.2898,316.8168,37.7439,53.8329
370.4638,314.6206,37.4681,53.4938
368.6033,318.0918,37.1641,52.5232
369.8198,320.7571,36.7344,51.8822
367.2080,322.7080,36.5348,51.3655
364.8353,324.1698,35.8449,50.8184
362.5153,324.7868,35.8607,50.5607
363.6190,325.4448,35.4602,50.7663
361.7073,324.5771,35.0168,52.1750
356.5074,326.1706,35.8704,51.8336
354.0798,325.9617,36.3194,51.0720
347.7346,322.5546,37.0216,51.1047
338.6826,317.1449,37.1024,51.5224
334.1064,315.1165,37.2792,51.3145
335.9446,319.6408,37.3312,51.0915
338.1954,320.7439,37.3750,51.5112
337.2834,317.2806,37.1543,51.7070
332.4480,315.9809,37.3816,51.1342
333.7074,315.8032,37.2268,50.8555
332.4359,316.4545,37.2376,50.3654
334.0369,316.0375,37.1342,50.0112
335.2439,309.3677,35.9957,50.1857
328.8022,304.6913,35.5119,53.1722
326.0772,303.2856,35.8872,52.7771
324.0200,305.0618,36.2060,52.3261
320.3859,310.3373,35.5304,53.1864
311.0098,311.9199,34.9920,55.9844
306.4997,313.8362,35.9517,55.8108
307.1122,313.7657,36.6078,55.4751
309.0346,314.8615,37.2319,54.6694
308.4012,315.0437,37.1965,54.3737
308.0083,313.2492,37.1384,53.7647
310.1011,310.4621,37.1179,53.0955
311.6804,305.2597,37.2131,53.4173
313.8951,300.9993,36.8505,53.9683
312.9270,300.5078,39.6668,52.3703
315.5819,290.9252,37.8891,53.0336
319.6664,286.8581,36.6618,54.1234
320.9299,286.5034,36.7005,53.8156
320.8020,286.8066,36.2265,54.1132
321.9834,286.9831,36.1518,53.9500
321.3283,288.2252,35.5306,53.8151
321.8360,283.3776,35.4718,54.3455
325.2620,282.2498,35.4254,54.9594
326.4488,278.9646,34.5669,56.5514
326.6132,277.7227,34.2057,56.5717
327.5406,276.8379,33.9611,55.9102
326.4484,278.6202,33.8206,54.3258
329.3536,272.4561,33.9972,53.2077
330.4746,271.7604,32.9997,53.9893
330.0172,270.1985,33.0430,54.0714
330.1270,270.0882,33.9455,53.4907
329.9051,270.4310,34.4572,53.1570
331.0960,267.3771,34.5470,54.0506
333.4536,266.0675,34.6905,54.1492
333.8136,264.6750,34.0314,54.2228
336.4038,263.0022,33.6455,54.4314
338.7512,263.9678,33.0283,54.6463
338.3431,265.0354,32.8745,54.5209
339.7598,265.6356,32.7805,54.4795
338.8485,266.2294,33.5292,54.0819
338.1576,265.1445,33.8318,53.1008
338.7401,264.4451,34.0084,52.8422
339.3282,261.5334,33.3848,52.5661
339.7014,259.9124,33.4728,53.4148
338.9780,255.5605,33.3303,54.3514
340.6761,250.0276,33.0644,54.3966
341.1630,247.9218,33.4049,53.0795
341.6816,246.1902,33.3581,52.8981
343.0711,241.9198,33.3731,52.8744
345.8221,241.4631,33.0959,52.8666
352.4645,240.6156,35.5430,51.0369
352.8762,242.3467,38.1150,49.4364
353.7586,246.1432,39.3389,48.3043
350.7406,245.8356,39.5456,46.9458
354.0185,241.6291,41.4906,44.5820
354.7161,244.2241,40.1425,44.4478
355.9113,245.7113,39.5920,45.8377
356.6781,245.3707,39.0093,46.3888
358.1537,245.6708,39.2984,45.9970
357.0694,247.7547,39.3199,45.8926
358.7603,246.8179,39.2429,45.8772
360.7897,246.4865,39.9390,45.4178
362.3658,245.3432,40.1240,45.0014
364.9615,240.4580,40.7305,45.2082
363.5683,239.7407,40.5893,44.5945
365.2307,238.7883,37.8950,47.6737
367.8260,238.6434,35.1686,50.7191
369.4642,238.5866,33.3478,51.8445
392.7953,249.2542,37.0691,47.9405
394.5296,232.1490,34.3672,51.1615
396.8137,227.6670,32.2135,53.3333
397.8535,224.3923,31.2057,55.5375
398.9773,223.3990,30.1485,57.9343
399.6621,226.9418,29.9124,59.3808
399.8076,225.8037,29.9973,60.7953
398.4828,226.8488,30.5785,60.7878
368.1061,244.1741,33.8950,56.2613
367.0445,243.7398,33.9716,54.3366
364.0688,247.6015,33.7968,53.4802
358.8461,248.6308,33.4228,52.3099
359.2291,246.6726,33.1919,51.1016
358.1395,243.8016,33.4900,50.0579
359.9228,242.1701,31.9499,51.1704
358.0802,241.0522,32.0914,50.9273
355.3805,242.6135,32.9824,49.5327
353.1603,243.9148,33.3517,48.8762
348.9376,242.3287,33.8086,48.0901
346.6741,240.9852,34.2521,47.2522
344.1089,239.9363,34.4030,47.0869
342.0433,239.6399,34.3012,46.8160
341.3946,238.5576,34.1404,47.0437
340.2211,238.7929,34.0067,46.9205
339.7558,238.4834,33.6109,47.2138
341.0843,238.6803,33.3228,47.0525
341.6620,237.4073,32.7536,46.8199
342.2873,237.2829,31.5360,48.3377
342.5522,234.3078,31.2827,48.8185
344.7999,230.4944,31.3418,48.5335
345.8238,228.6172,31.0707,48.4207
345.6705,227.5375,30.5806,48.8964
345.5306,226.0755,30.7516,48.4010
347.4970,224.8912,30.3062,48.6557
347.5140,226.4539,30.4177,48.3149
348.2076,226.9480,29.2488,48.8520
348.9741,226.2483,27.6742,49.9358
350.0637,225.1745,26.5918,50.6106
350.5398,225.4250,26.4505,50.5185
347.6531,222.7392,26.4215,49.7508
349.2477,216.9801,26.5196,50.2670
349.4001,213.9779,25.2076,50.8222
350.8280,213.3915,25.1430,52.3598
352.4798,213.3443,25.3570,52.5967
352.9246,212.0895,25.1815,52.9891
354.0275,212.0775,25.3328,53.0164
353.5319,211.9082,26.0275,52.5059
354.0673,210.5819,26.9516,51.8092
354.4104,210.5075,27.5156,51.2881
354.4537,210.4040,27.5467,50.9911
351.5767,210.2831,27.8462,49.9239
354.1828,209.1112,27.2207,51.8501
357.2646,207.4127,27.0687,52.9159
356.1241,203.7993,27.6036,53.5293
357.7784,209.3556,27.2565,55.2120
364.0036,208.9082,28.2496,54.2614
368.4050,208.8735,27.4572,53.7936
366.5372,217.7687,28.4370,53.8796
363.3669,225.7631,28.6879,54.2419
362.3757,227.0092,29.0858,53.9536
358.6221,229.7378,29.5940,54.1142
354.1765,231.1664,29.4113,54.9880
353.0468,229.6833,28.9974,55.5440
353.2452,231.7123,28.7976,55.6489
353.9980,233.4448,28.3541,56.1929
350.3777,230.9952,28.2763,56.4434
351.7968,230.1827,27.7159,57.5863
353.0477,230.8169,27.6288,57.9571
353.0915,229.2764,28.3352,55.6346
353.8768,229.6935,28.2146,56.0102
355.5420,233.4240,27.6119,55.2369
356.1384,232.6118,27.0364,55.0386
372.3314,228.1351,26.6467,55.9484
384.4574,239.9353,26.8911,56.4650
2
0
0
0
0
1
352.0147,230.4575,44.6878,44.0679
352.2133,230.2312,43.9576,44.7922
356.1100,230.0501,43.3622,45.2961
357.4013,230.7333,42.5353,45.9201
358.5540,230.0584,41.8842,46.4472
360.5130,231.6533,41.2914,46.7007
362.3983,232.9122,40.8424,46.6926
364.2561,232.3016,39.7742,47.5426
365.4310,233.4944,39.6042,47.2406
367.0655,234.3533,40.3756,46.7292
369.5641,234.2989,40.3244,46.0796
372.4980,234.4187,39.9562,46.2515
372.1902,233.8185,39.8053,46.1701
375.8415,234.3716,39.8008,46.1353
378.4056,233.5468,40.2503,45.8886
378.4277,232.7297,41.3871,45.4863
380.0814,232.7490,40.9229,45.3968
379.4470,233.7217,40.2505,45.5782
382.8582,231.4095,38.9176,46.6465
383.4386,231.5385,38.3433,47.1306
385.7814,232.1408,37.8620,46.7917
384.4512,231.9713,37.3456,46.5447
385.0470,231.6461,36.9908,46.5957
386.4121,231.3000,36.6474,46.7630
385.7278,229.4807,36.6410,46.6056
386.5676,227.7261,37.9654,45.7456
386.5868,227.0766,38.3829,45.6357
385.6043,228.6245,39.5211,44.8637
382.1550,226.9828,37.6867,46.0102
383.5674,226.6692,37.1466,46.8043
382.4282,229.6643,36.8513,47.5635
381.7797,229.7644,37.4750,47.0565
381.4507,230.1699,37.6682,47.1602
382.5943,228.8771,38.2819,46.1967
382.2366,229.0524,38.5809,45.8304
381.2240,230.5354,38.8402,45.0899
382.6110,231.8143,38.9446,45.0640
382.3916,230.1350,37.8629,46.0975
383.1463,231.2695,37.1003,46.0052
383.9365,228.3231,36.3663,46.5371
385.9037,228.4428,37.5875,45.4525
383.6208,227.4197,39.1443,43.6036
382.8474,229.0421,40.6676,44.3772
382.0471,227.7446,41.0834,43.3343
384.0632,225.1340,40.6035,43.7102
382.7523,221.4340,42.3867,43.3477
368.1211,230.5179,42.0374,44.4658
362.1658,233.7044,43.1712,43.8932
359.0061,233.9587,43.9175,42.9610
358.1509,232.0415,43.2324,42.7123
357.9117,232.8788,42.5979,42.9903
358.2625,232.9899,42.4622,43.1094
358.3210,234.1653,41.9022,42.8931
357.8632,233.4395,41.3211,43.6302
356.8935,231.5659,41.2261,43.7150
356.8360,231.2686,40.2472,44.8679
353.6339,231.6110,42.4490,44.4501
355.9484,229.5089,41.4259,44.2631
356.9884,230.3530,40.8589,44.1811
