1
592.0332,201.0811,44.1582,37.0793
588.7673,200.0164,45.0789,36.5045
585.7815,199.2523,45.9181,35.5862
583.1895,198.9490,46.3132,34.8231
581.0014,198.3616,46.3651,34.5112
579.4576,198.1001,45.9143,34.2020
579.2930,196.7501,44.4722,33.9335
580.3721,196.5939,41.0624,35.0307
582.4841,196.6931,35.8851,37.8548
581.4628,199.5663,30.3607,41.8913
583.3036,196.1827,27.6533,43.6053
582.5196,192.4563,26.7949,43.3361
578.5330,188.7504,27.6088,40.7245
577.4385,188.0912,28.1347,38.9156
577.0074,187.0080,28.3656,37.6570
574.2717,186.9665,28.2750,36.6455
574.3634,187.0643,28.0954,35.9020
573.8223,186.3886,27.7052,35.5312
573.4434,185.9834,27.3929,35.2565
572.5720,183.8630,27.6443,33.7827
572.4773,184.2444,27.5669,32.9222
572.1822,184.0217,27.2685,32.4321
571.5525,183.6919,26.9258,32.2194
571.0967,183.9435,26.5675,32.0249
570.8961,184.2546,26.4603,31.3621
570.7012,185.0481,26.2299,31.1301
568.9557,186.0314,26.1994,30.6474
569.5402,186.0707,25.9856,30.4143
569.7672,185.7207,25.7465,30.1379
568.8715,185.2366,25.2839,30.0698
568.4606,184.7806,24.9035,29.7920
568.1391,184.2537,24.5529,29.5427
567.1863,183.6657,23.9478,29.7117
566.0771,185.3163,21.7714,31.9835
567.0168,185.5115,20.8304,33.6807
561.2704,181.4941,23.7186,31.0331
553.9091,181.9014,25.5058,29.7340
548.7458,181.9249,26.7100,28.7141
545.8050,182.4868,27.5778,27.6646
544.2943,183.2117,28.2446,26.6515
543.3677,183.6631,28.6024,25.8891
542.4305,184.0873,28.7810,25.0557
541.5041,184.2331,28.7855,24.4338
540.7273,184.2882,28.7250,23.8259
539.9550,184.5183,28.6444,23.2308
539.8184,184.0788,28.4310,22.7384
539.8701,184.0528,28.2578,22.3010
539.3022,184.8445,28.1154,21.8931
539.9738,184.9394,27.8624,21.5533
540.4774,185.7326,27.5100,21.3563
541.3779,186.4290,27.1955,21.1481
542.6549,186.6454,26.9095,20.9831
543.3696,187.4316,26.8400,20.6350
544.5742,187.9710,26.5619,20.4824
546.9840,188.1208,26.0544,20.4560
553.9120,188.6345,24.6008,20.8355
566.0872,190.0507,22.8483,21.4322
572.4930,191.2519,22.3476,21.3534
582.0934,190.6969,23.3304,21.0034
586.5103,191.4760,24.3146,20.8162
588.6174,192.1033,25.1366,20.8629
591.2756,192.9209,27.4380,19.5608
591.2408,193.5947,29.1194,18.8671
594.1271,194.7804,29.8428,18.7204
593.8484,195.6805,30.8816,18.5127
596.7514,196.3623,31.3452,18.6630
597.3587,197.0144,32.1335,18.7362
599.0938,197.0238,32.5868,18.8058
600.5704,197.2269,32.9210,19.0370
602.0856,197.7900,33.3037,19.2324
604.6038,197.7614,33.0154,19.5391
607.3666,197.7966,32.7699,19.7249
608.6750,198.2158,33.0043,19.8333
611.7571,198.3561,32.6729,19.9185
612.9097,198.8531,33.1018,19.8884
614.3867,199.2535,33.5263,19.9464
617.7772,199.8294,33.2014,20.1100
618.1505,200.2435,33.3389,20.1175
620.1148,200.3516,32.9978,20.1533
622.6974,200.7843,32.9436,20.1062
624.4352,201.4272,32.7908,20.0448
625.2917,202.0504,32.7065,19.9859
627.5043,202.8941,32.6864,19.9908
629.2382,203.2228,32.8162,19.9805
630.4058,203.5431,32.9660,19.9366
632.0765,204.0985,32.9974,19.9152
633.4324,204.8589,33.1557,19.9255
634.7419,204.9933,33.0116,19.8909
635.7056,205.2728,33.1563,19.8507
638.2556,205.7382,33.1923,20.0350
640.9818,206.8536,33.8886,20.0819
644.4030,207.7632,34.5238,20.1157
644.5814,208.5854,35.3239,20.2396
645.1786,208.8279,35.7175,20.3512
645.7459,208.9918,36.0331,20.4747
645.7972,209.4073,35.8525,20.7389
646.0338,209.6395,35.9283,20.9452
645.6464,209.7926,36.1049,21.1504
646.7658,210.0016,36.3815,21.2061
646.3207,209.6178,36.3867,21.1550
643.7125,209.8486,36.7766,21.1548
637.5850,209.5970,36.8782,21.2609
626.4683,210.0492,36.1075,20.9023
622.0154,212.9194,31.5626,24.5761
622.9267,212.6511,29.5783,25.7915
619.8005,211.0126,29.4122,25.6386
618.2911,211.4404,29.7075,25.4879
616.6767,211.6745,29.9503,25.5716
615.7238,211.4558,30.0070,25.7530
614.1711,211.1059,29.8846,25.7585
613.2626,210.4038,29.5276,25.9553
611.7056,209.4385,29.1869,26.2259
610.1589,208.9213,29.0732,26.2949
608.4147,208.3488,29.0048,26.3934
606.3594,208.1349,28.9042,26.4317
604.5273,207.7573,28.8404,26.3930
602.7680,207.2012,28.6221,26.5451
601.1779,206.9502,28.4536,26.5302
599.5146,206.5492,28.2329,26.7885
597.8542,205.7833,28.0465,26.8494
595.8135,205.6695,27.9533,26.6913
594.1107,204.9165,27.7389,26.8063
592.5967,204.5220,27.7101,26.5674
591.2407,204.2399,27.5740,26.4625
589.7950,203.5142,27.4339,26.6273
589.0330,203.0020,27.0329,26.7398
591.4586,204.1367,25.1913,28.5244
589.9390,200.5442,24.1890,28.5256
594.1169,197.9617,25.2654,26.5055
599.0196,197.6824,26.6064,25.3167
600.3107,197.5639,27.2488,24.1735
600.3839,197.4737,27.6267,23.1409
599.7205,197.8669,27.8342,22.4060
599.2701,198.2318,27.8426,21.8586
599.4096,198.2930,27.8048,21.5655
598.1682,198.5357,27.8359,21.3943
597.3643,199.2115,27.7590,21.1935
597.0140,199.0660,27.5705,21.0921
596.6083,198.6597,27.3867,20.9961
595.9876,199.0201,27.1255,20.8645
595.6155,198.6162,26.9518,20.7255
595.7084,199.1927,26.7595,20.6700
596.3350,198.5519,26.5344,20.6126
596.6243,198.7153,26.3409,20.5079
596.6394,198.7401,26.0370,20.4940
597.5884,197.9171,25.8876,20.4712
598.4685,197.3743,25.4927,20.5348
599.4794,197.3426,25.2724,20.5416
600.1809,197.5410,25.2225,20.5858
601.1328,197.3652,25.2645,20.5080
602.2169,196.9185,25.2770,20.3769
603.5104,196.9384,25.2800,20.3383
604.7925,196.6400,25.6965,20.2433
607.6973,196.9244,26.3264,20.3374
611.8423,197.1625,27.3552,20.4161
617.0513,197.4104,28.6153,20.6849
621.0424,197.5012,29.2238,21.1592
623.3101,197.3291,29.6568,21.6111
624.5880,197.0623,30.3442,21.8813
624.3741,198.0459,32.3207,21.1787
623.8303,198.5544,33.6649,20.9181
623.1245,198.7957,35.5287,20.7330
624.7149,198.8760,36.8680,20.7712
625.2617,198.9205,37.7030,20.9895
626.2390,198.3975,38.2047,21.0912
628.0418,197.9931,38.7797,21.2680
627.5526,198.5807,40.0781,20.9640
627.1647,198.2033,41.0965,20.8965
626.3428,197.7503,41.9903,20.8934
629.1738,181.8558,38.2811,24.7911
616.6719,177.2577,38.2927,23.6644
2
0
0
0
0
1
621.6135,197.5518,49.0406,33.3259
620.6862,197.7462,51.0646,33.5586
619.0381,197.3397,52.5919,33.6411
618.2943,197.2984,53.7922,34.0339
617.5303,197.6909,54.9449,34.4974
616.4617,197.9501,55.7643,34.8732
616.5334,198.0581,56.6075,35.4592
615.4544,197.5732,56.9102,35.8439
614.0927,197.3019,56.5794,34.8902
609.9899,197.1862,53.3305,34.7888
610.5814,205.0192,44.7593,43.2660
612.5777,207.4628,37.2971,51.9254
612.5867,203.6485,33.5335,56.7436
610.6641,198.5190,33.0425,57.5114
608.8377,196.2509,33.3219,56.9413
607.5209,197.8511,33.0992,57.3335
606.6547,196.3282,32.9681,57.1293
605.6241,197.5767,32.5087,58.0263
605.5433,196.4090,32.0521,58.0419
605.7613,195.6685,31.5837,57.8952
604.7385,197.8974,31.3867,58.1864
604.6838,196.3288,31.1317,58.2176
603.2289,198.0941,31.0592,58.6171
602.7975,196.2751,31.0774,58.4521
602.1072,195.1254,31.1764,57.6798
600.9670,197.2525,31.2555,57.7222
600.2415,196.4571,31.2309,57.1284
599.7033,198.4138,31.0767,57.4947
598.3281,196.3910,31.4497,56.9406
597.0496,197.5966,31.2746,57.4714
596.6995,198.6296,30.9969,57.8417
595.8625,196.5573,31.3074,57.2896
594.8276,197.9446,31.1227,57.7380
593.8183,196.3287,31.3853,57.2031
592.8566,198.3882,31.2677,57.6806
591.7532,196.8740,31.4789,57.3191
591.1750,198.3145,31.2371,57.6639
590.1971,199.2807,31.0178,58.2149
589.8350,197.3167,31.1852,57.7197
588.7570,198.8043,31.1155,58.2266
588.2539,196.8984,31.2910,58.0031
587.6663,198.9988,31.1503,58.5332
587.5100,197.2589,31.2269,58.3500
586.9437,199.0008,31.2615,58.6424
587.1812,196.8435,31.6083,58.1344
586.9731,198.7651,31.8082,58.1488
585.5065,195.2178,34.1425,54.4247
580.7424,196.6506,37.8204,50.0016
572.2135,197.7983,41.7259,46.5675
563.2364,199.5339,43.9059,44.1565
557.5945,201.6864,46.1156,41.6530
556.5972,203.1199,50.7641,37.2393
553.9347,204.9454,54.4622,34.3915
550.8406,207.1068,57.5775,32.6652
548.5842,208.5862,59.8902,31.5730
544.7917,210.0666,62.2538,31.1436
541.4509,210.7573,64.1415,31.1520
537.8994,211.5633,66.0751,31.3863
533.6522,212.1179,67.3891,31.8963
529.5728,212.3320,68.4978,32.5353
525.3253,212.7038,69.6444,33.0758
521.2791,212.6653,70.5935,33.6649
516.0176,213.0149,71.3351,34.3170
511.9940,213.4516,71.5514,34.7597
507.2561,214.0971,71.4388,34.9796
504.3180,215.4008,71.3884,35.1925
501.0948,216.4960,70.6805,35.5952
497.4027,216.8001,70.5828,35.8618
492.2529,217.4007,70.7115,36.0118
487.6456,217.5969,70.7880,36.2148
482.6419,217.5712,70.9201,36.4521
478.7772,218.3194,70.7444,36.6188
473.8372,218.8949,70.5697,36.8205
469.7394,219.2172,70.3132,37.0199
464.0606,220.6908,70.9494,36.9633
460.0730,221.6146,70.7473,36.8167
455.0179,221.9725,71.2713,36.8836
450.3708,222.8716,71.8981,36.7769
447.1576,223.3178,71.5432,37.1680
443.0966,223.6275,71.3576,37.1526
439.7576,224.3612,70.9603,36.9136
436.4348,224.2706,70.1853,37.0694
433.9225,224.4749,69.4988,36.8218
431.8946,224.5112,68.5850,36.6763
430.0969,225.2446,67.2477,36.4176
431.0337,226.0389,64.8870,36.2503
432.8156,231.0154,59.1969,39.4873
433.3354,231.5366,54.2621,41.8239
434.4201,231.6895,50.2389,43.6390
433.5937,231.4519,47.0337,44.3720
433.4539,231.7793,44.8503,44.3233
432.7236,232.1068,43.1587,43.8678
432.2751,232.0575,41.8866,43.2069
431.9739,232.9509,41.0113,42.1884
431.1114,233.7366,40.1449,41.3377
431.2531,234.4717,39.4539,40.3259
430.4071,235.2380,38.8302,39.2966
430.7501,236.1471,38.4630,38.2207
430.2842,236.8098,37.9918,37.3200
430.1034,237.4515,37.6816,36.4286
429.9758,238.0866,37.4309,35.4849
429.5806,238.4234,37.1929,34.6493
429.6895,238.7259,37.1451,33.8174
428.9405,240.0859,37.4065,32.9940
426.8716,240.3027,38.5996,32.0800
421.1971,240.3031,42.5428,30.2745
415.0837,240.5409,47.8164,28.2488
410.6054,241.1884,52.0658,27.3165
408.0618,241.9586,55.4425,27.0363
405.4909,243.0154,58.1133,26.7905
405.8378,243.7728,59.8748,27.3736
404.3595,245.3543,61.9117,27.8552
403.3932,245.8343,62.6227,28.8461
402.7680,247.6773,63.8994,29.4501
401.5839,249.5716,64.9232,29.9876
400.3822,250.5085,65.6764,30.8112
399.4993,250.6132,66.2122,31.4566
397.5888,251.3092,66.7881,31.9256
396.6979,252.5950,66.9401,32.2518
396.3324,252.8597,66.6738,32.7113
397.0695,253.5809,65.7388,33.0066
400.3642,254.3295,63.8603,33.0488
404.1867,255.5366,60.7222,33.0176
407.4120,257.6392,55.6552,35.6076
410.2996,258.5188,51.2027,37.6846
412.7915,258.3332,47.9120,38.6316
414.7230,258.4003,45.6704,38.7651
416.2004,258.7185,44.1059,38.3133
416.6316,259.3242,43.1916,37.6180
417.8695,259.8570,42.4131,36.8563
419.0412,259.8390,41.7055,36.0681
419.9218,260.1481,41.3523,35.2906
421.0833,260.9755,41.0913,34.3523
421.7697,261.4752,40.9042,33.4840
422.4980,261.1533,40.8795,32.7613
420.7734,260.6109,41.9848,32.0443
416.6857,260.2498,46.5410,29.7074
409.5011,259.4467,51.4143,27.9883
407.5089,259.2976,54.5714,27.4120
408.1095,258.8228,55.2521,27.7918
410.3581,258.3546,55.3692,28.2331
410.6737,257.8275,55.5282,28.4338
410.9327,258.0219,55.4550,28.2349
411.6931,257.8529,55.4244,28.2912
411.1854,257.4419,55.9647,28.1567
412.0790,257.0974,56.1087,28.2147
411.6360,257.2240,56.6542,28.3289
413.0982,257.7377,56.9958,28.2964
413.1936,257.8920,57.2650,28.4560
414.5820,257.9488,57.4902,28.6622
416.5388,258.3665,57.4212,28.8257
418.5111,258.3023,57.7565,29.0313
420.2979,258.1578,58.0516,29.2244
422.5048,257.9952,58.3205,29.4606
424.2806,257.5511,58.3759,29.7581
426.3280,257.6705,58.6718,29.7575
429.0825,257.3009,58.5920,29.8391
432.1086,256.9633,57.9469,30.2004
437.3535,255.9578,56.4017,30.2947
444.6628,258.0107,51.3787,33.6833
453.9202,261.4011,45.5859,39.6463
461.2095,258.0345,38.9778,45.5423
467.3886,258.5749,32.8722,52.2485
473.1453,255.1145,28.7171,56.8785
477.8235,253.1951,25.9001,59.9092
482.7210,252.6446,24.1038,62.7184
486.0207,249.3619,23.1872,64.0213
489.2804,246.8033,22.7138,64.7822
493.3531,244.6885,22.3502,64.8544
497.0840,245.3555,21.8254,65.9856
500.4091,243.4443,21.8324,65.9761
503.8245,242.0835,21.7210,66.0528
506.7874,243.7191,21.6142,66.6827
510.3673,241.2355,21.6034,66.5777
513.5942,238.9830,21.6602,66.2512
517.3391,238.7723,21.7933,66.0114
520.4145,236.5780,21.9481,65.3042
524.1189,235.0530,22.0546,64.9458
527.2949,233.2193,22.2675,64.3246
530.8842,233.7215,22.3381,64.4270
534.2468,231.6655,22.0983,64.5680
537.8721,229.5602,22.0492,64.5678
540.5389,228.3279,22.1176,64.4999
544.2849,226.9154,21.9378,64.4034
546.2962,225.2416,22.4879,63.8367
548.6662,225.3927,22.8184,63.8232
550.5740,225.2280,23.0719,63.6779
552.6454,220.9520,23.7574,63.1978
551.8041,216.2268,27.0882,58.6397
547.7938,212.1099,32.6754,51.7321
541.2137,212.9730,38.1451,46.5425
536.3153,214.1379,42.3198,42.9697
534.9038,214.0091,45.4246,40.6243
534.7919,212.9031,47.8934,39.0778
535.3729,211.7001,49.5264,38.0969
538.1245,209.6152,53.7633,35.0999
538.8748,208.3546,56.8971,33.2406
538.2662,207.6671,59.2060,32.0707
538.4473,206.7024,60.6856,31.5305
538.7681,205.0029,61.5082,31.3809
539.2452,203.6917,61.9078,31.5479
540.1992,202.1359,62.1896,31.7056
541.4470,201.0272,62.3477,31.7287
540.9003,199.6851,63.0827,31.7562
542.0048,198.1518,63.1972,31.9876
541.8113,196.9046,63.4787,32.1268
542.0206,195.5940,63.3896,32.3782
542.3878,194.4989,63.2235,32.5878
541.8327,193.1991,63.0356,32.6490
542.4084,191.2943,62.8303,32.7045
543.0457,189.9852,62.7365,32.6235
543.2132,188.0397,62.7229,32.6554
542.0508,186.5674,63.0910,32.7666
542.4401,184.2572,62.9100,32.8165
543.1921,182.6933,62.6492,32.8342
543.5232,181.0063,62.7067,32.8275
543.8339,179.0157,62.6843,32.8652
544.9506,176.5679,62.1622,33.0505
548.0182,173.6469,60.5564,33.1351
554.8044,175.5079,54.6015,37.2179
561.4355,176.9936,45.3692,45.0326
565.7839,178.5573,37.0678,53.9888
567.8640,173.8914,32.0458,59.4426
571.1045,169.0602,29.1311,62.9130
570.9426,165.1586,27.2439,65.0981
571.9198,162.9536,26.1844,65.7051
571.8900,160.9428,25.4774,65.9781
572.2365,159.0531,24.9626,66.0630
572.6016,157.9572,24.4529,66.0228
572.1645,156.6603,24.0427,65.9776
572.0416,156.0100,23.7242,65.8847
571.9160,154.6168,23.4440,65.8225
571.3337,153.7893,23.0533,65.9338
571.1644,152.6175,23.0547,65.7088
571.3859,151.7674,22.9642,65.4703
569.9803,150.8794,22.8413,65.2911
571.3630,149.3543,22.9020,65.1761
569.4556,148.4354,22.6064,65.2472
568.8448,147.4751,22.5562,65.0809
568.3033,146.2470,22.1742,65.3273
567.6556,145.4652,22.0177,65.1782
566.9573,144.5412,21.8193,65.0772
566.0919,143.5930,21.6038,65.0008
565.4722,142.8300,21.4884,64.8378
565.5269,142.3371,21.2973,64.9438
565.0781,142.2800,21.1415,64.7926
564.6436,141.1397,21.1770,64.6060
564.1633,140.7024,21.0874,64.3415
563.4480,140.0328,20.8199,64.4263
563.0494,139.0717,20.8791,63.9186
564.2975,138.5953,21.0449,63.7879
563.4623,138.5707,20.8025,63.8221
562.5692,138.6172,20.6812,63.6396
561.7921,137.8452,20.5380,63.5802
561.4785,137.6683,20.4949,63.5871
562.9663,136.8442,20.5284,63.5634
561.0436,137.0888,20.6765,63.1128
561.0472,136.4238,20.3904,63.2421
561.1684,136.8691,19.8803,63.5100
560.1244,136.4198,20.4845,63.0511
551.8732,125.6539,26.9217,55.0038
537.7748,128.5585,33.1838,48.3257
530.7918,131.3056,38.7106,43.4659
526.6641,133.2543,42.5842,40.2503
524.2652,134.9205,45.1952,38.1697
522.5601,135.4235,47.3845,36.9188
521.5140,135.3943,49.0091,36.1808
520.6818,136.1740,50.3229,35.6814
521.0751,135.7171,54.1447,33.4005
519.5684,135.9677,57.4414,32.1072
517.4276,136.4848,60.2117,31.4246
516.1992,136.4918,62.1987,31.0855
515.0317,136.0910,63.4845,31.4450
514.3422,136.1156,64.7026,31.6384
514.1401,135.6288,65.4332,31.8879
513.3444,135.1888,65.7935,32.3876
513.4931,134.8203,65.9647,32.7430
513.1596,134.7118,66.1325,33.0633
512.2644,134.3518,66.8797,33.2502
512.5185,134.5346,66.9629,33.4850
511.4768,134.3006,67.2089,33.6759
511.9420,134.2413,67.0083,33.6982
511.8420,133.9785,66.9528,33.8352
511.1002,133.3247,66.8872,34.1030
512.8196,132.9013,65.7083,34.4450
517.2749,132.1459,63.2692,34.7794
525.9187,135.9358,56.2589,39.6219
532.7636,138.7810,47.0188,47.7555
536.0037,141.9953,38.5927,56.5011
538.8040,138.8757,33.0020,62.0394
540.9489,136.1242,29.1286,65.9355
542.2575,134.6447,26.5861,68.1916
542.4926,133.2831,24.6322,70.0006
543.2438,132.6201,23.3873,70.9366
543.1339,132.3809,22.3871,71.5004
545.1818,131.7122,21.7807,71.9118
544.3286,132.0779,21.1878,72.2504
543.6432,131.8504,20.8885,72.1065
543.5513,131.6495,20.5880,71.8101
543.7358,131.5108,20.4093,71.4495
543.0851,131.7913,20.3290,71.1646
543.1830,130.8119,20.2332,70.6916
542.5637,130.7802,20.0005,70.3675
542.7628,130.8354,19.7648,70.0216
544.6473,130.2719,19.6732,69.7203
542.7156,131.4394,19.2461,69.8154
542.8137,131.1695,19.1546,69.2228
542.4626,131.1085,19.0203,68.9255
542.6082,131.0040,18.8751,68.6236
541.9970,130.7529,18.8999,68.2038
544.1031,129.5279,19.0748,67.7861
542.4952,129.8561,18.8167,67.5380
542.6011,129.3280,18.7505,66.9197
542.2824,128.8501,18.7827,66.1951
542.0852,129.0061,18.7358,65.8283
544.0114,128.0314,18.8661,65.3161
543.3293,128.7874,18.6638,65.1887
542.0297,128.3897,18.7517,64.8330
541.4943,128.1073,18.6249,65.0508
541.0822,127.5511,18.5987,64.8537
540.8551,127.6365,18.6038,64.7461
540.4162,127.5394,18.5207,64.4146
540.0238,127.2603,18.6994,63.9434
539.6212,127.1417,18.6865,63.8237
540.0706,127.2709,18.6025,63.7142
539.9562,126.6598,18.6761,63.5476
539.8452,126.6467,18.6260,63.5403
539.2192,126.3027,18.6773,63.3425
540.6718,124.9871,18.4258,63.7135
539.4482,125.5481,18.3677,63.6207
538.6265,125.8931,18.4003,63.6605
538.3865,125.0657,18.5515,63.4815
537.6223,124.7605,18.6748,63.2729
538.8068,124.5134,18.7658,63.3307
537.7502,124.6570,18.5206,63.5965
537.6498,123.5818,19.0719,63.1049
537.3652,120.5511,21.2821,60.3681
536.4761,116.6947,25.1191,54.9910
537.5159,117.8409,30.9132,48.9675
538.1036,119.1425,35.3976,43.9322
538.2994,120.4745,38.5000,40.6997
537.8225,120.5204,40.5834,38.5772
538.0419,121.6460,41.6344,37.1300
537.4119,121.3489,42.5473,36.0805
538.1663,120.7246,42.6871,35.4523
537.9833,121.0511,42.9544,34.8951
537.8504,120.4903,42.9598,34.6487
538.1905,120.3325,42.7710,34.3471
538.0279,120.6922,42.5914,34.1799
537.0311,119.5110,42.2713,34.2909
536.8712,119.3490,41.7505,34.2286
535.6734,118.7199,39.7253,34.9666
532.4535,123.1632,33.4752,41.7159
533.7921,121.0314,30.9780,44.8846
525.4901,113.8740,34.4798,41.5847
515.7745,112.7625,38.7966,38.6255
512.7065,112.5227,44.7266,34.8213
510.4827,112.9565,49.5780,32.4203
509.3673,113.2329,53.0658,30.9842
507.8061,113.4494,55.7767,30.1387
506.7650,113.2512,57.4621,29.8291
506.1111,112.6949,58.7752,29.8393
505.6139,112.2436,59.5864,29.7633
505.2364,111.9594,59.9094,30.0497
504.9993,111.7472,60.4469,30.1748
504.2778,111.1622,60.7656,30.6517
504.0320,111.0288,60.8930,30.9385
502.9480,110.2670,60.4270,31.4563
502.8113,109.8004,60.4365,31.5971
502.2917,109.7612,60.6510,31.5019
501.8720,109.3805,60.6281,31.4584
501.3326,108.9881,60.6395,31.5267
501.7198,108.6541,60.9075,31.4295
500.3979,108.3805,61.0208,31.5041
500.8785,107.9961,61.1493,31.6055
499.3325,107.7832,60.9863,31.6746
499.9715,107.3612,60.7733,31.7562
500.7249,107.3977,59.7416,32.0409
503.1579,109.5657,55.1884,35.1372
512.6758,115.2285,46.9215,43.2438
516.5472,117.7836,38.5569,52.2002
520.7679,108.8470,35.9207,54.5788
523.0997,100.7428,37.7060,50.4281
523.3481,101.7225,39.7957,45.9502
522.2244,103.5942,41.2437,42.4143
521.7943,104.7169,41.8276,40.1850
520.4410,105.3052,42.0302,38.5332
519.8737,105.7769,41.9978,37.1847
519.6909,106.2875,41.6684,36.1017
519.7992,106.0468,41.2358,35.3521
518.5287,106.4440,40.9240,34.6839
518.5654,106.7668,40.5601,34.1155
518.2378,106.7147,40.0944,33.5204
518.0561,106.5244,39.6910,33.0870
517.9643,106.0628,39.3748,32.6714
517.8730,106.9819,38.8904,32.1935
517.7510,106.8369,38.6687,31.8523
517.4445,106.5023,38.5297,31.5434
517.4467,107.0934,38.1946,31.1950
517.5069,106.3266,38.0753,30.9983
517.4489,106.8021,37.7276,30.6132
517.1567,107.2333,37.4931,30.1795
516.8165,106.8090,37.1932,29.9691
516.7883,106.8782,36.8542,29.7490
516.8721,106.8721,36.4565,29.5870
516.6827,107.0979,36.1566,29.1592
515.8749,106.5700,35.4278,29.0077
513.2079,107.3042,32.9192,30.1622
514.4125,115.2897,27.7975,36.2038
507.3157,103.9082,32.0986,31.4473
493.5234,104.8909,34.1425,29.3508
490.0826,106.4923,38.1999,26.5783
488.6016,108.5346,41.6689,25.0453
488.3876,109.8545,44.6730,24.1595
488.7104,110.9102,47.7789,23.6077
489.0030,111.0285,50.3924,23.6458
489.4034,111.2698,52.0628,24.2205
489.3563,111.0233,54.2381,24.5525
489.6497,110.9556,55.9302,25.0198
490.2750,111.6325,57.5386,25.3203
490.3401,111.6526,59.1735,25.7638
489.8173,111.7452,60.8127,25.9691
489.4905,111.9651,61.9239,26.2590
490.0294,112.3105,62.8135,26.6321
490.4804,112.7336,63.4897,27.1090
490.7049,112.6965,63.9848,27.6374
490.5659,113.0898,64.6181,28.0198
492.0837,112.7178,65.3182,27.8944
491.9487,113.0217,65.3860,28.2877
492.6585,112.9152,65.7219,28.1907
492.8669,113.5924,65.6318,28.6088
494.3874,113.2449,66.1054,28.6353
494.3609,113.9064,66.6531,28.4885
495.6702,114.1750,66.8348,28.3718
496.4387,114.0721,66.8390,28.6639
497.5626,114.2958,66.9873,28.5931
497.7900,114.7612,66.9161,28.5528
499.2366,114.8413,67.1762,28.7745
500.4236,114.9283,67.1722,29.0208
501.0032,115.0559,67.4378,29.0260
501.3672,115.8815,67.1247,28.9777
501.4163,116.9267,66.8802,29.0412
501.7683,118.0130,66.7962,28.9319
502.9405,118.7602,66.7907,28.6647
503.4281,118.9060,67.0308,28.6722
503.4406,119.2539,67.2289,28.5537
503.7386,119.6300,67.4222,28.6910
504.2979,120.3387,67.4233,28.6260
504.4731,120.6656,67.3426,28.6328
504.2537,120.6191,67.3739,28.7581
504.3197,120.7998,67.2696,28.8194
505.4536,120.9550,67.2230,28.8973
505.7680,121.3106,67.2323,28.8113
505.3591,121.5081,67.0066,28.7342
506.2908,121.7398,67.3428,28.8396
506.2251,122.2219,67.3097,28.7668
507.7033,122.5908,67.3937,28.9795
508.4261,122.4944,67.3373,28.9473
507.7536,122.7242,67.2652,28.8351
508.6447,123.1532,67.2714,28.7810
508.9710,123.3312,67.2604,28.7351
510.1610,123.7398,67.3458,28.5291
510.0219,124.4819,67.2853,28.3184
510.6602,125.0266,67.2550,28.1500
511.8647,125.6719,67.0973,28.0462
513.5074,125.3414,66.9777,28.2798
513.4311,125.6064,67.0050,28.1607
514.2658,126.1864,66.9933,28.2672
515.7911,126.2973,67.1272,28.4154
517.1613,126.4187,67.3860,28.6250
517.4747,126.5072,67.1986,28.5384
517.9288,126.9798,67.2364,28.4667
519.3062,127.4549,67.6563,28.3843
520.8885,127.6090,67.8037,28.5946
521.8961,127.5657,67.7349,28.4491
521.5325,126.5637,67.6963,28.6011
525.5745,125.3232,64.9231,30.1501
533.6038,129.3001,58.1936,35.0736
543.6460,137.9254,47.7613,44.9789
547.5977,133.3979,39.4463,53.4093
553.0709,125.4609,36.2203,55.7532
554.9230,123.6663,34.9971,56.0057
556.2955,123.1638,34.5102,55.5791
556.9574,122.3149,33.8129,55.3695
557.3184,122.0780,33.5267,54.6642
557.6648,123.0130,33.3151,54.0319
558.8029,123.2146,33.0548,53.6357
558.6548,123.3204,32.8432,53.0745
559.1033,123.1306,32.7240,52.5462
559.4865,123.0391,32.5550,52.0194
560.0722,123.0062,32.3174,51.6647
560.5200,123.6097,32.1301,51.1464
560.0039,123.2369,31.8694,51.0765
561.1198,123.6517,31.5490,50.9328
561.3628,123.4062,30.9355,51.0611
561.9772,123.2744,30.2174,51.2980
562.8941,125.8566,27.4392,54.3195
566.8680,125.3157,24.9990,57.0770
556.7094,114.3833,31.2037,49.8164
545.8508,117.8351,37.5251,44.3992
540.9012,121.0435,42.6570,40.4335
540.0036,122.0542,46.2153,38.1760
541.6849,121.9684,51.5274,35.1388
541.5762,122.7355,55.8354,33.2737
540.8123,122.8908,58.7208,32.1457
540.6695,122.4729,60.7144,31.7579
540.5469,121.9733,62.1209,31.4974
541.2832,121.0828,62.7898,31.4652
540.8409,121.3817,63.3512,31.5235
540.9540,121.1726,63.7949,31.6817
540.4923,121.1805,63.8180,31.9772
540.6600,120.6690,63.9658,32.2575
540.5923,120.7227,64.0503,32.4253
540.4205,120.7783,64.1069,32.5264
540.3646,120.8797,64.4118,32.6349
541.0832,120.4557,64.4474,32.5755
541.0784,120.6874,64.4374,32.5044
541.1378,120.8497,64.5135,32.4364
541.0801,120.8727,64.4805,32.5172
541.2781,120.8219,64.4982,32.6550
542.4058,119.4444,63.7431,32.8174
546.7097,117.3915,60.8266,33.2386
556.5220,130.8126,50.3504,43.0503
561.9966,126.1524,42.0359,50.2617
567.1898,116.5686,41.7345,48.2894
568.1705,115.2163,43.4365,45.1073
568.6460,116.4937,44.9297,42.4308
567.4986,116.8760,45.8003,40.2219
566.7032,117.7999,45.9529,38.5120
566.3562,118.1948,45.7263,37.4884
565.7368,117.5838,45.2555,36.7499
566.1212,118.2771,44.4865,36.0378
566.2606,118.1159,44.0203,35.4910
567.0379,118.0051,43.5846,35.0163
566.9720,118.0928,43.4232,34.5207
566.9848,118.0241,43.2741,34.1617
566.5196,118.3641,43.2306,33.7705
566.4650,118.1062,43.0197,33.5638
566.9885,118.1871,42.6437,33.4194
567.1088,118.7003,42.3458,33.1963
567.9691,118.6588,41.9488,33.1570
567.7761,118.2881,41.9057,32.8538
568.0913,118.5640,41.6225,32.7663
567.9247,118.0155,41.5886,32.7678
567.6174,118.6354,41.5745,32.6763
568.3383,118.4581,41.2256,32.9339
568.3313,117.9896,41.1758,33.0537
568.5388,118.2551,41.1983,32.7545
568.7546,117.8842,41.2366,32.9200
568.8182,117.3038,41.4224,32.9011
569.8216,117.7428,41.9434,33.0252
570.1561,119.0661,43.5382,33.0142
570.9624,120.2049,45.5768,33.1689
571.4617,120.7536,47.5838,33.1694
570.8392,120.8203,49.0169,33.3734
570.7490,120.8648,49.8230,33.7562
571.6304,119.8369,49.8876,34.4483
572.7227,119.2691,50.4115,34.5210
572.9608,119.6280,51.0186,34.5716
573.6101,119.0757,51.5235,34.7997
574.5518,120.0039,51.6130,35.0415
574.5964,119.1518,51.5180,35.2568
576.6208,119.3968,51.2809,35.5009
576.3541,118.2038,51.5715,35.6143
577.5028,118.9726,51.3350,35.8361
577.9305,118.7752,51.3815,36.0221
577.9252,117.9518,51.5021,35.9221
577.8033,118.0842,51.5169,35.7877
577.6609,118.1197,51.5644,35.6387
578.2929,118.5991,51.5313,35.5609
577.6248,117.6852,51.7656,35.5209
578.5308,117.8893,51.6389,35.5941
577.8584,118.0036,51.6879,35.4945
578.4596,117.3139,51.3163,35.6315
578.2111,116.2956,49.7666,35.6622
574.9610,115.9150,44.7796,38.2488
577.7786,124.3510,36.6575,47.4522
571.9799,111.2311,38.3789,44.9484
563.6716,108.7318,44.7261,39.5287
560.4504,110.2150,50.0068,36.0367
558.5880,111.4632,53.5283,33.8068
558.0750,111.7558,55.9197,32.5667
557.8671,111.9693,57.6091,31.9835
557.4325,112.6972,58.9516,31.5730
557.8113,112.8784,59.6941,31.6585
557.7573,112.7188,60.3305,31.6002
558.2689,112.8251,60.8032,31.9236
558.1978,113.0392,61.0960,32.2080
557.4934,112.8478,61.3901,32.3688
557.0715,113.2343,62.1100,32.6251
555.9040,113.5342,62.8917,32.9967
554.3486,113.7446,63.6896,33.0667
553.7507,114.3603,64.4041,33.3485
552.1357,114.8590,65.1462,33.9322
551.6746,114.8361,65.9030,34.1666
550.3079,114.8125,66.5132,34.5342
550.1748,114.5144,67.0290,34.9144
548.0804,114.4437,66.8581,35.1810
548.7087,113.6978,66.7025,35.3785
548.5240,113.9892,66.5748,35.4000
547.4176,114.0821,66.6404,35.4950
547.5245,113.8104,66.6916,35.5151
547.4359,113.5926,66.8972,35.5122
547.2567,113.9919,66.9015,35.4067
546.8273,114.0143,67.2234,35.5961
547.1124,114.3052,67.0265,35.7819
547.5004,114.0848,67.1817,36.0093
547.5132,114.1650,67.3218,36.0613
547.8881,113.9371,67.4052,36.2152
548.6057,113.0603,66.6466,36.2806
555.4443,114.2640,61.4758,39.7024
564.7960,118.4433,51.4012,48.8546
568.5641,119.9456,42.0788,58.1630
572.8762,111.6957,38.8776,60.1950
574.4994,108.6276,38.0096,58.9262
574.0382,108.3121,37.1809,58.4846
573.6061,108.1783,36.5081,58.0909
573.3446,107.9255,35.8850,57.7602
573.2704,107.8401,35.6953,56.9186
572.6623,107.8699,35.5206,55.9626
572.5941,108.0880,35.4189,55.1738
572.1008,108.3036,34.9176,54.8439
571.5798,110.9702,31.9901,57.1824
572.2336,113.9787,27.3824,62.5559
562.2090,102.1246,32.8590,56.0277
551.5205,101.6407,42.0998,47.2872
547.3665,106.5786,49.7260,41.3340
543.9784,108.6811,55.3016,37.6784
542.5585,109.6206,58.8851,35.1856
541.7525,109.8920,61.2789,33.4064
540.9445,109.7403,62.9042,32.9345
540.0754,109.7199,63.8180,32.6639
539.8615,110.1452,64.5119,32.5635
539.4745,110.0406,64.6538,32.4295
540.4529,109.8757,64.5837,32.3215
539.8698,109.6623,64.6976,32.2723
539.5057,109.7659,64.7961,32.1474
540.1563,109.7116,64.6316,32.0358
540.2030,109.4253,64.5963,32.0344
540.3611,109.6746,65.0548,31.9448
539.9321,109.4529,64.7065,32.0115
540.3555,109.0593,64.7005,32.2211
545.3321,107.2057,61.4738,32.4133
556.0325,118.1545,51.0602,42.4314
560.3882,119.7576,42.1233,51.6760
567.4270,106.4441,41.4890,50.4565
569.3194,103.2941,42.3350,47.3025
568.0176,104.6482,43.2615,44.2065
567.7026,104.7871,43.7071,41.6549
567.9261,105.0892,43.7665,39.8034
567.5874,105.6039,43.5520,38.4916
567.9483,105.5947,43.1521,37.3177
568.1652,106.2565,42.8712,36.4415
567.7386,106.2150,42.6601,35.6862
567.8485,105.8468,42.2885,35.1569
568.1489,106.5425,41.9579,34.4487
568.3116,106.1846,41.6779,34.1823
567.9747,105.8602,41.5326,33.6884
568.0881,106.3361,41.2477,33.0547
568.2314,105.9021,41.0124,32.8350
569.0215,105.7828,40.7121,32.6074
569.3114,106.2568,40.5172,32.2057
569.3644,106.3328,40.3529,32.0175
568.9335,106.5962,40.2530,31.9006
569.4814,106.6366,39.8070,31.7921
569.3726,106.5308,39.5820,31.7475
569.6624,106.6035,38.9177,31.5228
569.3793,105.8087,37.6400,31.5293
569.1034,112.9514,31.0207,38.7493
565.3996,103.8731,31.9219,36.9701
552.5246,103.2365,35.3918,34.0581
548.3163,104.7247,40.3981,30.5102
547.1019,106.0939,45.0347,28.3120
546.4022,106.9672,49.1324,27.1149
546.6252,107.2311,51.9085,26.6149
547.3023,107.6324,54.3443,26.5075
547.2982,108.0147,56.2215,26.7657
546.9417,108.0794,57.5617,27.4098
547.5040,108.3190,59.1405,28.0385
546.8279,108.0771,60.4970,28.6974
546.0398,107.9938,61.5240,29.2079
545.8416,107.7853,62.5190,29.6892
545.7036,108.1548,63.2112,30.3054
545.5629,108.2388,63.9834,30.8685
545.0844,108.4078,63.9632,31.2802
544.4765,108.3149,64.4104,31.7133
543.5710,108.3855,64.6459,32.0397
543.7443,108.5205,64.6163,32.3160
542.8129,108.5344,65.0248,32.5715
541.9663,108.0275,64.8043,32.8141
541.1982,108.3660,65.1916,32.7125
540.5108,107.8969,65.6352,32.6747
542.9702,106.2213,64.4543,33.1310
551.0953,109.7296,57.9406,37.6292
559.9472,112.9528,48.0636,47.1407
562.4708,115.5164,39.0099,56.9943
565.1168,111.7972,32.6568,63.3673
566.7242,109.8896,28.1439,68.1115
569.4540,109.5966,25.2033,70.8252
569.7467,107.9891,22.8134,72.9097
570.3519,106.9235,21.3130,74.1001
573.2211,106.7796,20.4627,74.1226
572.0133,106.9461,19.5922,74.1327
571.9302,105.7164,19.3123,73.7085
571.9128,105.4398,18.8505,73.4142
572.2944,105.5810,18.8239,72.5730
572.5114,104.7838,18.5534,72.2472
572.8108,104.8024,18.6123,71.3439
572.8950,105.0400,18.2684,71.1036
573.1415,104.6058,18.1524,70.5343
573.5299,104.3304,18.1127,69.7747
573.9269,105.7187,18.0252,69.9990
573.7025,105.2841,17.9400,69.4740
574.0958,105.6923,17.7934,69.4511
575.1080,105.4508,17.8180,69.0940
576.8074,104.7989,19.5211,66.6475
579.0898,97.6365,26.0581,58.4835
579.6331,98.5452,33.6576,51.3279
578.9040,102.3354,39.5161,45.9127
577.3845,103.9169,43.6000,42.1379
576.5336,104.7199,46.0747,39.8871
576.6393,106.0624,47.2159,38.6042
576.6221,106.2805,48.1474,37.5577
576.7665,107.1297,48.9105,36.6212
577.1353,106.6234,49.5552,36.0085
577.6406,107.2464,49.7370,35.6441
578.1309,107.9679,49.7876,35.3257
579.1411,107.7572,49.9405,35.1613
579.3315,108.5223,50.2855,34.9120
579.1077,107.9589,50.5094,34.9300
579.8522,109.1137,50.6252,35.0420
580.2343,108.4749,50.6568,35.3762
580.9908,108.6199,50.6803,35.6498
581.1269,108.9398,50.8931,35.4593
580.6156,108.3943,51.0667,35.5317
581.1386,109.0712,51.0760,35.6726
580.7833,108.6595,51.1868,35.7558
581.1319,108.8655,51.1044,35.8076
581.2568,107.9032,50.7850,35.9091
581.0624,106.3024,48.5033,36.0690
577.9805,113.0494,40.1724,44.3866
577.3904,108.7608,37.3084,47.3101
570.0762,103.4326,41.5670,43.7349
564.1870,100.7769,48.4458,38.5710
560.2399,103.0822,53.3034,35.1373
559.8986,104.3436,56.8754,33.2410
559.1760,105.4719,59.4258,32.1370
559.0693,106.5809,61.3458,31.8232
559.1149,106.5863,62.3855,32.0511
558.5428,106.4583,63.1130,32.3316
559.4465,106.5842,63.5703,32.5577
559.1414,106.9153,64.2550,32.5943
559.0216,106.8718,64.5542,33.0136
558.6180,107.0678,64.8432,33.2444
558.7471,106.9350,64.8446,33.4135
559.2940,106.5711,64.9538,33.6031
558.7668,106.8064,65.1563,33.6219
559.3374,106.7514,65.4760,33.7577
559.3416,106.5904,65.6998,34.0555
558.9379,106.8157,65.6968,34.0315
560.3439,107.0729,65.4763,34.0388
560.2186,107.0986,65.4067,34.2384
560.2501,107.0003,65.3012,34.6165
561.5948,106.7959,65.1926,34.6458
565.6536,105.2923,62.8043,34.9250
576.1926,114.5674,52.2410,44.4052
583.3926,113.7226,44.0471,52.0541
588.9143,102.6683,43.9585,50.4628
590.5822,101.2523,45.7716,47.0888
590.4284,102.1473,47.2420,43.8868
590.7667,103.5929,47.8228,41.3085
590.4752,104.5445,48.0656,39.6814
591.0089,104.3180,47.9832,38.4440
590.9990,104.2589,47.8326,37.4588
591.4938,104.6989,47.6725,36.6189
591.4273,104.8159,47.4608,36.2342
592.3857,104.1372,47.1620,35.8087
592.9369,104.2304,47.0092,35.3517
593.9635,104.6164,46.8071,35.1681
594.1770,104.7075,46.6587,34.9732
595.3518,104.4312,46.2886,34.9388
596.6749,104.7243,46.4267,34.8406
597.3426,105.2390,46.8743,34.6705
597.8038,105.0387,47.4439,34.5510
598.3362,104.8874,48.1746,34.4606
599.9257,103.6951,48.7031,34.4889
601.4048,104.1707,49.7322,34.5148
602.5757,104.5604,51.1911,34.6140
602.7525,104.5725,52.0671,34.7066
602.9551,104.4727,52.8579,35.1249
603.7544,104.3522,53.2822,35.4717
605.0986,104.4475,53.7999,35.8528
605.0427,104.6992,54.1487,35.8977
605.8461,104.5817,54.4749,36.1536
606.1985,104.3320,54.6165,36.5405
606.2423,104.4930,54.7591,36.8236
606.4188,104.3490,54.8296,36.8926
606.9750,104.0953,54.8124,37.0047
606.5380,104.0256,55.0529,37.0199
606.7873,104.3350,55.0082,37.2041
607.0049,104.5616,54.9349,37.3021
607.9301,103.7622,54.6727,37.4850
608.5673,103.2113,54.3485,37.3744
608.2570,101.5288,53.6454,36.1398
603.5654,107.4171,45.3206,43.1395
604.6010,108.6718,39.4453,48.6429
598.6704,97.7997,42.4378,44.6565
594.4121,98.2446,48.3764,39.9243
591.8867,100.3149,53.0752,36.5530
589.9952,101.9384,56.5589,34.6350
589.7662,101.7960,58.5393,33.6971
589.7785,101.4353,59.8699,33.2707
589.7532,101.0215,60.9029,33.0258
589.4252,101.2166,61.4073,32.7233
589.4128,100.9497,61.9366,32.6381
589.0396,101.0005,62.5622,32.6767
589.1850,101.4323,62.9590,32.6399
588.8677,101.4503,63.1665,32.6648
588.8475,101.3210,63.4197,32.6897
588.3470,101.1157,63.8015,32.8241
589.3525,100.9983,63.8829,32.7967
588.0515,100.8971,64.0161,32.7666
588.9398,101.1778,64.1138,32.7764
588.4313,101.4090,64.2295,32.7348
587.9615,101.7051,64.4322,32.8774
587.9562,101.7781,64.3587,33.0639
587.8956,101.8899,64.4534,33.1123
587.7515,101.8435,64.7048,33.1585
587.1276,101.5217,64.8309,33.2752
587.2845,101.1996,64.7992,33.3894
588.8148,100.8430,64.1624,33.5032
591.1793,100.2916,62.4132,33.8105
598.6918,103.0047,55.6582,37.8153
606.7054,108.2601,45.4948,47.6100
612.5255,96.7492,44.3285,46.9050
613.8772,95.1376,46.3361,43.9644
613.7664,96.3639,48.2156,41.6393
613.2891,96.4898,49.5992,40.1204
612.7000,97.1604,50.2336,39.2121
611.6017,97.6100,50.4206,38.7198
611.2444,97.9016,50.4613,38.4802
611.0116,97.3429,50.8354,38.2324
610.6928,97.6330,50.9419,38.0002
610.8261,97.9547,51.0084,37.6739
610.2764,98.1210,51.0659,37.4952
610.4072,96.8409,50.4942,37.4135
607.1287,96.8759,46.1860,38.9156
605.7700,104.6502,39.2072,45.5144
593.8323,94.6557,46.7761,40.3511
590.3021,95.7383,52.0642,37.0217
588.9034,96.5614,55.8649,34.5931
589.3093,97.0797,58.0651,33.5366
589.6693,97.3498,59.9715,32.8667
588.9083,97.7808,61.1848,32.5235
588.1600,98.0049,61.9882,32.5419
588.3159,97.6552,62.4821,32.7127
587.8428,97.4375,62.7642,32.9910
587.5203,97.2622,63.0386,33.1132
588.3546,97.0847,63.4715,33.3473
587.8464,97.2402,63.8407,33.4818
588.0443,97.0410,63.9025,33.6521
588.1083,97.2112,64.1361,33.8203
588.4566,96.7986,64.3178,34.0758
588.4833,96.7283,64.5311,34.2994
588.9575,97.1045,64.9248,34.4814
589.3503,96.8994,65.0176,34.7990
590.7265,96.2000,64.8161,35.0255
595.1191,95.5431,62.4121,35.2433
606.7800,104.8859,51.4647,45.4241
615.6491,95.8184,46.5384,47.3799
621.3392,93.2879,47.9352,45.4294
620.8426,93.7720,50.7197,42.7249
620.7791,95.0591,52.1084,41.0990
620.7902,95.7868,52.8456,40.0246
621.1013,96.2291,53.1087,39.3547
621.3334,95.9728,53.3506,38.7718
622.3022,96.4292,53.2119,38.3937
622.8667,96.6628,53.1514,37.9584
623.8807,96.4611,53.0860,37.8939
623.8057,96.2339,53.3374,37.6411
624.4985,96.6724,53.0082,37.4351
625.2234,96.6127,52.8327,37.1790
626.1946,95.8221,52.6392,37.0643
627.9307,95.9878,52.2481,36.7466
628.1403,96.1945,52.3396,36.4878
628.2772,96.1769,52.4627,36.2411
630.3380,96.1935,51.8420,36.0993
630.9210,95.7407,51.9014,35.8659
630.7266,95.7377,50.7708,35.7858
628.5377,96.1403,45.8398,38.3281
629.8666,102.9393,38.8598,45.3997
621.0416,93.2283,41.8049,42.0839
615.0132,94.2824,48.0052,37.8338
608.9839,96.2608,48.9571,36.8814
611.2868,96.8874,52.8125,34.4144
612.7545,97.7281,56.1211,32.9843
612.4538,98.5345,58.9410,32.0041
612.5628,98.8474,60.4867,32.0226
612.9570,99.4103,62.0322,32.1777
613.1290,99.1365,63.1444,32.8272
613.7130,99.3682,64.2410,33.1714
613.4375,99.7833,65.2896,33.5504
614.5916,99.5320,65.9012,34.1318
614.2922,99.5554,66.5876,34.5361
614.9243,99.4371,67.1295,34.8169
615.0503,99.4117,67.3309,35.1581
615.1121,98.7936,67.1585,35.6718
616.0261,98.6904,67.1213,35.9848
615.5010,98.4968,67.3101,36.2356
616.3782,98.6996,67.2109,36.4815
617.3619,98.8550,67.1128,36.5781
616.8839,98.7209,67.3587,36.6772
617.3251,99.0154,67.6816,36.5865
617.2087,99.2436,67.9103,36.5637
617.6492,99.2596,68.1250,36.4679
617.3585,99.2872,68.1037,36.5829
617.6385,98.8129,68.1729,36.5860
617.8543,98.8897,68.1544,36.5529
618.1075,98.7624,68.2158,36.7170
621.2019,97.3119,66.6576,37.1233
629.5562,99.8163,58.9805,41.9444
638.1889,107.9934,48.3996,51.8926
646.5173,92.5862,46.5138,50.6774
648.0855,91.5424,48.5459,46.9128
648.2297,92.8066,50.7210,43.8360
647.6340,92.8250,52.2940,41.8826
648.3286,93.9324,52.8420,40.3914
648.6819,94.6435,53.1823,39.2942
648.3202,94.5008,53.6857,38.5232
648.9324,94.8519,53.6191,37.8971
650.1305,95.1023,53.4504,37.6603
650.6318,95.8274,53.3579,37.2766
650.9411,95.5093,53.4155,37.1126
651.7581,95.9315,53.1763,37.0026
652.5334,96.1432,52.8210,36.9997
652.9017,96.3679,52.5694,36.9374
652.6187,96.3379,52.8192,36.9456
653.7883,96.1086,52.8649,37.1523
654.5801,96.7550,52.7660,37.3572
654.9783,96.4572,53.2492,37.4969
655.2995,96.4743,53.5902,37.6641
656.7023,96.8956,53.5570,37.8069
657.7371,96.4835,53.6587,37.6917
657.9203,96.4290,53.7695,37.5113
658.4996,95.7512,53.0255,37.4046
657.4756,94.3105,48.3055,39.2563
658.9539,93.9124,45.1980,39.9177
659.3999,104.0715,37.3776,48.8374
646.5157,94.4518,45.8473,42.9329
642.9512,95.6750,52.3302,38.6055
641.7576,96.7614,56.6451,36.0453
641.8118,96.8974,59.0712,34.5957
641.4901,97.3204,60.7490,33.6427
641.4125,97.5136,61.7593,33.0676
641.6411,97.5827,62.2756,32.6702
642.1089,97.7502,62.8212,32.5133
641.7423,98.0546,63.3072,32.2927
641.6330,98.5323,63.6583,32.1485
642.8566,98.5645,63.5084,32.3122
642.6778,98.7203,63.8948,32.4844
643.4934,98.5956,64.1771,32.7140
644.3699,98.7993,64.5320,32.6733
644.4584,98.9153,65.0611,32.8798
644.4716,98.8732,65.2702,33.1993
644.8102,98.8715,65.2601,33.4348
646.3770,98.2282,64.6475,33.8606
650.7496,96.9783,62.4414,34.2469
660.5012,99.9007,54.6539,39.3862
668.0082,102.3820,45.6760,47.9020
672.7895,93.7433,46.4094,45.9776
675.1214,92.8279,48.3357,43.1935
675.9910,94.0218,50.0140,41.0914
675.5406,95.2472,51.1913,39.3398
674.2114,96.4112,52.1755,37.9508
674.2192,96.9582,52.3731,37.1547
675.1854,96.9369,52.4140,36.7339
675.8446,96.5575,52.2449,36.5400
675.7443,97.1606,52.3766,36.1926
676.2565,96.8412,52.5305,36.0182
675.7402,96.8410,52.7533,35.8643
676.4224,96.8629,52.6033,35.9192
677.4167,97.1304,52.5797,35.9766
678.8238,97.8853,52.3703,36.1455
679.1405,98.1949,52.4267,36.1542
679.1556,97.9856,52.5206,35.9713
679.3016,97.8567,52.6538,35.9433
680.4076,97.7248,52.3701,36.0974
680.4247,97.8713,52.4840,36.1407
680.6406,97.7539,52.4724,36.2349
680.9528,97.0503,52.0863,36.2468
679.7731,96.2993,50.9991,35.0750
678.8613,104.3990,42.0932,43.7930
675.0376,97.0330,40.6068,43.8630
666.9582,95.1815,46.0789,38.9269
664.3680,97.6909,51.0492,35.4310
663.3051,99.3151,54.9463,33.2984
662.7263,100.2048,57.8814,32.2129
663.2713,100.6154,59.5829,31.5520
663.6497,100.9873,60.6483,31.5919
663.9941,101.3718,61.1043,31.7415
663.9865,101.0174,61.2496,31.9631
663.5170,101.1463,61.4936,32.0237
664.2206,101.1300,61.4809,32.1132
663.6971,101.1224,61.9380,32.3622
663.6184,101.0463,62.0698,32.4313
663.3157,100.9804,62.1979,32.4695
664.0816,100.7630,62.0017,32.6425
665.0677,100.5825,61.3337,32.6845
668.5344,99.0693,58.7911,33.0113
677.9631,106.3559,49.2974,41.8755
684.1874,102.8328,43.8710,45.4477
686.9674,98.2510,44.8926,44.1001
688.7034,97.2964,47.4081,42.0766
687.1064,98.5101,49.9227,40.4991
685.9476,99.0950,51.7614,39.4146
684.5787,99.3649,52.8904,38.7640
684.1660,99.7363,53.2103,38.5055
685.4092,100.1507,53.1836,38.1844
685.4787,98.9429,53.2423,37.9822
685.9499,98.2730,53.0903,37.8887
686.1710,98.4348,52.9414,37.8093
685.9191,97.4581,52.9304,37.6947
686.5634,97.8658,52.4809,37.5052
686.4553,97.2869,51.6328,37.2747
684.4781,97.2638,46.9350,39.1510
685.8211,105.9188,39.0427,47.1525
678.5143,98.1748,40.7589,44.6598
668.3788,98.6201,43.4903,42.3217
667.4686,99.8918,49.0999,38.0555
666.1091,101.0518,53.6036,35.2578
665.8463,101.5475,56.8781,33.7355
665.6362,102.1632,58.9377,33.0966
664.9125,102.1537,60.3573,32.9534
664.5579,102.2289,61.3558,33.0188
664.2491,102.2783,62.1491,33.1443
664.1168,102.2517,62.6572,33.2684
663.6005,102.5530,63.2688,33.3953
662.7820,102.2352,63.9360,33.7948
663.1786,101.9082,63.9688,34.1135
663.8398,102.2243,64.3182,34.2623
664.1356,102.3019,64.5691,34.5208
664.3902,101.7830,64.6241,34.7875
663.9003,102.0573,64.7981,34.8639
665.1651,100.8936,63.6907,35.1610
668.4673,102.3766,57.9670,38.9507
678.8740,112.0302,47.4670,49.0240
685.4389,99.9746,44.8748,50.3580
686.5306,97.6645,46.5575,47.6811
686.7942,96.3975,48.8978,44.6985
685.7443,98.0804,50.8525,42.0277
684.9586,98.5121,51.9508,40.4836
684.1031,98.8748,52.6413,39.1807
683.5444,99.3043,53.0191,38.0290
683.3740,99.3677,53.1149,37.4198
684.3387,99.6723,52.7884,36.9901
684.5862,99.4750,52.8076,36.6338
685.0228,99.5905,52.6918,36.4514
685.2368,99.5710,52.6463,36.0706
685.0721,98.8617,52.8376,35.7684
685.4638,99.6282,52.5578,35.5722
685.6647,99.4729,52.5858,35.4160
685.9334,99.2778,52.4040,35.4093
687.1866,99.1845,52.0139,35.2116
687.4467,99.4963,52.1362,35.1265
688.2710,98.8899,51.8210,35.1440
688.7336,99.4609,51.6580,35.0994
688.9987,99.8267,51.7298,35.1072
689.6527,99.8043,51.9145,35.1737
690.9744,100.1880,51.9800,35.2558
691.9688,100.7169,51.9633,35.5296
692.7141,100.7836,52.4443,35.6879
694.1473,101.1502,52.7295,35.6694
694.9501,101.2885,53.1809,35.7982
695.9812,102.5473,53.4857,36.0715
697.2996,104.3444,54.6609,35.8341
697.3772,106.2035,56.6266,35.6942
698.9180,108.5812,58.4783,35.7235
699.3230,110.1651,59.7068,35.9979
700.2401,111.6923,61.0451,36.4568
701.2261,113.1638,61.8691,36.9641
702.8919,114.1506,62.3660,37.5441
703.8394,114.6529,62.8483,37.8838
705.3815,115.2749,63.2730,38.3304
707.9492,116.1431,63.8333,38.9759
709.4013,116.7564,64.0470,39.2551
712.0579,118.5095,64.0637,39.4873
714.6173,120.2112,64.1172,39.8481
716.7068,121.4011,64.2382,39.9311
720.4255,123.5074,64.1146,40.4270
722.7759,124.9420,64.1653,40.6705
724.9727,127.2403,64.3495,40.8097
726.6539,129.5662,63.7804,41.0106
728.8195,131.3441,62.7440,41.2244
730.6302,134.1587,61.5564,41.4485
732.7886,135.8268,60.4938,41.8721
735.6379,137.2174,59.3504,42.1626
738.1726,138.1789,58.8794,42.2356
739.8503,139.7592,58.8764,42.0875
741.0947,141.6909,58.8656,41.9535
742.8381,143.3095,58.6640,41.8011
744.2487,144.6850,58.7020,41.7264
746.6151,146.2756,58.3095,41.6072
748.2294,146.6826,58.0699,41.4114
750.1481,147.9750,57.6131,41.2943
752.2373,148.9515,57.3697,41.4413
754.0866,150.1564,56.4913,41.3651
754.6596,152.0654,55.5254,41.2514
754.8430,153.5244,54.6510,41.2470
755.0423,153.8388,54.0129,41.3644
755.2574,153.1207,53.5302,40.8943
754.2589,154.3026,52.3941,41.3960
752.9533,155.0880,51.2966,41.3765
749.5508,156.2402,50.5349,41.2195
745.6150,157.8905,49.9917,40.8894
740.7977,161.7562,48.8773,40.8474
736.0021,163.1361,48.6945,40.6011
729.8934,163.8841,48.8170,40.4515
719.8652,166.5541,48.9581,40.0094
709.2264,171.9864,49.7209,39.4122
704.7983,178.7424,50.3203,39.1795
705.2114,186.3612,48.9936,39.0230
702.2142,192.5348,48.3221,37.9318
703.9161,196.1750,47.3331,37.2215
705.7045,197.8350,47.1286,35.9689
707.9062,196.9022,46.3692,35.2978
710.8522,195.2222,45.1308,34.4990
712.5908,193.6488,44.2059,34.3083
716.1213,192.4150,43.6026,33.6279
719.9283,189.3156,43.2088,33.7266
724.5679,185.9495,41.8285,34.1168
732.9144,181.2152,38.1535,37.2809
737.5438,183.3576,36.3192,40.1192
744.9105,183.1516,36.4883,40.9318
744.6373,185.5375,36.9575,41.3974
737.8876,181.6763,37.3099,41.7263
730.5184,179.9000,38.4503,41.3259
724.1320,179.2209,40.1589,40.6693
720.3970,176.5665,40.9832,40.1758
717.6213,171.4292,40.4540,41.4670
714.6118,167.6006,39.7707,42.7744
712.6575,167.3775,40.1387,42.5268
711.6629,170.1237,41.5060,40.9481
711.8998,171.5443,42.0469,40.7136
711.9409,171.5398,42.8632,39.8656
709.9336,169.7012,43.1488,39.2880
706.3796,168.9054,43.3483,39.1096
705.7567,169.0173,42.7569,39.7145
706.0352,170.2092,42.5525,39.8843
710.0568,170.1368,42.6865,39.4370
716.1262,168.6369,42.2759,39.1198
723.9034,166.0075,42.0580,39.0310
727.4382,152.7726,37.2248,47.3400
2
0
0
0
0
1
738.4147,198.5191,27.5015,45.4696
735.5203,176.5667,25.1908,48.3040
2
0
0
0
0
1
748.6500,178.1091,17.8436,56.1822
747.5638,176.1082,17.7233,55.8826
745.4402,174.0067,17.7644,56.0703
742.3535,172.2249,17.8355,56.0811
739.0989,170.2481,17.6170,56.1013
736.7564,168.5884,17.6433,55.9212
732.3737,165.8836,18.2063,54.9926
726.1509,165.1028,18.5389,53.8852
718.6033,164.2763,18.8927,52.6506
715.2386,162.7081,19.2397,51.5705
712.8762,163.2441,19.1864,50.4696
711.4305,162.8812,18.9006,49.4837
708.9142,161.7122,18.8037,49.0946
706.5578,161.2622,18.4952,48.7439
704.3085,159.9060,18.2636,48.5633
702.3594,159.3698,18.3415,47.8378
700.8589,158.7301,18.4890,47.3290
699.0259,157.7984,18.6704,47.2107
696.3422,157.2836,18.8818,47.2842
693.9746,158.3810,18.8277,47.3668
692.0908,159.5925,19.0138,47.7671
690.6802,161.0553,18.8994,48.4157
688.7955,165.3298,18.7182,48.6140
687.1216,171.8338,18.7616,49.3873
684.0344,181.8720,18.8456,50.0361
680.3759,194.9626,18.8320,49.9059
675.5268,212.6640,18.9818,50.6816
670.4686,234.6365,19.6334,50.8174
667.9033,255.6375,20.8546,47.9754
665.5550,267.7729,23.4418,44.2726
668.1423,268.1485,23.4976,42.3259
664.7800,270.9626,23.2842,40.6981
662.9906,271.7706,22.8825,39.7324
