1
592.9307,201.8442,44.1201,37.3044
590.1389,201.5843,44.7601,37.3436
586.8543,200.5325,44.9343,37.2412
584.6816,199.3148,45.5698,36.4404
581.7309,198.4811,45.8524,36.0406
579.8515,197.6770,46.0765,35.5418
578.9451,196.9343,44.9165,35.1189
580.0742,196.8034,41.1402,36.0965
581.9154,194.1239,36.4412,36.9693
581.3517,198.1962,30.4343,40.5117
584.0645,195.7096,27.3792,41.8830
582.4156,191.6565,27.0216,40.4195
580.1879,189.7323,27.2360,38.8103
579.1831,187.7988,27.6253,37.2051
577.5759,188.6004,27.5952,36.1521
576.2951,187.7316,27.1835,35.9782
575.6777,186.9005,26.6855,35.8042
575.1104,185.9978,26.1505,35.7377
573.7084,186.0488,25.9721,35.4108
573.9360,185.3121,25.7022,34.9864
573.5941,184.4942,25.5581,34.6260
573.2039,184.2141,25.4307,34.0327
572.6545,183.7246,25.3499,33.4880
572.1603,183.2408,25.2618,32.9670
571.4266,183.0295,25.2586,32.2637
571.2178,183.2120,25.4117,31.2373
571.2472,183.6821,25.6193,30.1725
569.8293,184.2253,25.5437,29.3314
570.3116,184.2913,25.3355,28.4807
570.2891,183.5824,24.7759,27.9640
569.4977,183.3847,24.3571,27.2750
569.2470,182.6115,23.7530,26.9275
567.7711,181.7967,22.6228,27.0270
566.3388,180.2937,21.8602,26.3761
566.6958,181.7854,21.7204,25.5858
563.6601,182.9863,23.7912,24.5153
555.4310,183.6115,25.2167,24.4750
549.3770,183.3678,26.0762,24.6691
546.3954,183.2731,26.8941,24.5141
544.3230,183.0518,27.4676,24.3252
542.5213,183.2935,28.0085,23.5874
542.0205,183.2916,28.2710,22.9302
541.4083,183.6916,28.3876,22.3191
540.6533,184.3425,28.3985,21.9123
539.9956,184.7561,28.3216,21.6274
539.6720,184.6260,28.2653,21.3879
539.3143,184.8299,28.2356,21.1681
539.6760,185.0755,27.9808,21.0778
539.8062,185.4337,27.7590,20.9323
540.2496,186.0597,27.3272,20.9626
540.8066,185.7757,27.0010,20.9730
541.7140,186.4992,26.6580,20.8837
543.0229,187.2388,26.6614,20.7502
544.5777,187.4309,26.3842,20.8184
545.9406,187.6970,25.8223,20.9066
552.8309,187.6277,24.6302,21.1096
565.8574,188.5931,22.8869,21.3462
571.4881,191.1290,23.3713,20.7984
580.0578,190.7518,24.6174,20.8105
581.4557,191.3294,25.2657,21.0583
586.7065,191.6411,26.3578,21.1588
588.8846,192.2472,28.4746,20.0504
590.9102,193.1016,30.0999,19.6532
592.9547,193.8104,30.9313,19.6202
594.2452,194.4250,31.7441,19.6654
595.3408,195.6419,32.5438,19.8757
596.7385,196.2463,33.4668,20.0729
599.0815,196.6790,34.0064,20.3030
600.0244,197.0881,34.0028,20.4979
601.9985,197.4245,34.2972,20.6502
603.2739,197.2117,34.8060,20.8403
604.5189,197.2885,35.1549,21.0166
606.5868,197.9612,35.2489,21.2030
608.3569,198.3682,35.7268,21.2864
610.5065,198.2529,35.9384,21.4021
611.9465,199.3481,36.0506,21.5415
614.1987,199.7218,36.5260,21.5839
615.5909,200.1272,36.4940,21.7247
616.6314,200.7809,37.0727,21.8121
617.2280,200.5981,38.0160,21.8494
617.8254,201.0681,39.0470,21.9698
617.8958,201.9280,40.1317,22.2553
617.6057,202.2591,41.6917,22.6045
616.9429,202.8651,43.4043,22.8606
616.7099,203.5878,45.2585,23.1707
616.3806,203.9132,47.1558,23.4873
617.6366,204.6409,48.7868,23.8819
617.3843,205.1695,49.9260,24.4096
618.1118,205.9449,51.5329,24.9650
618.1095,206.2036,53.1476,25.5218
619.1626,207.4308,55.7580,25.5347
618.6011,207.7766,58.5432,25.9945
618.6281,208.3240,61.1419,26.5721
618.4926,208.4712,62.7570,27.4505
616.6570,208.4469,64.3572,27.8401
616.6813,210.0651,65.7552,28.5484
615.0262,209.7985,66.5275,29.0893
614.0745,210.0208,67.2942,29.4833
614.6038,210.4347,67.3732,29.9158
614.7211,210.6562,67.2614,30.4266
615.0760,210.9235,66.5950,30.7059
615.2992,211.0666,63.0465,32.1045
614.3358,213.6188,55.4862,36.4666
613.9985,217.7370,45.5099,43.4267
616.8720,211.9925,40.4231,45.1615
616.5288,210.3092,38.2688,44.9853
615.8445,209.5486,37.1452,43.9043
615.3695,208.9140,36.4149,42.7565
613.4852,209.9516,35.9372,42.6988
613.0682,208.8519,35.0359,42.1351
611.7355,208.2801,34.3859,41.4720
611.6371,207.3218,33.6500,41.0955
609.3088,207.1989,33.4447,40.1939
606.8222,206.7890,33.0297,39.5064
606.1519,206.0281,32.5683,38.9485
604.3092,205.5623,32.4000,38.0411
601.4947,205.2999,32.2044,37.2471
600.0681,205.0737,32.1399,36.3160
598.5270,204.9413,31.9364,35.7776
596.7409,204.7235,31.6250,35.4157
594.7751,204.4861,31.4794,34.9432
593.2295,203.9543,31.1275,34.8406
592.5506,203.4388,30.8084,34.5521
590.9362,202.8877,30.5131,34.5148
589.6295,202.6485,30.3919,34.2517
589.1633,202.1455,29.8413,34.3767
590.2513,202.0054,27.4970,35.8472
590.0200,203.8048,24.8392,38.3080
590.4161,200.3082,27.6381,35.0234
594.0519,197.4176,30.5473,32.3075
595.0178,197.5770,32.5060,30.8070
596.2194,197.5648,33.2171,29.8340
595.8568,197.9199,33.2648,28.6653
596.0920,197.5428,33.0295,27.6098
596.0086,197.8057,32.8897,26.8927
595.5262,197.6582,32.6597,26.2510
594.6975,198.0945,32.7284,25.6344
594.5587,197.7145,32.0592,24.9502
594.2367,197.5154,31.6122,24.4019
593.3345,197.8599,31.2764,23.6867
593.8234,197.8029,30.6985,23.2185
593.7503,197.8486,30.1398,22.7363
594.6362,197.5349,29.5435,22.4377
594.5943,197.9315,29.0209,22.1323
594.4966,198.0741,28.5403,21.8883
595.6562,197.5235,28.1015,21.7901
596.9238,197.0753,27.6240,21.7127
597.8358,197.0783,27.1636,21.5857
598.7966,197.3982,27.1528,21.4497
599.9855,197.1416,27.2129,21.2799
600.4669,196.6693,27.0741,21.1256
601.9111,196.7346,27.1867,21.0271
602.8085,196.6433,27.5910,20.8358
604.8544,196.5152,28.7747,20.8700
607.5878,196.4542,29.9821,21.2322
609.9604,196.7245,30.9487,21.7212
611.9020,197.2481,31.3268,22.3487
614.3608,197.8028,32.1432,22.8631
617.1197,197.3242,33.4899,23.2509
619.5970,197.4747,34.7494,23.8344
621.4251,197.9360,36.0149,24.0927
622.8464,198.0058,37.1167,24.4470
624.5908,197.8402,37.8611,24.7208
623.5352,197.8884,39.3225,24.0763
624.1864,197.9541,40.5077,23.6319
625.4576,198.2001,41.4954,23.2707
626.7543,198.2354,42.6792,22.8559
625.3500,197.7011,44.4265,22.3436
624.2635,197.2990,45.3760,22.5156
627.5718,182.9901,41.0080,26.8749
621.2520,178.2676,43.1462,25.3493
609.9775,178.5849,44.8234,24.2236
2
0
0
0
0
1
611.3042,196.7059,58.7253,48.2896
611.8077,196.7826,60.6849,47.4915
611.3046,196.8510,62.2125,47.0670
610.9247,197.3965,63.5124,46.7047
610.1332,197.4804,63.9558,46.5751
610.2913,197.2792,64.5546,46.6645
609.5504,196.9220,64.3742,46.8037
609.4623,197.0474,62.5608,45.8454
608.8132,199.5459,56.2522,49.6385
609.5889,203.1538,46.7442,57.0164
611.2299,208.2690,38.1908,65.1714
611.1069,205.4163,33.5710,69.9300
610.7690,201.8645,31.6250,72.0365
610.2295,199.6703,31.2185,72.2104
609.8403,198.0750,30.8420,72.2232
609.1259,201.1549,30.0413,73.2623
608.2543,199.2774,29.7423,73.5028
608.0034,198.5708,29.2920,73.7214
607.7076,198.1836,28.9748,73.3777
607.0609,197.9899,28.6709,73.3430
606.1372,197.5937,28.6083,73.0786
605.4592,200.2038,28.3035,74.0018
604.9749,198.7072,28.3738,73.8907
603.8365,198.0653,28.6576,73.2252
602.8248,200.8928,28.3318,73.9000
602.7880,199.5111,28.2592,74.0083
601.9685,198.5425,28.5611,73.3353
600.2561,200.9583,28.6692,73.4346
599.7699,198.6988,28.9446,72.7675
598.7342,200.4015,28.9766,73.0582
597.5217,199.2323,29.1874,72.5601
596.4121,197.8169,29.4348,71.9731
595.7329,200.0958,29.2309,72.4430
595.3203,198.6527,29.4727,72.1221
594.2378,201.0633,29.2839,72.7152
593.5838,199.1306,29.2182,72.5018
592.1080,198.2078,29.3873,71.9159
591.3638,200.7915,29.1613,72.3461
590.9509,199.1523,29.1753,72.3252
590.2335,201.5356,28.8106,73.3041
590.1783,199.4308,28.8356,73.2830
589.8086,198.0654,29.0590,73.0227
589.3157,201.0856,28.9847,73.4000
589.2324,199.1706,29.2621,73.3325
589.1354,201.2875,29.4279,73.7907
587.0843,196.5088,32.0145,70.5805
582.4885,193.3781,36.7678,63.6421
576.7531,196.6230,43.5580,57.8119
567.4055,199.1001,50.4218,53.6704
560.5054,201.3309,55.3536,50.6444
558.8406,202.5826,62.0024,46.8159
554.9115,205.5009,67.8894,43.8740
550.5676,207.7088,71.2685,42.2196
547.1841,209.1513,73.6110,41.7108
544.1114,209.9924,75.3520,41.8442
540.0965,210.2702,76.5454,42.2201
536.4518,210.7741,77.0573,42.5155
532.8265,210.8359,77.9987,43.0785
528.2086,211.7278,78.0759,43.0064
524.1114,212.2436,78.3705,43.3561
519.7197,212.1355,78.4126,43.4499
515.6299,212.9239,78.7464,43.5565
510.7219,212.8658,78.6333,43.7992
506.9127,213.4722,78.1589,43.8181
503.4989,214.4798,77.4248,43.6428
499.8613,215.6488,76.2780,43.5299
495.2720,215.9738,75.0266,43.5893
491.6011,216.4397,74.3560,43.0871
487.6515,217.4002,73.6368,42.5592
482.9099,217.1025,73.3546,42.4534
478.1586,217.4589,73.0304,42.2677
472.3589,217.9390,72.6464,42.0710
469.4440,219.1836,72.4939,41.7963
464.0917,220.6426,72.5284,41.3062
459.6519,221.3063,72.2340,41.2859
455.7337,222.7058,72.3749,41.1531
450.9438,222.8241,72.6300,41.5059
446.8150,223.3592,72.7754,41.6166
442.5689,223.7375,72.5902,41.5555
438.9138,224.0256,72.0820,41.6421
436.6026,224.8450,71.7346,41.5066
433.2141,224.5186,71.1065,41.5343
431.9106,224.5443,69.9696,41.3015
430.8662,225.0756,68.0277,40.9502
431.3307,225.4929,65.3870,40.5277
433.3327,228.0951,59.6686,42.8529
435.1219,230.3900,54.0942,44.7869
435.5851,231.9198,49.6404,45.7675
435.7528,232.0770,46.2161,46.0151
435.4325,231.8593,43.7290,45.6298
434.9584,231.4854,41.9955,44.9138
434.5625,232.7440,40.6945,43.4805
433.5500,233.8005,39.7617,42.3539
433.3269,234.0515,39.0045,41.1108
432.3036,234.5964,38.4432,39.7989
431.4509,235.7356,38.0717,38.3621
432.2095,235.8083,37.9424,37.0488
431.3039,237.0503,37.6324,36.0279
430.7426,237.4192,37.3425,35.2115
430.8678,237.5797,37.3260,34.2408
430.9334,238.4904,37.1751,33.4090
430.7040,238.8438,37.4185,32.6979
430.7856,239.6398,37.9157,32.1178
428.0281,240.2750,39.5679,31.5015
421.2010,240.0227,41.7156,31.5211
413.7916,240.0441,43.7949,31.3015
407.7239,239.6944,43.7195,31.0303
406.9615,239.4788,44.2976,30.7128
405.8578,240.7980,44.5392,30.4649
404.9568,241.2922,44.6984,30.4321
405.1300,242.4214,45.5175,30.1922
404.7317,243.5123,45.8324,30.1842
404.1956,245.4229,45.8035,30.3617
403.0399,247.2774,46.1710,30.4138
402.5084,248.9472,46.5582,30.3418
401.9748,249.3203,47.0207,30.4264
401.5146,250.0063,47.6530,30.5352
400.8958,251.1741,48.9734,30.7216
399.8672,251.8926,49.6931,31.0007
399.8009,253.0335,49.8880,31.0782
403.3403,252.9700,50.0206,31.3951
408.6827,254.6723,49.2829,31.5569
412.8655,256.3815,48.6426,30.8258
413.7473,257.2509,47.2054,30.5282
415.2439,257.5677,46.0397,30.0590
415.7774,258.5620,45.0594,29.7832
417.2074,259.2696,44.3792,29.3224
418.0656,259.6404,43.8236,29.0404
418.8793,259.9882,43.3714,28.7301
419.8766,260.6228,42.9342,28.4420
420.9406,261.1329,42.8038,28.1767
421.4056,261.4628,42.5936,27.9537
422.1890,262.4889,42.6248,27.6395
423.0615,261.4224,43.1611,27.3474
420.8224,261.6285,43.5787,28.2582
413.8242,261.0362,44.4484,29.0168
408.1496,258.9079,46.7505,28.2996
408.1884,257.9211,49.1982,27.8210
408.9713,257.5150,49.9089,27.5780
410.7516,257.5165,50.2122,27.4159
412.0575,257.2797,50.8671,27.3727
412.4137,257.7176,50.7977,27.4200
412.6898,257.9496,51.8321,27.6480
412.8016,257.7350,53.3696,27.6706
413.3755,257.2564,54.3482,28.0272
413.2996,257.6394,55.4840,28.3092
413.4524,257.9024,56.1769,28.7042
414.4252,257.9939,56.6200,29.1274
415.9349,258.3904,57.5118,29.4126
417.3971,258.3760,58.2700,29.9765
418.3051,258.9059,58.9461,30.3811
420.8194,258.8362,59.5453,31.0041
422.6994,258.6490,60.0366,31.7184
424.3719,258.4785,60.2795,32.1437
425.6661,257.7474,60.7135,32.6339
429.3194,257.4565,60.7588,32.9349
432.7906,257.8436,59.9180,33.3245
436.8807,256.3357,57.8442,34.0639
445.3430,257.4109,52.3750,37.4289
454.1895,257.1658,45.9038,42.5763
461.5184,255.2941,39.3613,46.7222
468.5886,256.0743,33.2694,52.2982
474.3675,253.1090,29.1111,55.9309
479.7142,255.1431,25.9034,58.6626
482.3007,252.4768,23.8661,60.1210
487.7868,250.0773,22.3821,61.4848
491.9418,248.2456,21.9227,61.1784
494.0425,246.0101,21.5671,60.4499
498.5074,246.0761,20.9881,61.3757
500.0561,243.3949,21.0203,60.2292
504.9092,244.2709,20.5953,60.5716
508.2232,244.5918,20.3875,60.9970
512.0613,241.7009,20.2637,60.6743
515.7004,241.4603,19.9772,60.9303
519.0298,240.9907,20.1513,60.9140
520.8157,237.5077,20.6447,59.1521
525.6666,237.6292,20.9021,58.7673
529.2133,235.1146,21.1128,57.6510
532.6556,235.3234,21.0871,57.4076
534.6705,232.2662,20.9670,56.6063
538.5234,232.1550,20.9188,56.4127
542.2949,231.2103,20.7431,56.5824
543.7856,227.0928,20.5962,55.8304
547.8807,226.8826,21.0538,55.0769
550.8898,226.7602,21.5016,54.4190
551.2411,225.2895,21.7751,53.9074
554.1472,222.1366,22.8286,52.8099
553.1290,216.8935,26.5207,48.6427
549.5164,214.5037,32.2209,43.5341
542.4407,215.0277,37.8479,40.1971
536.5538,215.1975,41.0473,38.0361
534.8715,214.4774,42.8353,36.7069
534.3649,213.6499,44.5427,35.7956
534.9518,211.4881,46.0538,35.2795
535.6819,210.3742,46.4168,34.8547
536.5294,208.4863,46.9268,34.8110
538.0469,207.3057,46.9605,34.5165
537.7399,205.3638,46.8447,34.9574
538.9655,203.9354,47.3213,34.5647
540.1039,202.4123,47.5103,34.5094
541.1081,201.2859,47.7121,34.4762
541.7448,200.0535,47.7186,34.5210
541.8671,199.3507,47.8905,34.8214
543.1143,197.6295,48.7340,34.9146
544.4582,196.3840,49.5980,35.3020
543.7655,195.0739,50.5266,35.8752
544.2097,194.2399,51.4158,36.3062
544.1368,193.4875,52.2414,36.9232
544.2905,192.1300,53.5459,37.5528
544.5179,190.6079,54.9145,38.1226
544.6821,188.7833,55.4753,38.9484
545.3248,187.1839,57.1400,39.6073
545.7344,184.2988,59.5224,39.1274
545.9081,182.6575,61.1034,38.7821
545.6650,180.7051,62.1637,38.5429
545.0021,178.8320,62.6700,38.5698
545.0975,176.9076,62.7176,38.6752
548.1418,174.7301,61.2313,38.8842
554.3035,174.8868,55.6017,42.3924
560.3356,175.6474,45.8687,48.0306
565.9628,174.9903,37.5302,53.5089
568.7291,174.7181,31.6031,58.4934
571.1149,169.0555,28.3833,60.3459
573.1259,166.2373,26.6809,60.6794
572.8647,164.0514,25.3678,60.4869
572.9201,164.0116,24.2859,60.2318
572.3459,161.8576,23.4382,60.2757
572.6495,161.2217,22.7863,59.5868
572.7452,159.1371,22.0837,59.5057
572.7570,157.4693,21.6105,59.1904
573.0840,156.2479,21.2099,58.6306
573.2538,155.5241,20.9260,58.0631
573.3633,154.3006,20.8773,57.3816
572.5947,153.2844,20.7982,56.5952
572.0229,152.4757,20.6314,55.9116
571.6144,151.7967,20.5471,55.1411
571.8476,150.3271,20.4244,54.5960
570.6931,149.1317,20.6835,53.7005
569.1320,149.3499,20.5922,53.2025
569.5862,147.3860,20.2694,53.1318
568.3124,147.4377,20.2112,52.4331
567.5897,146.1845,19.9363,52.2130
566.6662,145.4054,19.9193,51.8121
567.0847,144.4653,19.5496,51.9242
566.6730,143.9368,19.3785,51.7231
566.7006,143.0735,19.2133,51.4610
565.6436,142.5843,19.2831,51.0385
565.2941,141.8050,19.0158,51.0997
565.0240,141.1988,18.9437,50.8677
565.0426,140.6048,18.9637,50.6143
564.5139,140.5164,18.9540,50.4825
564.5356,140.3638,18.9351,50.3118
563.8262,139.0033,18.7714,50.2891
563.9242,138.9278,18.6294,50.3155
563.8010,138.8307,18.4708,50.5471
562.9627,138.0274,18.6490,50.2051
563.0547,137.8291,18.4695,50.3192
562.7346,138.5109,17.9407,50.6940
561.6407,137.4344,19.0226,49.7289
553.5860,129.5935,24.9000,44.5129
539.1823,131.3553,30.7125,39.9198
531.1053,132.5350,34.9133,36.3357
526.4521,133.7625,38.3154,34.0016
523.9667,134.1576,40.0079,32.3831
522.4994,135.1090,40.9800,31.1415
521.5680,135.0570,41.6690,30.3898
520.5847,134.9521,42.5092,29.8584
519.5081,135.2362,43.0328,29.4815
517.9577,135.2995,43.0810,29.3927
517.3713,134.7327,43.5224,29.2544
516.4722,134.9921,43.7560,29.1134
515.7498,134.6630,43.8099,29.2560
515.5507,134.1888,44.0229,29.3384
515.1348,134.0139,44.3494,29.3657
515.0158,133.4495,44.4759,29.3873
514.0751,133.7793,44.6118,29.4027
514.0101,133.4205,44.6953,29.4200
513.8536,133.1197,44.8052,29.4746
513.2280,133.5846,44.6541,29.4301
513.3764,132.9585,44.6082,29.4452
513.7689,133.1454,44.9348,29.2328
513.0132,133.4863,44.7625,29.2926
513.2742,132.2290,44.7495,29.6197
514.8510,131.7381,44.4681,29.6740
520.8383,131.5364,44.7831,28.0015
531.6022,134.2849,41.9249,30.5241
538.6141,136.6320,36.0537,36.2985
541.5402,139.2558,29.9441,42.3256
543.1538,139.1600,25.7752,46.0594
545.2036,135.8821,23.2597,48.1139
545.1596,134.0745,21.8511,49.3816
545.3998,134.7948,20.5991,50.4351
545.6992,134.4054,19.5739,51.6395
546.5783,134.0520,18.8148,52.0914
546.5453,133.1339,18.3102,52.6690
546.2559,133.1288,17.9586,52.5328
546.0427,133.1302,17.7657,52.3021
546.0656,132.2327,17.3710,52.8042
546.0935,132.2195,17.2657,52.5475
545.8362,132.3857,17.1250,52.3700
545.8052,131.2646,16.9176,52.6832
545.7733,131.7630,16.6551,52.3782
544.8032,132.6826,16.3954,52.1487
545.1022,131.3805,16.0265,52.7197
545.3835,131.2966,15.7788,52.6176
544.8667,131.2607,15.6637,52.3941
545.2150,131.2214,15.5243,52.2727
545.0450,131.0476,15.5432,51.7766
545.3195,131.1761,15.6763,51.1166
545.1423,130.2430,15.6851,51.0751
544.9112,130.1450,15.6380,50.5483
545.1371,130.4553,15.7768,50.2298
544.3665,130.4599,15.7855,50.2435
544.6053,130.4209,15.8728,50.0098
544.9102,129.9066,15.9247,50.0379
545.2971,130.3252,15.9957,49.9217
543.9647,129.2746,15.9191,50.4279
543.7317,129.7170,15.8993,50.4558
543.5406,128.6010,15.6719,50.5828
542.9922,128.8603,15.7082,50.6339
542.7499,128.3877,15.5887,50.8998
542.1218,127.8633,15.7390,50.5441
542.8275,127.3365,16.0579,50.5441
541.9760,127.8045,15.8459,50.4762
541.8279,128.1310,15.8937,50.1769
541.8577,126.6586,16.0016,50.4223
541.2849,126.5360,16.0355,50.2790
541.4274,126.8254,15.9989,50.4654
541.2368,126.8640,16.1803,50.3797
541.0334,126.6001,16.2087,50.4557
540.3604,125.4161,16.3313,50.7009
539.8900,125.9114,16.3924,50.4717
539.2194,124.7945,16.4248,50.5105
539.2971,124.2942,16.4507,50.5682
539.3878,124.3620,17.3449,49.7099
538.7825,123.1172,19.2175,48.3322
537.4897,122.4740,20.8056,47.4364
536.3587,122.6843,24.4125,45.6684
535.0736,122.6281,27.2443,45.0294
535.5264,123.0327,29.8255,44.6809
536.2187,123.2585,32.0052,44.7588
536.0053,122.2906,33.8673,45.1205
536.8008,121.7877,35.5054,45.3095
536.6454,120.8379,36.7505,45.6163
536.5933,119.8433,37.6518,45.8139
536.8306,119.0454,38.3225,45.9261
536.3517,118.3932,39.1482,45.7366
536.3273,117.7964,39.4804,45.5870
535.7589,117.3435,39.7493,45.3178
534.7880,116.9098,39.7934,44.9956
536.1321,116.8464,38.7491,44.3573
533.2937,121.6035,32.6307,48.8906
533.1766,118.3343,30.6609,50.9430
525.2676,112.7794,35.2532,46.7134
518.5313,111.7089,41.2860,43.4105
512.4352,111.5330,46.2083,41.1542
509.6799,112.1801,49.9384,40.0768
508.7544,112.1385,52.0417,39.9909
508.7322,112.2923,54.2853,40.1321
507.5379,112.8423,55.7427,40.7607
507.9327,112.7119,57.2689,41.3868
506.4694,112.7562,57.7382,42.0823
506.4746,111.9035,58.2164,42.7911
506.2629,110.8972,58.3630,43.3833
505.4006,110.9123,58.4269,44.0008
504.8780,110.3699,58.4687,44.5345
503.8252,110.1329,58.3287,45.1813
503.4535,109.0613,58.6363,45.6301
503.2004,109.1283,58.8745,45.7452
502.4957,108.5423,59.0533,46.0119
502.2209,108.5373,59.2029,46.3185
501.6078,108.0007,59.4061,46.5755
500.7975,107.9297,59.5974,46.7195
500.3734,108.2079,59.4305,46.8296
500.6075,107.6685,59.4658,47.0684
500.1172,107.4226,59.3001,47.1817
500.5869,107.7584,58.5014,47.7041
504.5437,107.0508,55.4749,48.7317
511.5493,107.9095,49.6901,51.6139
516.3691,114.6930,40.4963,59.0796
520.5857,106.3803,36.7819,60.2177
521.4935,102.4978,37.4973,57.9116
520.8624,101.6689,39.1152,54.8496
520.4850,101.3570,40.1851,52.1787
518.8826,104.8441,41.0045,51.1237
518.6183,104.1105,41.3441,49.7792
517.7399,103.6148,41.4933,48.7802
517.7288,103.2295,41.2410,47.8713
517.3418,103.2949,41.0290,46.8720
516.7910,103.3765,40.6317,46.2478
516.8439,103.9884,41.5750,44.3632
516.7184,104.8738,41.6971,43.0925
516.5942,105.0301,41.8535,42.2918
516.2797,105.5435,41.8347,41.6109
516.2807,105.4738,41.5377,41.3071
516.0059,105.2188,41.4686,40.9646
515.9328,105.8026,41.3506,40.4464
515.9778,105.5235,41.0745,40.2393
515.3906,105.4172,41.1018,39.9356
515.2538,106.1623,40.8249,39.4651
515.0672,106.0977,40.6105,39.0817
514.9544,105.8699,40.3294,38.6489
515.2964,106.4039,40.0375,38.1623
515.2201,106.8162,39.6918,37.8494
514.8348,106.3834,39.2987,37.7313
514.9301,106.7402,38.3435,37.5971
512.0561,107.0146,34.7864,39.8734
515.2209,114.9650,29.1676,45.7412
508.9464,104.7894,32.2212,42.7741
500.4468,101.4995,40.0381,37.3466
494.0449,103.8690,47.3220,33.3587
490.2476,106.0119,52.7017,31.2040
488.1032,107.8938,56.9411,29.8967
487.4238,109.8358,60.1039,29.1607
487.8908,110.6949,62.3627,29.1098
487.7014,111.3732,63.8601,29.7257
487.3828,111.2445,64.7782,30.3101
488.1581,111.0827,65.6473,30.9333
488.7763,110.0472,66.4709,30.7748
488.4592,110.3350,66.9505,30.4962
487.9459,111.6078,67.3311,30.7731
488.8104,112.5727,67.5367,31.3471
489.5495,111.7396,68.0737,31.2855
490.4646,111.5144,68.7202,31.1487
490.2581,111.8485,68.8054,31.0270
490.8166,112.2896,68.9216,30.8372
491.9301,112.3189,68.8667,31.0062
492.4167,112.2515,68.7817,30.9079
492.7143,112.2998,68.4467,30.9312
493.3408,112.6767,68.2966,30.7308
494.6372,112.9334,68.4794,30.6583
494.1641,113.6492,68.4199,30.7575
495.1581,113.2480,68.4407,30.8687
495.7884,113.7590,68.2614,30.7527
497.3628,113.9239,68.4765,30.7003
497.5117,114.2913,68.3450,30.7343
499.2328,114.1272,68.7318,30.9483
499.9946,114.2749,68.4686,31.0939
500.7311,114.7756,68.6805,30.9181
500.4827,115.2374,68.3755,30.8323
501.1429,116.2827,68.0315,30.5881
501.4427,117.2122,67.8586,30.4465
502.7714,117.8790,67.6516,30.2415
502.6435,118.3721,67.4557,30.2895
504.4563,118.5699,67.8623,30.3814
503.5975,119.3779,67.6460,30.2173
504.6981,120.1915,67.7515,30.2149
503.7180,120.6151,67.6202,30.4007
503.7557,120.2965,67.7160,30.8121
504.6088,120.3296,67.8459,30.8326
504.6995,120.5109,67.5515,30.9363
505.3554,121.1334,67.5979,30.7646
505.3775,121.2869,67.4191,30.7641
506.5687,121.7154,67.6257,30.7348
507.1492,121.7633,67.7936,30.9367
507.5221,122.4064,68.0594,31.0427
507.6100,122.2733,68.0815,31.1436
508.6995,122.5552,67.8465,31.0964
508.4527,122.7593,67.8626,31.1041
510.1874,123.3544,67.8420,31.0784
510.2555,123.2976,67.9031,31.0508
510.9721,123.7504,68.0653,30.9296
510.9988,124.2843,68.0345,30.7927
512.0714,124.7152,68.0445,30.7811
513.0677,124.8818,67.8152,30.8511
513.3664,125.4139,67.7751,30.6877
514.6112,125.9870,68.0840,30.7471
514.8250,126.4755,68.2700,30.8020
516.4957,126.1880,68.6744,31.0055
517.3687,126.1937,68.5988,31.1810
518.1045,126.3646,68.7697,31.3344
520.0712,126.7107,69.2187,31.1350
520.2839,127.2414,69.4927,31.2880
521.2677,126.9818,69.5542,31.5155
521.8650,125.9852,69.4083,32.0096
525.0668,126.3066,66.4436,33.9064
534.2921,128.3387,58.5684,39.0060
543.9681,133.1537,47.9123,47.4440
549.5444,129.3201,39.5270,52.7226
555.3438,122.1070,37.3043,51.8385
557.9004,121.0634,36.0058,50.7321
558.0358,121.9123,35.1736,49.7124
558.2761,122.3164,34.3950,49.0371
559.0593,122.1173,34.0062,48.3475
559.1235,122.7769,33.5739,47.7829
559.5148,122.8813,33.0618,47.4809
559.7043,122.8894,32.8422,46.9635
559.5146,123.0509,32.6815,46.4988
560.3782,122.8905,32.6828,45.8461
560.2682,123.0928,32.5866,45.3764
560.7621,123.3298,32.5293,44.9659
561.1348,123.3717,32.3765,44.8630
561.7844,123.5607,32.0117,44.6427
563.3156,122.9690,31.7989,44.0307
563.0267,122.8623,31.1165,43.6599
563.4344,123.1893,29.1262,44.5737
566.4028,127.3380,26.3937,47.1537
556.8373,118.1252,32.5819,42.0449
547.5333,119.4576,38.5542,38.9180
540.4397,121.1358,42.2128,35.8796
539.2409,121.9433,44.8790,34.2374
538.8867,121.4727,46.2016,33.6001
539.3792,121.5505,47.2806,32.9969
540.0211,121.7933,48.1143,32.6667
540.1118,121.4707,48.2601,32.7695
540.8480,121.4998,48.6883,32.6753
541.7610,120.5554,48.9665,33.0806
541.8643,120.0538,49.5335,33.2884
541.8108,119.5970,50.2536,33.5359
542.1902,119.7750,50.7931,33.3467
541.7507,119.7879,50.6909,33.5293
541.4443,119.9404,50.6785,33.5917
542.1414,120.2289,50.9088,33.6601
542.2227,120.2896,51.5871,33.9803
542.7845,120.3787,52.3916,34.2048
542.9611,120.7063,53.0378,34.4545
543.0781,120.3926,53.4509,35.1269
542.4625,120.5108,53.7491,35.9190
543.0985,120.5735,54.1379,36.5074
543.9421,119.7027,54.3398,37.2613
549.5354,118.7729,52.4576,38.3785
560.4603,127.1070,43.5811,46.0087
565.6179,123.4645,36.6577,50.7166
567.2068,118.8743,36.9460,50.1849
567.3832,117.1963,38.5262,49.2094
567.5276,116.6929,39.7056,48.7322
567.1276,116.0523,40.5647,48.3375
566.2197,115.6487,41.1751,47.9031
565.4192,115.4303,41.3181,47.3628
564.8182,114.8983,41.4066,46.8296
564.8853,115.2492,41.3610,46.0048
564.6851,115.4647,41.3158,45.6533
565.4467,115.4454,41.1436,45.3273
564.7582,115.2306,41.0455,45.4386
564.9152,115.5313,40.9793,45.0306
565.4755,115.3724,40.7723,44.7817
565.6185,115.5893,40.6140,44.4853
565.5049,115.4903,40.4805,44.4884
565.4089,115.4237,40.3002,44.4894
565.8064,115.5266,40.1494,44.3701
566.2692,115.5175,40.0128,44.2337
566.3112,115.2065,39.9002,44.3359
566.4326,115.4712,39.8567,44.2307
566.3304,115.1563,39.8402,44.4134
566.2676,115.4051,39.7960,44.4137
566.3570,114.6328,39.7497,44.6266
566.5939,114.5515,39.8280,44.5014
566.2221,114.3818,39.8433,44.7291
566.3619,114.2946,39.7599,44.8117
566.8630,114.7800,39.8003,45.2059
568.6478,117.1130,44.2298,43.5725
569.3420,118.3658,48.3664,43.1039
567.9424,119.3985,51.7943,42.6188
567.6241,119.1970,53.9342,43.0179
567.5893,119.4122,55.0717,43.2458
568.3423,118.5071,55.5816,43.5306
569.3193,118.7736,55.8457,43.5993
570.2571,117.7281,56.3964,44.1409
570.9710,117.9608,56.9787,44.2495
571.4188,118.2159,57.4164,44.3610
571.2909,118.3056,57.1878,44.6542
572.6375,118.0406,56.9102,44.8935
573.1337,117.3587,56.7916,45.0607
574.5046,117.8285,56.4743,45.0455
575.3520,116.9582,56.4024,45.0561
574.6636,117.5352,56.7585,44.6715
575.0353,116.9181,56.7741,44.4772
575.3002,117.1672,56.7403,44.0349
575.1992,116.9009,56.8909,43.9122
575.2845,117.4956,56.7542,43.7094
574.8434,117.3046,57.0318,43.6196
575.2483,116.6235,56.6305,43.7397
574.9151,117.1366,56.3642,43.6908
575.2014,115.9392,55.2516,42.8560
573.8207,116.9149,48.4691,45.8485
576.1508,121.8469,39.8431,53.4329
570.9652,111.6081,40.5929,50.8191
564.1884,110.4429,45.7852,47.3858
560.3521,111.1328,50.2082,45.2859
558.3962,111.7848,53.1562,44.0459
558.3834,111.7514,55.6121,43.4644
558.1566,112.3057,57.1882,43.3414
558.1869,112.2099,58.4418,43.5435
557.8388,112.7627,59.0314,44.0097
558.2147,112.4911,59.4667,44.4817
559.6009,111.9255,59.9570,44.9530
558.4864,111.6131,59.9313,45.5093
558.5356,111.5981,60.4325,45.4923
557.3454,111.9630,61.2610,45.5871
556.7371,112.5441,62.2686,45.5207
555.0607,112.7787,63.3206,45.7875
552.9067,113.2652,63.5702,46.2941
552.2612,113.6899,64.0146,46.9431
551.5876,113.7635,64.9563,47.4480
550.4363,114.2878,65.4225,47.9909
550.1870,114.2813,65.9809,48.5205
548.9848,113.7660,65.8878,49.1948
548.5289,113.6315,65.8866,49.6086
548.2173,114.0031,65.7593,49.9120
547.1923,114.1612,65.5913,50.1566
547.9360,113.4684,66.2335,50.2033
547.0834,113.5181,65.9388,50.5258
546.9828,113.5688,65.9003,50.5358
546.9169,113.5306,65.9599,50.6072
547.6873,113.8004,65.9895,50.7137
547.6064,113.5206,66.4365,50.8706
547.0684,113.5506,66.3751,50.9986
547.6966,113.2272,66.9068,51.0393
548.1107,113.3342,66.3227,51.6001
553.7561,112.0360,61.7802,53.9276
565.3272,119.1258,50.6951,61.9929
569.4865,117.6110,41.0209,69.1139
574.2053,109.4028,37.7241,69.4789
575.9930,107.5089,36.5435,68.4426
575.1854,105.5203,36.1010,66.6014
574.9625,107.5083,34.9767,65.9654
574.4406,106.8769,34.2107,65.2986
573.6500,105.9718,33.7683,64.4678
574.2775,106.6001,33.1989,63.5010
574.5349,106.5108,32.9247,62.6174
574.2661,107.9042,32.2820,62.0628
573.5273,109.0440,29.8909,62.3996
572.5982,114.5544,25.4633,65.6979
563.6906,102.3445,31.8004,58.8986
552.2524,101.7088,40.6771,51.2905
547.6588,105.6891,47.6226,46.4332
545.1730,108.7029,52.2679,43.4166
543.0728,110.1403,55.3545,42.0999
543.3209,109.5416,59.8172,39.8990
541.3320,111.0474,60.8114,40.2524
541.6401,110.1987,61.8220,41.1730
540.7484,111.0294,62.3378,41.9178
541.1229,111.2078,63.1447,42.6304
540.8032,110.4442,63.4336,43.6989
540.6321,110.2907,64.1119,44.3748
540.0204,110.6696,64.2977,45.0268
540.2702,110.3577,64.5126,45.6969
540.0960,109.9078,65.1468,46.3841
539.3941,110.0971,65.3633,46.8854
539.1838,109.6159,65.5204,47.3108
540.7537,109.0290,65.2798,48.1538
544.8766,108.9394,61.4611,50.0622
556.5428,115.2676,50.8701,57.7014
561.9825,113.4422,42.2385,62.6911
564.7580,107.8758,40.6462,62.7882
566.0058,102.8482,41.5405,60.8401
566.0405,102.5612,42.6681,57.2461
565.7571,101.9911,43.4912,54.5152
565.5400,102.3115,43.8280,52.2107
565.7174,103.2755,43.8446,50.2193
565.0854,103.6304,43.7869,48.8119
565.2925,103.0722,43.3126,47.8838
565.3156,103.3848,42.7141,46.9706
565.8487,103.5664,42.1154,46.1068
565.6675,103.2955,41.5546,45.5980
566.4692,103.4759,40.9687,44.8729
566.7853,103.8396,40.3744,44.2290
567.1255,104.0050,39.7897,43.7947
566.5213,103.9946,39.3662,43.6789
567.1320,103.6407,39.0380,43.3237
566.9330,103.7454,38.7542,43.0469
567.1481,103.4897,38.4647,42.6786
567.8804,103.3515,38.0781,42.2932
567.8244,103.5503,37.8272,42.1294
568.3051,103.5749,37.4664,41.7608
568.7305,104.0193,36.8944,41.1952
569.1586,103.8624,35.8978,41.1320
570.5725,110.7952,29.7364,46.3182
568.1042,105.8466,31.4084,43.9194
557.0452,101.6003,39.4633,38.4240
550.5259,103.3851,46.9092,34.3729
547.7882,105.1643,52.4824,32.1752
546.4857,106.8927,56.6101,30.9141
546.0008,107.4407,59.1589,30.7112
546.3885,107.9638,60.9084,30.9369
547.0205,107.8737,62.1516,31.5962
546.7535,108.1695,63.3188,32.3957
546.9153,107.7762,64.4011,33.3383
546.0391,107.5943,65.2991,34.0409
545.7914,107.1424,65.4509,34.6591
545.3523,107.6801,66.2258,34.7522
545.4848,107.7747,66.9869,35.2853
545.7203,108.6707,67.7710,35.6875
544.9667,108.0225,67.8858,36.5921
544.6341,108.6011,68.2913,36.9536
543.6271,108.4747,68.1971,37.4461
543.7966,108.4616,68.6549,37.7474
542.8160,109.1438,69.1331,38.2354
541.5299,108.7684,69.1993,38.6138
540.0554,107.9497,69.3401,38.9999
539.0920,107.7759,69.4127,38.9362
541.2517,106.4003,68.0933,39.7045
550.3561,108.2265,60.6050,44.7084
559.1982,111.7256,49.8186,53.8018
561.4947,115.5513,39.9129,63.0550
564.6723,111.4452,32.8404,68.1808
566.4202,108.7416,27.6069,71.5006
568.7695,106.3553,24.0605,72.6144
571.9243,106.3170,22.0949,72.2563
571.4027,106.2202,20.1183,71.8027
572.8735,105.1480,18.8441,70.6486
572.8874,104.9244,17.7986,69.2555
573.3205,104.2529,17.1687,67.6596
573.6368,104.7644,16.6669,65.6045
574.6503,104.1694,16.3560,64.9501
574.8585,104.3437,16.0264,64.2542
575.2078,104.2557,15.9423,63.6052
575.0137,104.1082,15.7278,63.0350
575.6360,103.7417,15.5252,62.5116
576.1947,104.0171,15.5352,61.8870
576.5817,104.4885,15.5093,61.2987
576.7407,104.4644,15.3489,61.1430
576.8444,104.4484,15.3429,60.8380
576.5844,104.8516,15.7176,59.9529
577.3937,104.7744,17.8671,57.1906
576.5363,104.5732,22.6106,52.3344
574.9126,104.9242,26.9601,49.3574
573.2830,107.7868,30.1504,48.3151
574.0421,107.3004,32.8914,47.4183
575.0220,107.0516,35.1479,47.3676
574.4401,106.6818,36.8334,47.5585
573.8152,108.7635,38.0157,48.6528
574.6598,106.9170,39.3723,49.2262
575.3348,106.0401,40.7154,49.5867
577.2856,105.1981,45.7610,47.0980
577.2422,105.6041,48.9046,45.3657
577.0585,106.2312,51.1432,44.1584
576.4556,107.2094,52.8019,43.0601
577.3024,107.5532,53.9202,42.7845
577.3399,107.9302,54.6707,42.5608
577.6996,108.1761,54.9217,42.7438
577.9651,107.8676,55.1392,42.9473
577.7616,108.0919,55.4383,42.7601
578.7960,108.2745,55.4913,42.7578
578.1539,107.4987,55.9027,42.9435
578.0457,108.6336,55.8390,43.0742
579.0006,107.3913,56.0118,43.3421
579.2201,107.2709,55.6325,43.3048
578.1977,106.0796,53.3543,42.2266
576.7814,112.9323,43.6499,49.0301
576.4084,108.8345,39.7889,52.6369
569.4164,102.9156,44.3200,48.8237
565.3097,102.2510,51.1170,44.4160
561.9280,103.3262,56.2212,41.2236
559.3120,104.9552,58.0458,41.0640
558.8555,105.2450,59.6718,41.3156
559.2805,106.1034,61.3090,41.4799
558.7289,105.7169,61.9124,42.4387
558.7388,105.9333,61.9179,43.1989
559.6087,105.9942,62.4146,43.5739
559.3877,106.2848,62.4626,44.0910
559.0168,106.0930,62.6582,44.6634
559.2850,106.2289,63.1905,45.0412
558.6900,105.7619,63.2717,45.3304
559.5854,106.0881,63.4513,45.5178
559.2507,106.0078,63.7142,45.8236
559.2552,105.7842,63.8831,46.2057
559.1251,105.7969,64.3703,46.4261
559.2540,105.8878,64.3716,46.9154
560.6313,106.3940,64.9537,47.0931
559.5501,106.9004,64.9341,47.6720
560.3683,106.2898,64.9283,48.3586
560.9259,106.6695,64.7421,48.7230
566.6181,106.5734,61.5310,50.2046
577.4634,112.8961,50.6662,58.3827
583.5159,112.8315,41.8932,64.8468
587.0551,102.1432,42.0568,63.0966
587.1216,100.0609,43.8224,60.2177
587.0488,99.4894,45.0886,57.4612
588.0338,100.1540,45.3905,55.0797
587.7719,100.3889,45.5179,53.4894
588.0192,100.9549,45.3986,51.8921
588.3657,101.1899,45.1512,50.9583
588.9333,100.9319,44.7126,50.3142
589.9868,100.9226,44.1877,49.7532
590.5952,100.7244,43.7553,49.3054
592.0358,102.3355,46.7713,46.3185
592.5627,103.1380,48.3141,44.5850
592.9241,103.2488,49.0898,43.6058
593.1531,102.9882,49.6015,42.8997
594.0158,103.6502,50.3019,42.1898
593.9835,104.1966,51.2146,41.8769
594.5781,104.1940,51.9208,41.7629
595.9733,103.4351,52.6162,41.9949
597.0001,103.5574,53.3253,42.3442
598.3704,103.8543,54.8877,42.7208
599.0652,103.7922,56.4443,43.0760
599.8040,104.2366,57.5227,43.5211
599.9973,104.2852,58.3788,43.9209
600.8490,103.7951,58.7522,44.2837
601.1481,103.8758,59.3719,44.4773
602.2283,103.0376,59.3958,44.7755
602.5194,103.6598,59.7452,44.7323
603.1855,103.3471,59.7747,44.9850
603.0461,103.6166,60.0432,45.2190
603.7192,103.4001,60.0673,45.1222
603.9092,103.3217,60.1894,45.1983
604.2601,103.3173,60.2184,45.3076
604.8205,103.0757,60.1338,45.3291
604.7708,102.8900,60.3460,45.3574
605.4874,102.9164,60.3179,45.4212
606.1531,102.1730,59.9103,45.1868
606.1897,99.9950,58.0984,44.3702
603.9272,104.4082,48.5179,49.8913
603.9503,107.5810,41.4233,55.6009
599.6583,99.1684,43.9954,52.4342
594.1144,98.9395,48.8799,49.0730
590.6964,100.7888,52.6887,46.6422
589.8536,101.5035,55.4571,45.5627
588.8236,101.6796,57.0249,44.9787
589.7182,100.9491,58.6271,44.9194
589.5411,101.0879,59.3376,45.0369
589.6074,100.8994,59.7033,45.4587
590.1971,100.6869,60.2841,45.8325
589.5847,100.8973,60.8346,46.3874
589.2559,101.2065,61.3922,46.7920
588.9025,100.8338,61.7575,47.2514
589.2086,100.6798,62.1152,47.4877
588.3258,100.7184,62.1340,47.9396
589.1501,100.5953,62.7017,48.1570
588.5126,100.8626,62.9984,48.2754
588.6952,101.1268,63.2270,48.4122
588.0558,101.1365,63.2519,48.6017
588.3307,100.9901,63.7014,48.7215
587.9780,101.2777,63.9465,48.8420
588.0424,101.7406,63.8678,49.1291
587.7268,101.1462,64.1771,49.2957
586.5816,100.6931,64.3107,49.1864
586.6394,100.9617,64.2217,49.2499
587.1758,100.4869,63.8700,49.2626
591.1259,100.5227,62.0179,50.0253
599.0178,100.5526,55.5389,53.2290
608.2819,105.4119,45.7975,60.4643
610.5020,94.5945,44.2564,59.9798
610.7068,92.7440,45.7019,57.3257
610.9182,93.3709,46.5449,55.1949
610.5956,93.8884,47.0469,54.0368
610.3982,93.6683,47.2801,53.6529
609.7661,94.2312,47.2003,52.9435
609.6465,94.0657,47.1922,52.8413
609.5125,94.4748,46.8652,52.5938
609.7786,94.4874,46.6486,52.5796
609.3282,94.0720,46.8762,52.4906
608.7864,94.3096,46.8548,52.3296
609.0739,93.5233,46.7516,51.7406
609.1274,94.2168,43.0179,52.1078
608.2627,99.0338,37.4640,56.6002
596.8286,93.5670,44.3831,51.6707
592.1817,94.9304,49.9615,48.5264
588.5616,95.8502,53.1817,46.7646
589.7711,96.5246,55.5250,45.4968
588.7096,97.1203,56.8653,45.1032
588.9102,97.2935,58.4042,44.8892
589.1841,96.9141,59.9594,45.0570
588.1724,96.6617,60.5422,45.4232
588.4435,96.5866,61.1740,45.6791
587.7788,96.5269,61.3570,45.9317
588.8315,97.1094,62.0383,46.0005
588.7809,96.5472,62.3517,46.4563
588.7533,96.8618,62.4253,46.7732
588.5601,96.5808,62.6363,47.1356
589.4051,95.9876,63.1448,47.2848
588.9104,95.8596,63.0822,47.5301
589.5697,96.1142,63.4850,47.6491
590.0624,95.9634,63.7251,47.8488
590.7543,95.4078,63.5395,48.1384
596.0797,96.2543,60.5287,49.3027
608.6882,102.4558,50.0308,56.7530
615.8250,97.9744,44.3104,58.9072
617.1932,93.7104,45.3704,57.9791
618.1702,91.5769,46.6301,57.1475
618.9498,91.5946,47.5157,56.3675
620.0148,92.4216,47.8716,55.4711
620.0560,92.5428,48.1487,55.2155
620.6208,92.6082,48.3405,54.8279
620.7418,92.2925,48.6147,54.6433
621.5667,92.1640,48.6290,54.5779
620.8579,94.8493,48.9865,55.6256
621.9037,93.0341,49.0836,55.7173
623.2266,92.5416,49.0221,55.4704
624.1202,91.9772,48.9938,55.0864
624.4323,91.7146,48.7304,54.7625
626.0015,91.8202,48.5166,54.2022
626.4111,92.3501,48.2314,53.5421
627.2449,91.8901,48.0050,53.3570
628.7866,91.8025,47.6623,53.1637
629.3185,91.8876,47.3894,52.7760
629.2111,91.7663,47.0254,51.8036
629.6633,92.6190,43.0373,52.0386
631.0530,97.2801,37.1362,56.7937
622.2208,92.0201,41.7942,51.7607
617.0662,93.5290,47.9083,48.0359
610.9730,94.9775,51.5450,45.6751
610.3248,96.6402,54.6232,44.1679
611.3736,97.9546,56.7987,43.4261
611.2418,98.1105,58.1966,43.5645
611.8408,98.7475,59.2713,43.8857
613.0364,98.2721,60.5939,44.2491
612.7065,98.8568,61.5539,44.8841
613.3750,99.1047,62.0181,45.4389
613.8047,98.4124,62.8977,45.8218
613.4512,98.1310,62.8707,46.3658
614.6977,98.7259,63.3937,46.6279
615.1838,97.9967,63.8893,47.1177
615.3392,98.3341,64.2930,47.4785
615.7277,97.8219,64.0822,48.1510
615.5306,97.7573,64.1704,48.5090
616.0492,97.3551,63.8516,48.8023
617.1429,98.0657,64.6486,48.4649
617.1567,98.6471,64.4102,48.8659
617.5316,98.6462,65.0048,49.0226
617.2087,98.5959,65.4635,49.2541
617.4855,98.6924,65.6630,49.4677
617.7161,99.4019,65.9333,49.6976
617.5952,99.1892,66.0940,50.1460
617.5065,98.9585,66.3637,50.3828
618.0721,98.6173,67.0285,50.5616
618.0994,99.0897,66.9059,50.9556
621.7868,97.9027,65.2415,52.0275
631.4540,97.4344,58.4789,55.2269
640.6659,103.0268,47.7494,64.8940
643.7601,92.7032,46.1744,64.5066
644.6763,88.8731,47.4029,61.8074
645.3508,88.6767,48.4743,58.7904
645.2498,89.5167,49.0168,56.6346
646.4556,90.4253,48.7761,55.0460
646.9351,90.9813,48.5125,54.2133
647.2848,90.9615,48.3441,53.6380
648.4002,91.1477,48.1235,53.2122
649.2455,91.0223,47.9195,53.0587
649.8584,91.1992,47.5816,52.8419
651.4727,92.6647,51.1873,49.5321
650.6138,93.0382,53.8992,47.6397
650.7391,94.4390,55.4929,46.3803
650.7711,94.7269,56.4815,45.5503
651.4092,94.1236,56.9950,45.0423
651.1634,94.7707,57.9486,44.8967
651.2780,94.9140,58.3930,44.9396
652.6591,95.4452,58.6319,45.0389
653.5977,95.6981,59.0597,44.8625
653.3754,95.0234,59.7956,44.9919
654.2694,95.5476,60.1651,44.5205
654.7364,96.2315,60.2643,44.3790
656.0517,94.4696,59.7430,43.8223
655.0862,94.6933,52.8875,46.8023
658.7390,92.9327,48.0144,48.2301
659.7435,98.6814,39.9356,56.6090
646.5671,93.9485,47.4123,51.9671
642.5375,95.8486,52.9286,48.9542
641.1921,97.2867,56.4505,47.1000
641.0322,97.6609,58.8066,46.0873
642.5417,96.9293,62.1705,43.7240
642.3359,97.1416,64.2721,42.2974
642.3012,97.6553,65.4964,41.2514
642.0276,97.9034,66.3588,40.5790
642.2897,97.9249,66.9872,40.1895
642.3911,97.5994,67.3002,40.0574
642.1901,98.1515,67.6551,39.7223
642.5956,97.6549,68.0556,39.8196
642.6698,97.8472,68.3143,39.7772
643.2645,98.1729,68.7719,39.6186
643.8310,99.1577,69.0619,39.3963
644.3492,98.8634,69.1108,39.6381
644.9257,98.5712,69.0042,39.7467
645.4391,98.1058,68.3227,39.8940
648.8956,97.2011,65.9300,40.3544
660.3909,97.8709,57.6968,44.4163
665.9254,97.3727,48.3313,48.4595
672.1603,94.3590,48.2186,47.1378
673.0710,92.9957,47.3951,48.7359
673.5172,92.7661,47.0360,49.9413
674.5141,93.6996,51.5372,47.7375
673.1949,95.0250,54.5452,46.1983
671.6599,95.7342,56.5509,45.1538
672.5607,95.4275,57.0558,44.7470
672.2234,96.1883,57.5105,44.6014
672.7773,96.3197,57.8379,44.3560
672.2414,96.5971,58.5619,44.2358
672.4789,96.3363,58.7926,44.2473
673.8769,95.9141,58.6950,44.3491
674.2357,95.6532,58.9728,44.2598
674.6552,96.3740,59.1354,44.3437
675.5119,96.6101,59.0689,44.5184
675.9255,97.0159,59.1746,44.4970
676.1874,96.8670,59.0799,44.3101
676.5198,97.3030,59.1232,44.4697
677.5745,96.2259,59.2526,44.6466
677.2242,97.2182,59.3341,44.6606
678.4080,96.5042,58.4529,44.6313
677.0238,95.6025,56.1397,43.4267
678.9551,102.3152,46.1184,51.9292
674.5967,96.6235,44.1080,52.2017
666.4529,96.3767,48.4257,49.4619
663.1978,98.7396,52.9915,47.2804
662.2534,99.9075,56.2521,46.2749
662.4982,100.2163,58.8634,46.0937
662.9996,100.2243,60.5698,46.2455
663.2389,101.0542,61.5224,46.8545
663.8504,101.6258,61.8530,47.3986
662.9529,101.7408,61.9880,48.0179
663.8849,101.3010,63.0021,48.2878
663.4433,101.8951,63.1027,48.8872
663.4302,101.3440,63.6482,49.4835
663.0636,101.0660,63.8177,49.8455
663.2064,101.4899,63.8848,50.0484
662.8035,101.1491,63.9480,50.4340
663.2817,100.6814,63.4341,51.0757
667.8839,99.2868,60.1087,52.9540
674.7219,105.3873,50.1828,59.9345
682.4532,102.8890,42.7759,63.0433
686.9460,97.5294,43.3602,61.2977
685.4916,95.1631,46.0434,59.2084
684.9329,94.5889,47.7413,57.9563
684.9523,94.2655,48.7546,56.9454
682.9160,97.4036,50.0516,57.3093
682.9730,95.4181,50.5951,56.8725
681.7581,98.0519,51.3905,57.3235
682.7786,95.0404,51.4797,57.1648
683.6401,94.0826,51.3185,56.1683
683.9745,93.1531,51.1618,55.5048
684.9358,93.1803,50.7043,54.4659
685.3435,93.5943,50.2447,53.6354
686.4365,93.8511,49.4736,52.2288
686.3916,95.6993,45.2497,52.3933
687.5783,102.0218,37.8494,59.1704
679.2997,96.1511,40.8294,55.0879
672.6060,98.1445,48.0078,50.7214
667.9278,100.4567,53.8147,48.5410
665.8615,101.5422,57.9195,47.6433
665.2791,102.0658,60.9014,47.2963
664.1113,102.5721,62.1107,48.1787
663.9586,102.2948,63.2995,48.8212
663.0602,102.5437,64.0672,49.5511
662.9042,102.3325,64.6457,50.2177
662.8666,102.4027,64.9712,50.7531
662.7985,102.6730,65.2637,51.1432
662.8230,102.2260,65.8513,51.3227
661.8904,101.9170,65.6849,51.6593
661.8082,101.6622,65.9510,51.7538
662.4550,101.8984,65.9589,51.9799
662.5171,102.4241,65.7489,52.3055
663.1174,101.6678,65.6494,52.7537
663.3818,100.9487,64.6989,53.1910
667.9570,100.1491,60.0449,55.9211
680.0215,106.4301,49.5850,63.4356
685.3203,96.7573,46.7949,61.6479
684.3378,93.3403,47.5809,59.4616
684.4548,93.5934,48.4521,56.7155
683.9181,94.2046,48.9065,55.2325
683.7132,94.7683,48.9383,54.0619
681.8449,97.2986,49.1425,54.8872
682.2211,95.1903,49.0422,54.4273
682.7039,95.0150,48.8064,53.5908
682.9306,95.3627,48.5009,52.6458
683.6191,95.0939,48.0345,52.0119
682.5970,97.4138,48.0297,53.1156
683.3737,95.1656,47.8584,53.0596
684.9702,94.7196,47.4368,52.2839
684.2778,97.0146,47.5855,53.0804
684.5051,95.0850,47.6841,52.9563
684.6238,97.0327,47.4429,53.7298
686.0325,94.9551,47.3515,53.5644
685.4441,96.7140,47.5659,54.1492
686.3335,94.9979,47.7656,53.5794
686.5179,96.9383,47.7372,54.3396
687.8588,94.9727,47.7570,53.9369
688.7163,94.9795,47.5144,53.0379
689.6441,95.1431,47.2852,52.3302
690.6435,95.2093,47.1361,52.0758
692.7313,97.2311,51.2686,48.5695
692.8542,97.8824,53.4515,46.8969
692.8936,99.2350,55.2847,45.5232
693.4404,100.9095,57.3087,44.5137
693.0624,102.8132,59.9244,43.8174
693.5811,105.4455,62.7287,43.2094
695.2138,106.9702,65.1489,43.4235
695.3834,108.8224,66.5562,43.3143
696.5844,110.7038,67.5546,43.3120
698.9647,111.3910,68.1840,43.5040
700.2728,112.2495,68.4275,43.6555
701.7452,112.8370,68.5676,43.9064
703.0376,114.0817,68.7833,43.7921
706.2075,114.3776,69.0732,44.0935
707.6174,115.7129,68.8158,44.1052
710.0553,116.7077,68.7971,43.9841
712.7427,118.2590,68.7926,43.9168
715.1182,120.6215,68.8931,43.6570
717.7656,122.8253,68.7982,43.8684
720.9849,123.5819,68.7561,44.3176
723.1754,126.4025,68.4253,44.0230
724.4469,128.0598,67.6043,43.2841
727.2928,129.1360,66.0615,42.1459
729.2827,131.7300,64.5568,41.3652
731.4343,134.5198,63.3008,40.7896
734.4702,135.9951,62.5169,40.1825
736.6721,137.5188,62.1882,39.8449
739.2126,139.3733,62.2423,39.6338
740.4924,142.0778,62.0840,39.3286
742.5024,143.3958,62.0105,39.3643
743.5421,144.1897,61.9251,39.4531
745.3188,145.6942,61.7562,39.5089
747.2540,145.7003,61.3598,39.3316
749.4587,147.3032,60.6998,39.1311
751.1781,148.0514,60.0581,39.1878
752.3527,149.7001,59.0217,39.0456
754.0004,151.0211,57.8850,38.8508
753.4293,153.0142,57.3177,38.9396
753.3117,154.0511,57.0329,39.3627
753.1193,153.8646,56.8584,39.7296
752.0422,153.8595,56.0707,40.2082
750.4326,154.5087,55.3705,40.4853
746.0250,155.9258,54.9016,40.3903
742.6350,157.7463,55.0977,40.4496
737.3929,159.7646,55.5546,39.8985
735.7775,161.6002,55.0803,41.1542
738.8309,162.3068,55.0497,40.6712
734.0193,163.0728,55.2601,37.8963
724.5204,169.4170,56.1060,35.1852
716.0994,177.4107,55.9037,34.9878
711.6251,184.9717,56.7711,35.0954
708.1802,188.8525,57.2163,34.1983
707.3805,193.0844,56.5665,33.2520
706.8013,195.2347,55.5228,31.8865
706.8486,195.6828,53.7264,31.6988
708.9276,195.3970,52.5371,31.6312
711.3785,194.1205,51.1080,31.4202
713.2216,193.3454,50.9011,31.1152
716.0261,191.6482,51.1484,31.2104
714.6141,188.6217,52.1404,31.4846
713.8345,187.2993,52.4331,31.8377
724.0665,184.4912,47.9659,36.6563
733.3495,185.2216,46.8622,39.4663
739.4542,184.1816,45.5623,41.7581
739.9092,180.6928,45.2429,43.3300
734.4075,180.8775,46.4988,43.7606
725.0429,179.7677,47.9390,43.2621
721.8819,177.3981,47.6675,44.3269
717.1473,171.0538,46.3312,46.4243
716.7880,163.7833,45.9477,49.7677
715.1035,159.8021,46.4998,52.4852
715.5464,157.8757,47.3905,55.3075
714.0985,155.7596,48.5619,57.0311
712.7518,154.1557,50.2625,58.4860
710.0129,151.7277,51.5911,59.7167
706.5525,149.3186,52.8826,60.3894
707.1555,149.0872,54.7419,60.4308
708.2119,150.5498,55.7510,60.1115
711.4323,150.4281,56.7940,60.8133
716.4636,149.5857,57.1882,61.9492
722.2143,145.9102,55.7975,63.6651
726.1153,146.0887,50.1213,69.6106
731.6690,146.2573,46.2846,74.4544
732.6212,149.4449,41.2237,81.4560
733.9488,145.0869,37.3639,86.0382
733.8984,141.2668,35.1252,88.3938
733.5417,137.3476,33.8142,89.3264
733.2753,135.8129,32.5839,90.9173
730.5208,131.0785,32.5080,87.3770
728.7011,127.5886,32.3291,84.1802
726.2578,125.1604,32.0286,81.6192
723.8669,127.6694,31.8361,79.9818
2
0
0
0
0
1
745.8127,175.1673,17.3034,56.4465
743.2965,173.5011,17.2507,56.6098
740.3103,171.3939,17.3687,56.4863
736.8570,168.8549,17.9294,56.3084
733.5029,166.5624,18.8173,55.7163
729.8162,165.3095,20.2859,54.4424
722.7860,164.4118,21.9847,53.8419
719.9358,162.2658,24.3664,53.1282
718.2485,161.1981,24.6316,53.3293
715.6083,160.3028,24.9779,52.7294
713.0497,159.7140,25.0273,52.4462
710.4955,158.4851,24.8552,52.4795
708.1223,157.1729,24.9248,52.2758
705.6027,156.7799,24.5882,52.0542
703.3143,155.6938,24.2352,52.0679
701.3982,155.1451,24.1189,51.9030
699.1270,154.0470,24.0111,52.0864
696.5573,154.3246,24.1548,52.2213
694.2697,156.0712,24.1046,52.2899
692.5623,158.2509,23.5686,52.6387
690.6454,161.9677,22.6375,53.1822
688.4907,168.9631,21.7745,52.6525
683.5915,179.9678,21.2377,52.0489
681.2288,193.8671,20.7765,51.6208
676.1153,211.9931,20.3616,51.3898
670.8823,233.2511,20.2799,50.7909
664.8264,256.3938,21.4479,47.9998
659.8318,267.4522,26.9721,43.0947
659.7785,268.4170,27.8685,42.0550
659.6901,269.3455,27.3740,41.2029
659.7668,269.9557,26.5210,40.6865
