1
285.5172,250.8418,43.6625,44.3104
286.8454,251.5264,42.9740,45.1735
287.7803,253.5617,43.3647,45.1612
288.2282,253.4644,42.9341,45.5869
289.1952,256.4882,42.0605,45.8816
289.3383,256.6923,41.8382,45.2967
289.5212,258.9057,41.1612,45.6413
289.3586,261.1469,40.9807,45.6056
289.0764,261.9868,40.2205,47.5197
286.0092,264.1536,40.5410,48.8442
285.1073,261.4118,40.3011,50.4880
283.7178,264.1988,39.2725,51.8063
282.4887,261.8778,38.1093,51.3720
282.0669,264.5619,37.2314,50.8974
281.9763,264.9849,36.3349,51.4268
283.0299,266.7560,35.5179,52.4409
284.0935,266.5283,34.9840,53.2046
282.8243,266.4662,35.2103,52.8876
283.5753,269.1494,34.4138,53.5356
285.5610,268.3263,34.0300,53.5944
285.6201,267.1479,33.4884,53.3400
286.7448,264.2703,32.7641,54.9075
286.6382,264.7583,32.8884,55.0268
286.4576,263.2360,32.5136,54.5484
284.4365,264.9166,33.0744,54.8137
283.3642,267.4158,34.0560,53.9203
281.8163,267.4508,34.9638,53.6516
282.0760,269.2927,34.7547,54.9422
282.6432,266.4991,35.1773,56.0337
279.7242,267.1312,35.7631,55.8863
280.8394,271.7395,35.2203,56.8504
279.2032,272.8295,35.5105,56.1468
278.8326,271.2643,35.4863,56.5995
280.7214,273.5264,35.5554,56.3875
279.6153,271.0678,35.8871,55.5452
279.5707,273.1140,35.5490,55.7125
280.2308,274.6629,35.1560,57.6928
282.0129,270.3468,34.5939,58.8350
280.2829,271.2357,34.7788,60.0476
282.0237,268.7636,33.3688,59.5994
283.1121,269.6877,32.3552,60.0294
283.0229,266.9311,31.7027,60.1362
283.7892,266.1135,31.5271,60.2383
282.5049,264.3079,31.7417,59.1021
282.5526,265.5877,31.5457,58.8928
279.3921,262.9035,31.4129,58.9651
279.5244,262.8670,31.3732,59.5799
277.7341,262.1064,31.4476,59.5604
278.1464,263.3784,31.2190,59.8907
278.0493,264.9826,31.5795,59.3044
278.1392,264.9429,31.4597,59.4965
278.6763,264.3884,30.7101,60.7842
277.8209,264.6275,30.9803,60.1350
277.1551,265.4225,31.2888,59.4854
276.7509,265.5971,31.5737,58.9107
275.7659,265.9777,31.7077,58.8219
273.5347,266.0813,31.6800,58.8153
273.4354,266.5876,31.3577,58.4651
272.8175,266.2275,31.1022,58.6010
272.7539,265.7156,30.9051,58.8168
271.4244,264.9563,30.6791,59.1543
268.7710,265.9479,31.0250,58.6258
267.6315,265.9805,30.9626,58.5441
266.4647,265.2221,31.1206,59.4164
265.2890,266.5771,31.1488,60.2826
263.8922,267.1982,31.1772,60.7140
262.4770,267.3523,31.6130,60.5216
256.4568,266.1375,33.3469,57.6245
254.4219,268.6896,35.3920,55.9065
252.1924,269.9116,36.8411,54.7912
250.3133,269.2936,37.8775,54.2860
248.1773,269.4154,38.4029,53.8968
246.9881,269.5150,38.8084,53.5789
245.7345,269.1758,39.0302,53.4514
244.0942,267.9746,39.0951,53.6812
244.2386,269.0241,39.2280,53.5437
244.8320,268.6393,38.9562,54.0491
246.9992,269.1334,38.4967,54.1187
250.5778,270.2095,37.9790,55.6225
249.8942,268.7085,38.8526,55.2917
250.5321,267.8212,38.7926,55.6295
251.7961,268.3919,38.6217,55.7079
252.7077,269.6573,38.6496,55.3630
253.6732,270.6907,38.5080,55.8573
254.6585,270.7723,38.5234,55.6586
254.7761,271.6550,38.2432,55.9697
253.4142,269.5375,38.1070,55.6757
252.6008,271.8987,38.0658,55.6277
252.6091,271.0008,38.0143,55.8996
251.5637,270.9192,37.9532,55.2714
251.2869,270.9291,38.1139,55.3188
250.3645,270.9174,38.3546,55.4606
249.5135,270.9597,38.2028,55.0694
249.2642,270.2452,37.8442,55.8267
248.9832,266.9776,37.2600,56.7230
245.4370,266.6910,38.4704,55.4505
244.0443,265.7750,38.8029,55.0996
242.8105,263.9063,39.5495,53.8923
239.6187,267.4674,38.9363,53.7667
240.3246,266.8037,38.9201,53.9562
247.5147,277.8729,41.1490,53.3554
261.1981,298.4263,43.6284,51.5442
277.3611,307.9489,45.9960,49.7289
298.1580,316.6842,47.0422,49.3786
320.2696,329.3546,49.5325,47.1246
338.3056,336.2033,51.1216,47.7401
348.9361,331.3004,49.6211,50.4536
353.0059,330.4419,48.4081,50.4641
356.7790,331.6884,47.2381,50.3800
360.2903,328.2719,47.2364,49.2038
363.6860,321.2508,47.1803,48.3847
368.2472,320.1310,47.0042,47.8396
371.1313,320.7888,45.8907,47.2103
366.0946,318.5024,45.4154,46.6149
364.6795,321.4170,44.5903,46.0814
366.2367,324.7359,43.8955,45.8096
364.2293,325.9576,43.1928,45.8808
361.6007,327.2415,42.7444,45.0132
359.4125,327.0895,42.4004,45.0887
360.3107,328.2172,41.7394,45.4992
359.5997,327.3975,41.6656,46.9253
353.5980,329.1239,42.0519,47.1746
350.5862,328.1396,42.6708,46.1881
344.3776,325.4850,44.1867,45.1077
334.5485,319.8580,45.0236,44.8550
330.2689,317.9436,44.8900,45.1017
331.7632,321.7404,44.5176,45.2036
334.5225,324.1768,44.1801,45.7451
332.4339,320.9957,44.7681,45.1259
328.9729,319.3630,45.0956,44.3574
329.9614,319.8954,44.6572,44.1760
328.3914,320.7892,44.8627,43.6199
330.2802,319.6361,44.8167,43.1321
329.6575,315.9157,45.0801,42.1296
325.4134,311.2798,45.2781,43.6164
320.3331,308.7821,45.3791,44.0207
319.6295,309.7759,45.4081,43.9498
316.4918,315.0783,45.9100,43.9374
312.8149,313.7301,45.2666,43.8365
305.3499,317.6094,44.9741,44.2037
304.1684,318.6982,46.5539,43.8208
304.3762,320.9695,47.2036,43.8293
303.6744,321.1296,47.1305,43.9790
303.5354,319.7668,47.5571,43.1821
306.3260,316.2732,47.3582,42.8506
307.5795,310.8347,46.6799,44.2931
309.0671,306.6534,46.3550,44.4923
309.7493,303.5956,45.6432,46.6260
310.9774,299.0518,47.4799,44.8291
312.4208,296.9582,48.3194,43.8832
314.8438,294.8435,48.2748,43.3033
315.5967,294.5719,47.6979,43.4334
316.8722,294.7458,48.1561,42.6528
315.9094,294.7838,47.8266,42.4977
316.9108,288.6586,47.3641,43.5762
319.2284,287.8260,47.1346,45.2619
321.1163,284.5151,46.8683,45.9950
322.1739,283.7885,45.7640,46.6889
323.0130,282.7534,44.9640,47.0657
323.7846,281.3860,42.9325,47.6639
325.0059,275.7513,42.7714,48.1701
326.3825,275.0207,42.5628,48.2479
325.8171,274.7505,44.3618,46.6951
325.7259,274.8618,45.6747,45.7295
326.4318,274.4945,46.2853,45.2348
327.3253,270.9373,46.4202,46.2516
329.8850,269.7174,47.2074,46.2169
330.5651,268.8683,47.3874,45.5960
332.8850,266.3475,47.2602,45.9719
334.8193,266.8373,46.0472,46.7669
334.7498,268.8847,47.0341,46.0442
335.8707,269.1324,46.9423,46.3413
334.8631,269.0927,46.3259,46.6426
335.9489,267.5039,47.7796,46.4118
334.0668,266.3443,46.5449,47.3498
335.2131,265.0207,48.0419,45.3682
335.2208,262.6675,47.1805,46.9636
333.2313,259.3503,46.3518,47.6904
333.6130,255.6217,45.9155,47.3150
335.8757,251.9622,44.9175,46.9569
337.6815,249.2348,44.6424,46.6905
338.9781,248.5015,45.1591,46.2760
343.0471,245.4785,44.2925,46.7885
352.0153,242.5701,44.6651,47.3961
353.5953,243.5519,45.4760,47.5024
354.3722,246.3566,46.1075,47.2572
355.3078,245.0834,45.9212,47.4127
355.2070,243.7517,46.3775,46.7417
355.8041,243.9130,43.9135,46.9470
355.6770,245.5250,43.4318,48.1413
354.8260,245.2491,42.0503,48.1632
356.6114,244.6050,41.7957,47.7655
355.9596,246.5872,41.2624,47.4832
357.6497,245.7469,40.9115,47.2704
359.7854,245.1508,41.2931,47.0873
361.2791,244.1252,41.6198,46.5213
363.5156,240.2582,42.3904,46.0157
366.2043,240.6297,42.1934,45.5751
387.7296,242.8687,42.0785,46.4429
390.2834,246.2983,42.5814,45.7598
388.7425,246.0387,43.2758,44.8269
391.2164,250.7160,43.7871,43.8447
388.8550,238.1526,43.4992,43.9756
391.1720,234.2967,42.3892,44.9885
392.6912,232.3211,41.5233,45.7074
394.0156,231.9395,40.5408,46.9065
390.3580,235.4732,40.7705,47.4645
391.4606,235.8135,41.2242,48.3280
368.4836,243.1321,41.1649,47.9787
363.0775,247.9474,40.3323,47.6569
362.3732,248.3627,40.0411,46.7175
360.4524,251.7655,39.8398,45.8963
355.5764,253.4443,39.6655,44.7864
356.7445,250.8332,39.2690,44.0235
355.6149,248.8290,39.3265,43.1308
357.0106,247.5897,38.7249,43.8538
354.3308,246.1944,39.0471,43.3962
352.0329,247.0289,39.0831,42.3646
349.6945,248.1594,38.9009,41.7533
345.4929,246.3924,38.9713,41.0791
343.7014,243.9878,39.0164,40.4154
341.6079,243.2994,39.2072,40.2061
339.9000,242.9865,38.6746,40.5859
339.5242,241.5401,38.5739,40.6118
338.3635,241.9553,38.3249,40.3169
337.6251,241.4766,37.6400,40.6864
339.3665,241.4138,37.4807,40.9672
339.6855,241.0495,37.4347,40.8909
339.9396,240.6225,37.0690,41.5031
338.9071,237.3503,37.1786,41.8437
341.2954,234.2185,36.9725,41.8092
342.4045,232.5020,36.6820,41.5387
342.4575,232.5307,36.4732,41.2242
342.4333,232.2174,37.0385,40.3286
343.6677,232.0086,36.7081,40.0080
343.7166,231.6533,37.0055,39.2995
345.3837,226.7085,36.6818,39.4218
345.7339,230.9068,36.0121,39.9244
346.2972,231.1310,35.6152,40.1940
342.6719,230.9351,35.4652,40.6883
345.2209,229.1824,35.1694,40.6252
344.6411,221.2553,32.1698,44.2401
350.4153,220.2076,29.1975,47.3147
350.6472,218.5066,29.3216,47.2367
351.0984,218.1369,29.8235,46.5818
350.9637,215.6793,29.2525,47.5795
351.6243,214.3177,29.4246,47.9408
351.9575,213.3084,28.4949,49.5345
352.7917,211.4536,28.5005,49.9090
353.4297,210.9160,28.5175,50.0221
354.0605,210.8350,28.2780,50.1059
351.3771,210.5773,28.3077,49.3491
354.1952,208.2679,27.5042,51.5199
355.7529,206.9052,27.4903,52.5647
357.4031,206.5264,27.8913,53.3230
358.4535,210.3506,27.9111,54.3256
364.2370,209.7382,28.7390,54.3199
368.2469,209.3804,27.6453,54.4470
366.7969,214.9972,29.0738,53.6902
363.6871,224.2808,29.2229,53.7103
362.3835,226.1924,29.4557,53.6685
358.3336,229.6269,29.8428,53.9738
353.7869,231.2288,29.6333,55.1158
352.8238,230.4678,29.2196,55.6937
353.0773,230.1217,28.8447,56.1636
353.3835,232.7766,28.6332,56.3980
352.9263,230.5663,28.2199,57.0579
353.1730,230.1231,27.6923,57.9385
353.9272,231.1185,27.5388,58.2761
354.8889,230.3159,28.0109,55.7400
355.4647,230.5109,27.6719,56.4953
356.5749,233.6402,27.1755,55.5485
355.8723,232.2236,26.7200,55.2090
372.2272,227.8911,26.4063,56.1065
376.5023,231.3060,26.2529,56.2286
387.6404,239.1126,26.5199,56.8823
388.6950,238.6858,26.6074,57.5909
2
0
0
0
0
1
360.8087,235.6630,34.8826,37.8659
362.0935,236.6985,35.4659,36.8934
362.9102,237.0758,35.6976,36.2123
365.0664,238.6367,35.6922,36.4311
365.8083,239.4302,35.7897,36.4378
367.3033,239.4427,34.9965,36.9391
368.0639,240.5929,34.7520,37.0600
369.7697,240.9432,34.5975,37.2036
373.5869,239.3193,31.7695,40.5934
355.6334,228.8488,29.6383,42.0410
359.6826,227.9466,27.8942,43.2528
363.8935,227.1189,25.8262,44.8689
366.9580,225.9223,24.3974,46.2091
368.0135,216.7904,24.0521,45.3994
360.2628,218.6765,28.3606,40.8750
360.5934,226.3746,30.0580,37.4884
360.5769,227.6673,30.9459,35.3672
360.9969,229.2407,30.9460,34.0307
364.8219,229.1517,30.5610,33.2206
364.1937,229.9343,30.2761,32.2168
362.5555,225.0818,27.9034,33.9855
366.1068,229.2723,28.3630,32.6902
363.6201,224.7171,26.3823,34.3069
366.3266,224.1852,27.7656,33.0320
361.5962,226.3131,28.7808,32.3423
360.4477,228.8137,29.3895,31.5005
360.3104,227.4440,29.9300,30.0616
363.8479,227.9159,29.7208,29.6143
363.2964,226.6696,29.7402,29.1930
362.3022,227.2840,29.6346,28.7010
384.2302,240.1623,30.0904,29.1723
387.5549,238.7008,30.9337,29.2470
387.3847,238.6634,31.6427,29.4633
386.8263,239.4914,31.6437,30.2638
387.5835,240.1327,32.3429,30.5653
387.5663,239.5424,32.1166,31.5476
386.9341,238.8298,31.7587,32.2763
387.5807,237.3559,31.3955,32.9002
388.7846,236.6226,32.5409,32.2691
388.4050,238.0643,33.5160,31.9994
385.9602,240.5931,33.0527,32.8456
387.1001,235.9799,34.5167,31.5591
390.9045,232.4774,34.6852,31.3461
388.7578,229.2968,35.8096,32.0327
374.3263,235.9046,35.5231,32.9570
367.6783,241.2926,36.7935,32.8437
363.8510,240.9625,37.2772,33.1688
364.0225,239.6249,36.8137,33.4572
364.1699,240.2525,35.9708,34.2504
363.7336,239.9810,36.1647,33.8752
362.7949,239.3898,36.0627,34.1480
362.6492,241.0486,36.2806,34.6691
361.8951,239.8898,36.2546,34.5635
360.8329,238.4802,36.3300,34.4069
360.4409,240.6760,36.5799,34.4581
360.2473,235.2318,35.3545,34.4424
362.6463,235.7536,34.5691,34.5857
