1
299.6476,136.2623,73.2319,88.7784
296.2372,138.2754,75.2508,91.6513
296.8265,142.6487,76.0135,92.9434
297.2789,143.3895,76.0366,95.0243
299.8763,143.1200,76.2930,96.1046
305.2791,142.6699,76.1770,96.3153
308.1038,142.6064,76.1932,97.5018
306.1836,139.5495,77.6887,98.5847
305.5186,142.6064,80.4820,99.5805
306.2663,142.3517,81.8513,100.6433
308.2127,141.9354,81.8098,101.6496
313.5405,139.2253,84.8313,101.3547
319.5817,133.7153,84.6698,101.0530
327.4101,129.3577,83.8464,102.0204
330.8541,125.7559,83.4932,101.9942
331.1306,126.7494,83.8560,101.0906
330.5483,123.7224,84.4493,101.7276
329.2725,121.6905,84.1110,102.5733
332.5576,116.8550,84.2137,103.1871
338.7852,112.7149,84.4604,104.4842
343.6721,108.9559,85.3445,104.9305
348.8013,106.4414,85.7600,106.0595
354.4680,106.1421,86.1342,107.6261
362.9103,112.0699,87.9219,106.6747
370.9659,121.3942,91.0639,108.3970
375.2843,123.1369,94.0859,110.7192
369.8041,119.1665,94.7610,109.9753
360.3973,104.3800,92.7016,109.9435
349.8693,91.2742,91.5966,108.6044
342.6006,85.4134,89.3647,106.7540
336.3362,80.9828,87.3160,106.4226
334.4489,80.5374,86.6431,105.4640
333.6584,83.1012,86.7722,104.9615
338.2701,90.8881,88.2570,104.3052
348.1158,107.2627,90.3419,105.7178
360.8012,118.9631,94.3576,105.4792
369.8004,132.0199,97.2175,108.7179
368.4230,126.7905,100.4966,109.4455
362.6821,112.5372,98.6136,111.0036
358.7479,98.6267,94.8326,111.4731
357.8913,88.9423,91.5789,111.6729
354.7506,84.0498,89.6596,112.7455
354.9718,82.5381,87.6807,113.9354
355.9911,84.7735,87.9571,112.6665
359.1269,90.6098,88.8458,110.1759
362.8532,104.0449,89.5642,108.8506
369.1524,121.3096,90.3408,108.9963
377.8899,138.5620,93.1540,111.7394
374.7947,139.5936,94.9571,116.8281
369.1915,128.3035,93.0702,122.1382
362.5966,111.4633,91.4564,121.8659
359.6967,102.8335,89.5266,122.7551
356.2838,98.3426,88.4963,123.9415
353.3260,99.8968,88.7458,123.3419
351.2844,105.0921,88.2797,122.6941
351.8991,119.4860,87.6360,122.8015
356.7671,131.4074,89.9734,120.6315
353.6042,149.5734,89.3258,119.1180
350.9736,170.2291,88.8548,118.6780
342.4428,164.4002,88.8754,118.6188
335.2117,143.7755,88.4687,115.8623
325.8726,128.1741,87.3799,112.4893
319.0088,121.9856,84.6645,110.0712
312.9384,117.0251,83.5392,108.8349
304.5392,117.4316,81.8125,106.8479
302.9407,120.6541,80.5426,105.1239
301.9948,127.1664,80.1172,104.2856
299.3506,138.4999,80.7577,102.8625
300.4855,153.5195,80.0486,102.3449
301.4282,166.1544,78.8663,103.3838
301.7640,183.5910,79.1770,106.7874
295.4921,183.3079,79.4385,109.7246
287.4592,169.4785,78.5872,109.4095
279.7534,142.9874,77.5163,110.4348
272.4964,129.5478,76.2031,110.6952
267.7957,123.1845,75.6312,109.6549
266.9753,122.4906,74.2064,107.8524
262.5315,123.4122,73.3023,105.5343
257.3103,128.9090,72.7921,102.5225
258.2493,139.5879,71.8540,101.1171
257.9895,152.3714,71.2932,100.4658
256.3307,170.8595,71.9169,98.6648
253.5735,183.1091,72.1224,100.5695
253.6035,184.5191,71.2786,103.1761
249.1080,177.3067,70.7339,103.8360
244.7289,170.3724,71.3839,99.5827
242.4480,170.0678,71.5205,95.9284
239.3776,175.7644,71.0210,91.4420
239.2707,181.2514,71.6204,88.5321
235.8852,189.1914,70.8770,86.1749
236.3879,199.7426,71.4634,82.5290
234.4857,204.0700,71.5762,80.2299
230.3475,198.6265,71.3112,79.8238
229.4216,202.0953,70.6406,78.5891
235.5793,202.6709,69.6909,78.0592
167.7537,175.7033,67.9538,85.0870
168.3784,171.9415,67.3653,90.6182
175.3689,162.9167,68.2166,95.8572
173.3618,165.7394,68.8981,97.2745
179.9680,154.4216,70.9690,100.5350
181.4260,150.1465,74.5615,100.8889
175.4143,152.2898,74.0309,102.1871
2
0
0
0
0
1
270.5129,176.2565,44.2957,52.2724
271.8165,181.7490,42.8600,52.0015
260.6907,166.4341,44.3331,50.6167
251.5557,160.8555,44.4320,50.4856
245.1766,155.1492,45.3590,52.8782
233.1151,148.9236,50.5092,47.9946
243.9848,151.3135,50.6751,49.1514
239.2649,146.4329,50.2264,50.4991
240.8117,146.8647,49.4938,49.8725
232.1045,148.3226,48.5939,52.4952
248.5642,124.0379,47.7879,52.4792
257.0127,141.2938,47.6662,52.0828
253.2292,141.9762,48.4089,51.3552
258.4965,161.9993,47.5378,50.7487
251.8971,158.4567,47.3901,52.5869
248.8414,155.9642,48.5609,54.0100
257.1218,133.6148,50.2419,54.1858
264.3752,131.3044,50.6490,55.5076
266.0576,130.9624,51.8455,54.9206
273.0192,123.6601,51.7459,54.5910
281.0947,124.2427,45.9866,61.5789
236.0831,90.2193,45.5531,63.1527
2
0
0
0
0
1
273.1334,145.4351,82.8908,95.8876
275.4809,147.9091,82.3136,95.9958
271.5963,148.2335,83.1026,96.2420
265.9388,146.8910,83.6671,97.4706
263.1810,146.8448,81.1679,97.4143
262.1979,148.9677,81.0519,97.6881
264.0420,147.9928,80.6965,99.8982
264.2717,145.1202,80.4602,100.8993
261.0761,145.3321,78.9355,100.8391
254.9828,135.9050,82.6328,100.6812
249.7563,134.2371,83.2353,102.0763
245.1189,132.3554,83.9479,100.0024
234.4681,134.8668,83.5536,101.5107
223.6782,137.5519,83.4480,100.7438
217.9309,139.5988,86.4003,104.0269
212.6366,137.3874,86.1545,108.0710
211.3785,140.2178,84.4741,109.1504
209.3850,137.7182,82.5874,111.5566
208.0659,135.4558,82.4563,110.4846
205.7997,137.2928,81.8175,108.7286
203.2816,137.1629,81.0430,110.4897
202.3218,137.7262,81.8576,111.3316
201.0225,139.6818,83.1891,112.6181
200.4798,141.1454,83.0245,112.6477
204.3093,139.6572,82.3262,114.6800
207.5874,142.7437,81.4272,117.5147
213.7138,145.8529,82.0775,120.4801
222.0797,147.8535,82.9871,121.8466
228.8630,151.7655,83.3661,121.1967
233.1253,152.5499,83.2702,122.4273
245.7603,154.0911,84.3835,122.4038
253.8572,158.9176,83.6817,124.3809
258.3799,156.7603,88.9561,115.5770
262.3353,159.5282,89.5172,115.9355
266.1322,163.4618,90.2774,114.4208
269.9511,170.0308,90.2448,115.4670
271.4090,171.6322,90.1882,115.1002
277.2526,173.6359,89.2521,113.0436
283.4441,174.3928,86.0675,112.3782
284.8412,177.5286,83.7616,111.3511
288.5208,177.3958,86.6765,103.0162
295.4170,177.7583,85.9760,99.8859
299.5853,178.7688,86.0131,96.9749
300.3095,179.3536,85.6079,93.3410
300.8539,176.0587,86.6275,90.3944
301.1432,175.8716,89.7146,85.5002
313.8636,172.9667,89.2637,83.6059
327.4051,168.8743,91.2453,81.2270
328.5085,169.3499,91.5788,77.1599
332.0112,171.3397,90.8337,78.8759
336.3353,180.0100,88.7405,82.8945
339.9179,184.7216,88.0775,85.6084
344.0762,197.6131,86.3031,90.0145
343.5746,185.5816,85.9895,90.4698
342.8648,170.1929,85.9027,93.8316
335.9811,160.6601,85.4568,96.2935
333.2678,155.7495,86.4159,99.0146
331.1104,155.7238,84.9868,102.2956
333.3224,164.9102,83.1287,105.9384
323.4141,174.9701,86.3517,104.4113
325.1447,184.2155,87.3626,104.1534
331.3384,193.1916,88.6176,104.6987
335.9314,184.4371,86.9150,107.7919
332.5447,168.2582,87.9770,105.0062
331.8098,153.9533,86.6681,104.3577
328.0479,146.3878,86.9265,102.0632
326.6832,144.1606,85.8478,101.3048
324.9296,142.3107,85.4366,100.4994
322.8745,166.7983,87.4291,92.9509
323.1341,165.0224,84.3662,97.3044
319.9699,178.3426,85.0677,96.3271
317.4816,178.6389,82.8322,101.1032
311.6486,169.9363,82.3601,100.3866
305.4349,159.8740,80.9351,99.5778
300.8933,154.3928,80.5456,96.6423
296.2268,150.1725,79.3623,93.5277
291.7961,154.5668,78.5346,91.0202
290.8634,160.7547,76.6681,89.5456
288.4174,166.2911,75.9228,87.8001
284.7169,178.0453,76.1176,86.9483
286.8206,189.1154,74.0025,89.4276
289.1804,191.9115,73.0556,91.1724
292.4749,186.1437,72.8100,91.0582
293.3801,181.0008,71.4340,91.1097
292.6143,175.2284,70.6647,89.4033
294.0949,170.5597,69.0626,87.3602
295.5817,171.3846,68.4056,85.2567
295.5190,173.0946,67.8462,83.6441
296.2628,181.4822,67.1647,84.4887
295.7556,189.7929,65.6715,84.2501
293.5995,191.6238,65.3579,83.5013
293.3647,182.5088,63.7612,87.7448
287.7694,167.0171,65.8303,83.5370
284.3616,161.3613,64.6247,83.3177
283.5018,158.9556,63.1535,82.6692
282.8914,160.8863,61.9619,81.7378
283.1828,164.5222,62.1809,81.3778
284.5935,170.8417,62.1972,81.1832
283.7701,178.3216,64.1637,80.3897
283.1611,184.7119,65.8995,81.4041
280.6848,185.9922,68.0075,80.9236
283.7924,169.2746,67.8439,77.5925
284.7962,174.1339,67.4360,75.3519
289.8186,180.9621,66.3003,72.6148
293.1884,187.0532,64.4777,73.7010
295.0961,184.2996,63.9392,71.2223
293.6729,174.5775,63.0801,68.9049
293.1032,166.0030,62.0463,66.3525
294.2145,156.4006,60.6961,64.6884
295.4543,149.6338,60.2913,64.1364
296.9136,145.6714,59.6693,62.8530
298.8032,144.2238,58.1087,61.9956
299.8231,145.9084,56.4978,61.4669
301.4879,151.9680,55.0209,60.3442
300.0036,156.0327,55.3770,58.8516
299.4874,154.9699,55.5003,56.8410
299.6604,149.3893,54.8903,54.5086
301.0661,138.2097,52.9610,54.2505
303.1021,130.9014,51.4268,54.8734
306.7123,130.2676,48.6907,55.9297
307.1835,127.2079,47.7517,55.8453
305.5147,128.1589,46.7298,54.9250
304.0754,131.5389,46.4790,54.4994
301.7622,137.2345,46.5905,53.0628
299.9121,140.9958,46.1117,52.9077
296.6042,139.9831,45.5128,52.5892
294.5246,134.8861,45.7033,52.4151
292.2228,128.6388,45.5407,52.1298
292.7524,125.6170,44.7741,52.2222
292.3234,125.0808,44.9811,51.8083
290.4255,126.0893,45.2876,50.7102
287.9166,131.1415,45.8704,49.9007
286.1720,138.9581,45.6427,50.5291
285.7961,147.4267,45.9345,50.7054
284.8981,150.8825,45.3388,50.7624
284.4005,148.7630,44.2626,51.5608
281.4856,149.7411,45.4688,50.2386
281.9106,148.6124,45.9695,48.3595
283.6134,149.0724,45.7473,47.0540
286.6225,149.5240,45.4068,46.2860
289.0737,151.7024,45.3792,45.6820
291.7141,156.5661,45.2217,45.6803
293.4459,160.4780,44.2172,46.4149
292.8965,162.0952,43.9073,47.0617
292.3250,159.8152,43.8280,47.4951
291.9618,152.4529,43.8955,47.2304
292.3716,146.0127,43.8894,46.5392
293.3508,142.3761,43.2952,46.7497
294.8307,142.4260,44.2238,46.1982
293.2609,141.9580,44.0280,45.8709
293.9351,145.7673,43.4962,45.6648
297.1252,150.0036,42.6982,47.0271
298.7311,149.4020,42.2084,48.0809
298.4350,146.7155,42.0410,48.4554
298.6880,141.1977,42.0083,48.6035
300.3319,135.3938,41.8593,48.6737
303.4814,131.4322,41.7710,48.6167
305.8563,130.0301,42.2604,47.9350
306.5935,131.6586,43.1992,48.0913
308.6486,135.9756,42.9155,49.0575
310.7353,141.6762,42.4846,49.7629
311.3392,141.6408,42.0274,51.5911
310.9169,139.8660,41.9938,52.2661
310.1722,135.0006,41.5815,53.1549
308.2252,127.6952,42.4720,52.4892
309.4232,122.6887,42.6904,52.2778
310.3056,121.6643,42.6277,52.4763
312.0226,122.3855,42.1171,52.2364
313.3853,124.1396,41.1049,53.0115
310.2366,132.8939,41.8507,52.5652
303.3676,142.8055,44.1166,51.9018
305.3853,146.7897,45.2692,53.1928
307.9841,147.2838,45.6309,53.3688
309.9044,141.9291,46.0597,53.2872
313.5103,132.2529,44.5912,54.2881
315.8853,125.6144,43.7007,55.0711
315.6287,123.8923,44.0570,54.4582
311.8924,124.4415,44.9465,53.3702
312.3873,128.3519,45.7359,52.5231
311.5949,134.9165,45.9896,52.2856
313.5433,138.2417,45.5409,52.8872
312.4909,138.5386,45.6565,52.6659
313.4714,130.4757,45.0214,53.3807
312.6822,123.4446,45.3466,53.1695
312.2888,114.1738,45.3592,53.2365
280.7771,101.0354,40.8526,60.6580
2
0
0
0
0
1
309.2979,128.4479,35.7954,49.1555
307.9416,123.6750,35.5919,49.0707
306.1258,120.8585,35.9830,49.2411
306.0010,116.2122,36.0602,49.1870
306.8760,118.6670,35.6244,49.2003
307.9227,121.8065,35.3378,49.2160
306.9561,128.6137,35.5912,48.8729
307.1565,137.5499,35.0963,48.8488
308.8308,142.8485,35.2720,48.9910
309.0111,143.0131,36.0071,49.3926
312.0069,136.6526,36.2577,48.7576
313.2562,129.4073,35.2101,48.5005
314.7269,124.5451,34.6047,47.7496
316.7942,124.8929,33.9582,46.7843
319.1110,127.3085,33.1904,46.1537
321.0128,130.7325,32.4492,46.1497
322.0618,135.1611,32.6645,45.9392
323.0380,136.2552,33.1745,46.7906
322.5962,136.5497,34.4086,47.8322
321.8642,134.6025,35.2335,48.3171
321.8711,134.2999,35.7633,48.5132
323.2985,134.5771,35.3713,47.9013
321.1469,136.1461,34.7672,46.8168
325.1231,137.2751,34.5600,44.8565
327.7328,140.7109,35.1085,43.6061
321.3641,140.0854,34.3655,42.3332
319.7047,141.4520,33.6948,40.9283
321.5328,141.9850,33.6079,39.1986
313.7693,140.8967,33.9355,37.9944
313.7495,139.0251,32.5786,38.7001
315.6512,140.1463,31.5786,38.2865
314.2213,140.9123,30.1715,37.7456
313.3110,141.6667,29.1827,37.4756
312.0786,144.1991,29.2712,36.8843
310.5555,143.4599,29.5083,36.8531
309.4182,145.8083,29.2695,37.2500
309.1578,146.3357,28.1414,37.9663
308.2595,141.7108,28.3828,37.8559
309.6270,135.9177,28.6328,38.8943
307.3676,136.6954,28.9252,39.4487
305.9534,134.6067,27.7312,42.0968
305.6586,135.4612,27.1707,43.5693
306.8233,135.2409,26.6887,45.0812
308.9375,134.3860,26.6133,46.3480
309.5110,134.2308,27.1430,47.5527
309.4416,133.2177,27.4716,48.1292
309.6169,133.9518,27.6042,48.8863
310.8605,134.9017,27.3859,49.7712
313.9261,136.8475,27.6378,49.6161
320.5373,150.8213,29.4985,47.5344
322.5537,159.9767,31.8095,45.0188
307.6520,158.0284,33.2511,42.8554
308.7436,159.1185,33.6467,40.2575
2
0
0
0
0
1
346.2975,161.1621,42.2056,53.2567
347.0382,164.9079,41.2042,53.2253
325.2907,198.4603,38.6943,57.8439
327.4059,197.7348,36.9002,60.6421
