1
280.8591,130.7996,86.5777,63.9613
281.6529,133.2303,90.6184,63.3189
282.4823,136.4413,93.8060,63.6324
282.7422,137.7892,95.8194,63.9911
280.6944,140.0787,100.0225,64.2709
282.7164,141.0745,102.8038,65.2168
282.4311,143.1599,105.0855,65.7206
281.7536,144.2954,106.5266,66.6957
280.1688,143.7860,108.1493,67.6814
281.4222,143.4393,110.7426,68.9252
284.0377,144.1855,111.6724,69.6057
283.9590,143.3371,112.7326,70.8531
285.3997,142.0791,114.4137,71.9023
285.3525,138.8285,117.1274,74.0608
289.4689,135.9499,118.1721,76.6067
292.1579,134.9069,118.4665,78.7437
296.9856,135.9215,120.2336,80.2131
299.1898,137.3147,122.7338,81.7499
301.5294,138.3733,123.7012,82.9720
305.3336,138.8751,125.7165,84.8290
307.5025,139.9631,127.3219,85.0703
307.5135,137.1529,128.4591,86.2003
309.3250,136.5045,130.4947,88.5379
312.7049,135.9296,131.0883,89.7542
315.7810,133.6451,131.0525,89.7903
322.5770,132.4137,129.6157,90.9826
325.1425,130.6357,130.8252,91.0933
327.4867,129.5073,132.5246,91.4518
330.8984,127.7217,131.6202,91.8683
332.1771,128.1612,131.6026,92.6272
335.1708,127.2754,133.8630,94.7093
336.0919,127.9209,135.9026,98.1977
335.6536,127.5378,137.0600,99.7465
334.4662,128.7456,136.7161,99.3212
333.1620,131.3607,137.5025,99.7881
332.7785,134.1507,140.5788,100.7243
331.5406,136.2075,140.6994,102.0171
332.4492,137.1245,140.2779,104.5930
334.4072,135.7699,139.6225,105.6837
335.9458,135.1160,139.6303,107.0470
336.8467,135.1398,139.4976,107.2717
338.7808,134.6549,140.6423,107.4687
338.2390,135.3899,142.1013,107.1664
337.8649,134.6226,142.4757,108.4399
339.2208,134.9828,143.2258,109.0114
339.9051,136.5593,144.3874,109.3846
338.1766,137.5244,146.3587,110.5565
338.8738,138.5453,147.7822,111.1997
336.4603,141.6837,149.3929,111.9532
335.6432,142.6279,152.7461,111.7340
336.6735,141.9288,154.9157,113.0541
333.1640,141.3263,158.4155,113.9906
334.6983,142.5302,160.1207,115.9340
335.6077,140.7957,159.8927,118.1950
334.3189,137.1920,160.7581,120.4115
332.8355,135.4314,162.0509,121.0486
328.6677,132.5933,162.4304,120.8672
327.8144,131.0650,163.3110,119.8866
325.8484,130.1318,165.5820,118.1152
321.6664,129.7843,167.1589,116.8850
318.6163,127.2724,168.3094,116.3688
315.1315,126.7478,170.4390,115.8047
314.0389,125.5714,168.7388,116.5891
311.5860,124.1297,167.6520,115.9802
306.9858,120.4239,168.3034,114.6167
303.2983,117.8944,169.1744,112.4225
300.1996,116.7120,168.6789,111.1491
296.5341,112.7570,168.7463,110.9673
292.7149,111.7179,167.9544,110.4188
289.9802,111.5719,169.6471,109.6311
285.7812,110.1555,173.5505,109.5457
279.3856,111.6568,177.0405,108.7402
276.4021,110.1568,178.3635,109.3087
271.6500,110.6857,180.2509,109.3628
267.6560,110.8787,181.5376,110.4245
262.5466,111.2207,181.6943,111.7474
257.1894,112.2464,183.4416,110.7503
253.6223,113.9095,184.6332,110.4276
251.1522,112.5194,183.7954,110.6834
246.8553,112.8103,184.0744,109.6102
244.7144,112.3749,183.7231,108.9708
241.4670,111.8207,184.4116,109.6115
238.2723,113.0993,185.7810,109.8220
236.5759,112.5072,185.5656,109.7755
235.4857,112.9365,185.9624,110.2440
236.3707,114.6784,187.6382,110.9277
237.6576,115.2603,188.5002,111.4182
236.7049,116.4227,189.6640,113.0553
236.7585,116.7745,190.4754,113.6284
239.3291,117.2717,192.3700,115.2326
237.5229,116.8582,192.1984,115.8764
238.2260,118.3875,193.6868,116.3766
239.0648,117.6343,193.3845,117.0123
237.9496,117.9159,193.2276,117.1007
238.1000,119.2091,193.4588,117.5184
237.3367,121.4322,193.9016,117.8390
236.2832,123.8339,193.1972,118.4377
235.4796,125.1998,193.9611,119.4226
234.0672,127.9251,194.1196,120.1573
235.3643,129.5057,193.7939,121.8368
235.7160,130.1997,192.6330,121.8242
234.4549,135.0175,193.0178,122.2762
234.3170,135.5354,190.1487,123.1561
233.3223,138.2899,189.7434,123.2124
233.2173,140.2572,188.3812,123.6531
234.4133,143.3123,185.8882,123.0062
235.2663,146.8644,185.3219,122.4327
235.6163,149.2879,184.4338,121.7475
235.7950,149.8559,184.4457,121.4969
236.3184,152.3113,182.7137,120.3310
235.7399,152.7075,180.1646,121.2045
234.7450,152.0568,178.6646,122.1804
233.9293,151.0182,175.0089,122.3930
232.6005,151.7361,174.4693,121.6843
230.9977,153.0476,174.1426,120.9274
229.6490,153.3203,172.6116,120.6315
230.0068,154.2463,171.1642,120.0804
229.1776,153.8155,169.5976,120.9387
228.2968,154.4958,170.1675,122.2899
226.8585,156.2411,170.6313,123.4643
226.2517,157.9798,170.8789,123.7291
225.5005,159.8863,170.7208,124.4065
225.4570,160.1159,170.9951,125.1179
225.8737,160.4158,171.2589,125.6429
226.0345,161.5494,172.1043,125.8784
228.1917,163.6951,171.7702,125.0767
227.3507,164.7993,171.7793,124.0702
226.8935,166.8252,171.2506,123.6755
228.2359,166.2861,172.3333,123.9612
227.8406,167.6966,172.7246,123.4763
227.3102,169.2643,173.6039,123.3115
226.6358,172.2581,174.1172,122.9087
2
0
0
0
0
1
320.0107,135.1311,56.2617,34.4600
318.3931,136.1871,57.5245,34.9640
317.1475,136.1268,58.0315,35.5003
313.5474,136.3613,59.2189,36.4100
312.3352,135.1846,59.6598,37.1521
312.6391,134.6876,60.0042,37.6359
311.4709,133.8522,59.9482,38.1168
310.9030,134.1236,60.2321,38.5166
311.3422,133.5816,60.1788,38.8037
309.4333,133.6617,60.5504,39.4165
309.3986,133.4475,60.4113,38.8308
308.2926,133.2158,60.8692,39.6371
308.4087,132.2514,60.7166,39.9084
309.1025,132.3893,60.2784,40.1417
312.3851,132.7679,59.9913,39.6445
312.7494,133.4634,60.0328,39.4527
311.8552,134.7914,60.6178,40.3612
310.0729,135.6234,61.6159,41.2213
309.0528,136.9564,62.2724,41.3356
308.8160,137.6627,62.7966,41.6593
308.7433,137.5626,62.2921,42.2919
307.1291,136.2943,62.5790,43.1574
306.5937,136.5303,62.6611,43.7408
305.2612,138.2892,62.7809,44.4157
307.1624,137.6997,62.8254,44.9781
311.0149,137.3836,63.1114,44.8003
310.4478,137.7852,63.6322,45.2212
309.1853,135.8857,66.8563,45.4634
308.8969,134.3386,68.6850,44.9163
307.8098,132.6068,71.8565,42.8999
308.1085,132.9835,72.3777,41.8363
311.0230,132.1167,71.7706,40.4432
311.7008,131.3312,71.8738,39.8742
313.4646,129.7110,70.0457,40.7910
315.1158,129.1126,69.1255,41.7846
316.9485,128.5750,68.5782,41.3613
320.1528,127.0580,68.1259,41.6783
323.3781,127.0618,66.1352,43.1595
323.6254,126.9513,64.8835,44.9656
325.1882,127.1397,63.5667,45.8528
323.9520,128.3635,64.7522,46.1527
326.9218,127.2745,57.9324,54.4743
330.8571,125.6241,52.7523,60.4850
332.7825,122.6295,49.3955,65.6581
332.4176,120.8947,46.8577,70.3753
331.6926,121.9843,44.8772,72.6837
332.0302,121.9517,43.9027,75.1462
332.7975,121.2538,43.8081,77.1626
332.7737,120.1771,44.8085,80.3683
333.3580,122.5183,45.0629,81.4475
2
0
0
0
0
1
384.2143,98.8455,87.8215,25.5974
387.6748,98.7843,88.9351,25.6673
390.9760,97.7924,90.2049,25.7932
391.6043,96.4257,91.0267,26.5672
394.8780,94.6397,90.0897,28.4057
395.0436,95.4763,90.0699,29.2916
391.8611,96.1157,90.6464,30.8334
389.9044,96.8175,91.5710,31.8667
385.5074,97.3529,92.1350,32.8450
379.7220,98.9473,92.5929,33.4185
375.1010,99.9419,92.9282,33.7609
376.8579,100.6922,91.6244,34.0903
378.7094,100.9928,91.3389,34.5218
378.3523,100.7361,92.7018,35.3736
379.3959,100.5385,93.1123,36.5030
380.4167,100.3803,94.1091,37.9785
379.7189,99.9936,96.2052,39.3400
378.2021,101.4398,98.8520,40.3051
374.3358,102.1852,102.7560,40.9210
372.6357,103.7951,105.8051,40.8795
371.2677,105.3080,108.6937,41.2100
368.6403,106.5560,111.3994,42.0844
366.7187,107.4218,113.1692,43.4756
366.1964,110.1161,114.9884,43.6734
367.2360,112.4961,116.7678,44.1756
365.2084,113.5100,119.4699,45.6104
364.0436,115.2221,121.3332,47.7205
363.3296,115.0038,122.5926,49.8643
362.5221,116.7235,125.9909,50.1187
361.5530,117.3710,127.6538,51.0875
361.9274,119.0506,129.0149,51.6050
361.5811,119.6439,130.9925,52.1557
361.7960,120.0667,132.8981,52.8537
358.7716,120.6713,134.7119,53.3524
352.8614,121.7642,139.2487,52.3940
349.1115,122.3576,143.2290,51.4896
344.8216,121.9570,146.7918,51.3718
336.2389,121.4781,151.0582,51.7231
328.9027,121.8498,155.2987,51.4580
323.6180,123.3538,158.8933,51.4379
319.0567,123.4074,161.0921,53.1788
318.2654,121.7897,158.9426,59.2715
316.0210,123.4059,158.1359,64.0214
315.7014,124.4910,158.1782,67.5699
314.0256,126.0306,160.9854,69.9999
309.7936,126.6225,164.3013,73.0700
307.4916,125.3058,168.6231,76.4245
306.2559,124.8373,171.1363,77.9435
310.4299,122.9019,171.8199,79.9817
312.5059,123.2086,175.6579,80.9567
310.3497,125.3176,178.3270,81.2241
307.4696,127.8389,179.0490,82.6889
303.5814,128.2627,180.2652,84.0250
301.3227,127.0737,181.0740,85.4373
299.2281,129.2383,182.6606,86.5607
299.0658,131.1422,182.6887,88.1850
297.7747,132.2905,184.8968,89.0373
297.8116,133.7747,187.6035,90.1064
295.0187,133.3486,190.6492,90.6676
293.1430,133.7191,190.6672,93.7665
289.5870,135.9409,193.8915,92.2908
281.4778,137.8404,198.1232,92.8105
280.9674,140.8374,199.9730,92.8047
277.6794,142.3498,201.8601,93.5220
275.3883,142.1299,202.2199,94.0508
274.1086,142.6964,203.7194,94.6833
275.9072,141.4044,203.6325,95.1868
275.7233,139.6425,204.1491,95.8887
275.6017,137.3858,205.0378,97.4033
274.7119,137.7638,207.4934,98.2813
272.8244,139.2280,210.3944,97.7343
271.7030,139.6486,213.4657,98.1635
273.6764,141.1093,214.5704,97.2976
271.3599,140.6842,214.1696,98.1939
270.6883,142.0255,214.8816,97.9296
268.1725,142.4097,215.4140,98.0509
264.8203,141.8046,216.6186,98.4694
262.9706,143.0293,216.4749,99.6811
256.9453,143.0744,217.2793,100.8660
252.1035,146.7203,222.4042,98.0943
249.7150,148.9847,225.3173,96.6476
248.0147,151.3781,225.8627,97.1776
251.4829,154.3331,223.1918,98.2083
248.0979,156.9995,221.6638,98.6959
245.1050,161.1993,222.3432,99.2273
237.8691,163.8757,226.2894,99.5162
230.8619,167.6129,232.7628,100.4343
222.8921,171.3312,239.1063,100.0002
219.2344,174.4872,243.6378,102.7224
216.8844,176.8599,244.3097,107.1377
209.5710,178.6587,250.5092,110.5537
201.8634,179.1848,256.7046,111.2589
192.9894,179.2078,262.6979,114.3204
186.9721,178.7016,267.3395,115.9496
177.8560,180.5403,273.0668,116.3646
168.9341,181.3755,278.9140,117.8421
160.7374,183.4640,284.7941,118.5378
154.0496,184.3248,288.3423,118.7433
151.8405,181.1728,286.8621,124.1115
145.0703,178.0998,289.7523,128.4231
141.2969,174.2971,292.2004,131.6365
139.3649,170.1138,294.5031,135.6138
136.0322,167.4000,296.2311,138.4820
131.7391,165.7031,300.4966,138.9839
126.9700,164.9109,305.2223,140.5665
121.6499,161.6508,309.6162,143.6604
121.0970,160.0694,313.3858,143.1202
117.2559,156.9934,318.6506,144.4454
114.7978,158.5905,319.8817,144.6131
112.0406,158.7166,322.3171,143.7931
104.6488,157.1866,322.1757,146.6979
103.1496,155.0253,320.4165,148.5457
102.7958,155.2561,319.0246,149.3547
96.3939,157.9826,323.6944,150.7002
92.6860,160.7215,324.9156,151.5924
