1
427.7581,263.0739,20.9356,23.2500
427.1818,261.0412,22.3223,22.3324
419.2800,264.9315,22.1332,22.2882
412.5559,269.2344,21.2803,22.4251
401.0895,275.3092,20.4950,22.6546
398.6375,272.2981,19.6002,23.1021
397.7025,273.3984,19.2247,23.0473
395.7701,272.2513,18.6066,23.5482
395.3098,272.9521,18.3460,23.5471
390.8894,279.6276,18.0395,23.7268
387.1633,286.6187,18.1621,23.8265
385.8598,292.9273,18.4583,24.1076
391.5992,291.7098,18.0701,24.2762
392.6003,291.7137,18.1163,23.4536
395.5204,284.8813,18.5924,23.1316
397.4786,285.1127,18.9224,22.7524
399.3372,287.8970,19.0637,22.5705
395.7643,294.4750,19.1026,22.9904
393.2952,300.1635,18.9849,23.6905
389.5364,300.5455,20.1701,22.7956
385.5106,301.0859,20.1041,23.2132
385.5974,301.7346,19.8322,23.2957
386.0955,299.7760,22.3513,22.5975
387.5457,297.4889,23.7111,22.9249
395.8052,302.6396,23.0584,23.5188
405.0669,292.5724,23.3682,23.3566
413.1014,281.6552,22.5528,23.8749
2
0
0
0
0
1
314.9580,192.8768,36.8128,38.0552
313.4862,191.7768,35.2542,38.9735
315.8992,192.1334,33.2191,39.2582
318.1341,198.0381,32.2019,39.3913
318.5862,212.2744,32.0021,39.3463
316.7804,230.0970,31.5283,39.1279
320.3275,261.8833,31.0855,39.8266
324.3104,281.9417,31.6146,38.4478
324.1453,297.4708,30.9494,37.6242
323.9007,302.8593,30.8375,37.3323
324.3494,299.1864,30.5119,36.7333
323.8913,288.1881,30.5701,36.3600
324.2307,278.3665,29.8788,36.2025
320.4261,268.7552,30.1198,35.7100
313.5720,259.9473,31.1775,35.8165
306.8224,261.7769,31.9108,37.1011
304.9002,257.6349,31.7166,37.1870
301.3139,257.8996,32.0063,36.7504
320.9532,232.9956,33.1174,35.9047
2
0
0
0
0
1
448.8240,204.9217,31.3405,33.9528
2
0
0
0
0
1
394.2497,299.4048,18.2137,32.2591
405.6556,300.8207,19.7223,30.4496
424.7708,285.0765,22.7413,28.5838
438.3573,260.4360,23.9412,27.5815
439.2208,244.2924,24.3753,26.7307
432.0669,257.2874,25.0402,25.9033
419.5550,269.9684,24.3555,26.5564
399.9063,284.5081,23.7713,26.9547
395.9239,283.3184,22.2330,26.5930
402.4609,272.0678,21.2020,25.5651
408.5342,271.3837,20.4607,25.5290
422.8372,256.9341,20.3598,24.3090
2
0
0
0
0
1
413.3699,262.3005,17.2068,21.9730
418.3425,254.0297,17.3154,21.7636
426.3748,254.5737,17.0248,21.3889
426.1534,260.8667,17.5387,21.2750
429.2982,259.8835,17.6824,20.9200
435.5493,256.9781,17.8195,21.1045
438.7121,244.2406,18.0145,21.3554
2
0
0
0
0
1
435.1192,199.6968,21.3838,21.9470
435.2400,207.0523,21.9115,21.9024
431.7961,217.8946,22.3094,21.5870
437.5267,221.0683,22.3556,21.5005
2
0
0
0
0
1
433.7345,215.2271,35.7347,39.2455
2
0
0
0
0
1
406.4224,326.6365,40.4552,40.8429
2
0
0
0
0
1
320.4617,241.5630,35.6554,43.1884
320.4342,264.3399,32.5875,45.1359
320.6841,304.5489,30.5075,45.7291
320.8985,320.0789,29.1448,46.7028
321.2171,319.2714,27.9501,47.1592
314.7488,300.9708,27.0090,47.5251
311.9909,290.1780,26.5478,48.4296
299.6020,281.0880,26.9188,47.8614
289.8612,273.5181,26.6001,47.5704
294.6055,289.5747,29.3496,44.9845
2
0
0
0
0
1
455.5257,190.8922,36.8123,36.4505
460.8185,194.3887,37.0289,36.8946
462.5745,189.1697,37.1064,36.9066
467.1237,181.7923,36.9774,36.6045
471.3886,181.1294,37.2723,35.9570
472.8268,187.2732,36.5812,35.5608
473.3674,191.1968,37.7494,34.9282
467.7654,191.6236,37.0947,34.7321
