1
183.4070,21.2753,49.1843,37.5034
182.8683,22.7020,49.2403,37.1011
182.6458,24.9846,49.8209,36.5095
180.8541,26.9095,49.8841,35.8728
180.9732,28.3873,50.4719,35.2168
180.0719,29.2860,50.6218,34.7229
179.1453,31.2584,50.9611,34.6300
177.4003,32.7711,51.3544,34.6252
176.5114,34.5606,51.7489,34.6114
176.4830,36.6282,52.6255,34.6082
175.6824,38.6602,53.2408,35.6392
175.5459,39.5747,53.3234,35.8592
174.2854,40.6502,53.6973,35.9477
174.4615,41.3298,53.5262,35.7678
174.6013,41.9955,53.6511,35.5544
174.6263,44.7574,53.3858,35.9417
175.2314,44.6566,53.5712,36.0539
174.8722,46.4743,53.9506,36.2051
174.7331,47.5601,53.9969,36.2413
173.8066,49.1894,54.2652,35.9168
174.4822,49.2280,53.9913,36.0488
173.9121,50.3490,53.4431,36.0015
174.1209,52.7873,53.7271,35.7831
174.6785,53.5541,54.2327,35.7732
174.5622,54.9884,54.7413,35.9637
173.7518,55.1383,54.7293,36.0770
173.9979,56.1874,55.0859,36.4814
173.9438,57.8073,55.8371,36.2300
173.6720,59.6986,56.5527,36.5646
174.2834,59.7509,57.3861,36.3437
173.5517,59.1051,58.0586,36.4673
172.5745,59.5357,57.9823,36.6118
171.9027,59.0517,58.1139,36.6339
171.1501,59.4088,58.2172,37.0388
169.8325,59.9521,57.5672,36.4222
171.1682,58.9401,57.3970,35.8407
172.1680,59.7106,57.2209,35.9714
172.4250,59.2413,56.9807,35.5484
173.1919,58.8803,57.3733,35.3672
173.1571,58.1610,57.0856,35.1670
173.5402,59.3401,56.4022,35.3229
173.5403,59.3066,55.8193,35.5291
174.9601,58.7520,55.4593,35.6571
176.4893,58.9839,54.9757,35.8563
176.8955,59.3262,55.0724,35.9439
178.1178,59.4347,54.8679,36.0186
180.0188,59.1839,54.4925,36.5843
181.1141,58.9671,54.1266,37.0740
182.9696,58.2909,54.2116,37.4170
183.2662,57.8077,53.9304,37.6615
184.1240,57.4798,53.4198,37.9386
184.8335,57.6710,53.1411,38.1877
186.1984,56.9500,52.6228,37.9495
186.8841,56.5786,52.0347,37.8664
187.6270,55.6070,50.3380,37.6982
190.2291,54.8085,49.1151,37.3617
192.5953,54.4540,48.2183,37.1137
194.2229,54.4089,47.6760,36.6038
196.6834,53.8145,47.8658,35.8533
198.3434,53.4551,47.4917,35.6048
199.2150,52.3929,47.0696,35.6859
201.0290,51.2927,46.5586,35.5908
201.7974,51.0088,45.6063,35.6112
201.9927,50.1408,44.7977,35.5322
202.2813,50.0634,43.9353,35.4686
201.6433,50.1757,42.8784,35.5486
201.5412,50.1416,41.7741,35.5595
202.6050,49.7523,40.9573,35.3505
202.4088,49.9455,40.1120,35.2708
204.3193,49.9419,39.8708,34.7285
206.3724,50.6246,40.1454,34.0672
205.0816,51.1691,39.5384,34.1419
204.1209,50.1903,36.6664,37.1289
206.4177,49.7630,34.6710,39.1513
208.2523,48.2796,33.7317,40.3896
208.4334,48.6677,33.8014,40.7852
208.7162,48.4735,33.8909,41.0849
209.8161,48.2475,33.8576,41.1541
211.3337,49.0282,33.7402,41.1542
212.2382,48.8548,33.7250,41.0587
213.6706,48.3726,33.5773,41.1811
214.7300,48.6794,33.3751,41.4266
216.1558,48.1421,33.3301,41.1879
217.0030,47.8211,33.3697,41.1009
218.2129,48.2257,33.3580,40.7582
220.4572,46.4824,33.3057,41.0876
222.5922,47.3297,33.0433,40.9237
223.9158,46.8258,32.8633,40.8052
224.3808,46.2968,32.6749,40.6427
224.3258,45.8049,32.3229,40.8876
225.1283,46.9097,32.0861,40.9601
224.0891,46.0348,32.2859,41.3505
224.4806,45.8117,32.3658,41.2574
224.8249,43.7522,32.6995,41.4439
224.8433,43.2215,32.7502,41.6561
224.4272,42.0451,33.0997,42.0655
223.4790,41.0457,33.5756,42.3286
222.3813,38.7736,34.3028,42.9780
220.9844,38.3876,34.8014,43.4830
221.6317,36.8166,35.0849,44.2385
219.8218,35.3657,35.5411,44.5662
218.9210,33.5284,35.6962,45.0379
219.5594,31.9482,35.7069,45.0785
217.5651,31.2146,35.4231,44.9601
217.7292,28.2558,35.2088,44.5642
216.0386,26.6791,35.1811,44.3444
214.8255,25.3728,34.8517,45.0665
213.8838,24.5021,34.8475,44.8210
214.7834,24.2703,34.8052,44.7508
214.9429,21.7536,34.8254,45.4982
214.9068,20.2393,34.9967,45.9806
214.3015,18.8877,34.9170,46.4443
213.8204,17.8713,34.6591,46.7199
214.5187,16.6065,34.3994,47.0999
214.6031,15.3301,34.5151,47.2854
214.6267,13.8389,34.3793,47.4545
214.7245,13.4986,33.6626,47.3377
214.7304,10.5526,32.8498,47.1926
213.4671,9.8545,31.0339,47.8893
213.0305,8.9504,29.3470,47.9700
212.6517,8.2972,28.2225,47.6403
212.2739,4.9312,26.7410,47.6439
212.2065,4.6927,25.3203,47.4694
216.1948,5.0384,24.5497,46.7361
215.5645,3.5593,23.1974,46.4889
216.1685,4.3824,22.2471,45.4263
220.3471,5.3060,21.1302,44.7575
223.6792,4.6666,20.6521,43.9053
223.5274,4.6788,20.2455,43.1590
223.4568,5.6802,19.1296,43.1059
224.5720,6.9407,18.1528,42.4165
226.3716,7.7966,17.5038,41.7440
228.2176,5.6470,17.0485,42.2523
231.7011,5.5600,16.1789,42.9326
232.4626,9.2311,15.7373,42.2700
233.4044,14.8077,15.4550,41.3954
234.0737,14.3303,15.0604,42.1219
236.7940,16.4291,14.5366,43.2677
237.3696,17.2573,13.8064,44.3496
240.3208,23.4167,13.8471,43.8623
240.8266,25.6318,13.3017,44.4205
241.1488,22.8938,13.3072,44.3649
244.3586,24.1448,13.0420,44.9192
246.4944,36.6267,13.8774,43.5653
245.8074,46.7328,14.5629,41.8473
245.2616,47.5590,15.3018,40.0560
245.3433,47.4014,14.9456,40.2114
245.5767,61.1981,15.3230,39.9440
245.6779,76.8179,15.3539,39.9249
243.3642,82.0677,15.1956,39.5751
243.8683,82.1656,14.6541,40.0257
244.4764,82.3307,14.6701,40.0595
244.2337,80.6112,15.1742,38.6646
243.7360,82.0325,15.0079,38.1432
246.3131,79.4837,16.0926,36.9349
246.2233,79.9362,17.1029,35.8637
257.6519,81.2522,21.8920,31.0936
255.7572,82.3554,26.1032,27.2040
253.6521,82.4907,28.9911,24.8678
250.2404,83.3724,30.5518,23.1186
249.5663,84.1731,32.3450,21.4705
2
0
0
0
0
1
239.7179,130.8199,16.2512,47.2384
239.1132,131.9943,15.5496,47.4743
238.0433,133.6420,15.2229,47.3396
235.9604,135.9563,15.0991,47.6222
234.0837,137.8489,15.3343,48.2589
231.9931,139.4000,15.8428,48.3717
230.0972,142.0405,16.3094,48.3346
227.6483,142.5317,17.0033,48.6139
225.4745,143.5028,18.0644,48.5706
224.5126,143.7988,19.2955,48.3181
223.6998,144.7562,20.2034,48.1819
222.3867,147.4084,21.3040,48.3685
220.5124,148.6390,22.4784,48.7639
219.6738,150.4026,23.0511,49.4635
219.0418,152.1178,23.2381,50.1731
217.6305,156.0463,23.6228,49.5714
217.0280,158.5615,24.0099,49.2409
215.9002,160.5975,24.6406,49.7475
215.3149,162.6767,25.1771,50.0162
211.3864,161.0910,25.2331,50.2728
210.7456,160.6935,26.3848,50.0269
234.3475,133.1665,27.9741,49.9347
2
0
0
0
0
1
192.5188,180.4239,52.5141,53.8483
190.8407,180.3412,53.1082,54.2384
188.4470,180.1786,54.0355,55.2124
185.6957,179.6210,55.3765,56.2915
182.8048,180.3812,56.4928,57.2376
180.0394,179.9549,58.1700,57.9377
176.9581,179.5853,59.4074,58.9569
175.4385,180.5276,59.8136,60.4517
171.8628,182.2043,60.5303,61.3764
167.9834,183.5470,61.4497,62.2501
165.1288,184.7544,61.6504,63.8078
161.7916,185.9857,62.3194,64.3578
159.4985,187.3979,62.9889,64.6498
157.3008,189.3618,62.8610,65.2529
154.6863,190.8933,63.0692,65.7459
152.4656,192.7553,63.2817,65.8727
150.1853,193.7730,63.6374,65.9764
149.8018,195.4913,63.4402,65.4866
147.8920,196.7973,63.8317,64.9601
145.1720,197.9210,64.2525,65.5535
143.6065,198.3926,64.2762,66.3653
142.2717,199.6095,64.1939,66.9415
139.7746,201.5855,64.6026,67.5609
137.2735,202.4455,65.1565,67.8052
134.2611,203.2494,65.6383,68.2756
132.5377,203.5133,66.0019,69.3055
130.9932,202.7511,66.7956,70.0758
130.7020,202.2898,66.8484,71.7085
128.3746,202.5611,67.2965,72.9440
128.3783,202.2399,67.5110,74.8043
128.2923,202.2944,67.4369,76.5202
128.6901,202.6849,67.7621,76.6930
128.2032,204.6111,68.4571,76.0692
126.3244,208.2042,68.9321,75.2568
123.2202,209.6733,69.4973,75.7246
119.1297,212.8584,69.9910,75.6657
115.8023,215.4196,70.0310,75.7945
113.1252,217.3875,69.9201,75.3357
109.4737,217.6596,70.5425,74.8808
108.1541,218.2381,70.4755,74.3013
107.1659,217.7049,69.9462,74.3038
106.3534,215.4751,69.7842,74.8379
105.8429,214.5619,69.1012,74.8040
105.3224,212.5858,68.4428,74.6924
104.0619,211.4598,70.6118,71.6744
101.7859,212.5198,72.1943,69.6808
98.8742,214.9307,73.0651,68.1969
97.2889,214.7408,73.5369,67.3569
96.5107,214.0105,73.4024,66.8301
96.6672,212.5416,72.6485,66.7973
96.7221,211.9147,71.6425,66.2677
97.1423,209.4161,70.2376,67.0936
94.1675,209.8405,70.3549,66.4660
92.5753,210.6176,68.5112,65.8392
90.2218,210.0782,67.6438,66.2246
89.3920,208.5301,67.9232,64.9158
86.5992,208.5038,67.3449,64.3836
82.5314,208.8490,67.8086,63.9067
79.0340,209.5276,66.8380,63.1910
77.6362,210.1085,65.7628,62.0395
75.3628,211.6769,63.9954,60.7959
74.5350,212.6067,62.0729,60.9154
72.4800,213.2531,60.9917,60.2646
71.2630,214.2849,59.6648,59.6146
70.9823,214.1183,58.1319,58.9710
72.0791,213.0082,56.6162,59.1988
79.4493,213.2282,55.2794,59.3253
76.9447,213.6270,53.6048,59.5446
76.7231,214.2789,52.1582,59.1813
78.2998,219.7480,51.9026,58.5778
80.9378,218.7913,51.8423,57.8041
88.6779,217.3512,51.1797,57.6626
89.2315,214.8773,51.0572,58.2724
91.5556,214.0065,50.5128,58.7184
89.7116,219.0482,51.9577,58.0472
88.1464,221.0634,53.6423,57.4123
86.6236,225.4734,53.3096,55.9171
2
0
0
0
0
1
143.8846,239.6866,64.2306,29.0110
143.1876,237.6123,64.5276,29.3307
142.1445,235.8248,64.7568,29.6221
142.9441,233.5184,65.4355,30.4408
141.1483,231.6018,65.9269,30.7568
140.5215,229.4072,67.2351,31.1488
139.0670,229.4916,67.8190,31.1723
138.8017,226.7215,68.1546,31.7160
138.0517,225.6813,69.2920,31.8375
136.8766,225.4545,70.0903,31.9903
133.9169,224.8893,71.9289,32.1849
130.7924,224.6858,73.6421,32.3103
128.4512,225.3194,75.2052,32.3394
125.9655,225.1065,75.5441,32.4883
127.4145,225.2075,75.1775,32.6062
125.3527,225.8505,76.0394,32.4519
125.0469,226.8895,76.3061,32.5486
123.8572,228.3800,76.7754,31.9523
128.6862,228.6959,78.2781,31.2426
119.3052,221.7023,74.6563,33.9374
114.8479,222.8781,70.1512,36.0176
117.2832,223.2894,66.7661,37.0449
2
0
0
0
0
1
198.1993,204.1241,55.5317,52.7878
197.2607,202.5997,57.6334,53.0001
198.5533,200.9059,58.7726,53.5318
200.2835,198.5180,59.3561,54.0114
204.2662,195.2182,58.6853,54.3732
205.5917,194.4895,58.3435,53.9746
207.2679,192.1216,57.8470,54.9082
210.5141,190.0344,57.3763,55.6258
214.9358,187.3508,56.3371,56.4405
216.8566,185.8739,55.5617,56.8060
218.7760,184.5655,54.9468,56.8877
222.2744,184.1364,54.3485,56.7782
226.8519,183.7553,54.2884,56.4758
231.8040,183.8156,54.4490,56.1024
237.3040,181.9520,53.7839,56.0580
241.8884,182.4984,53.9894,55.1075
244.7613,180.9350,54.5583,54.9173
247.1597,180.0793,55.1303,54.0438
249.3249,179.4510,55.9948,53.7463
251.1375,178.1932,56.8335,53.7841
252.5107,177.6845,58.2277,53.4894
254.7756,177.0490,60.0008,53.8652
255.2414,175.5688,61.6170,54.0154
257.9427,174.3002,63.5523,53.0168
263.8820,170.5463,65.4049,54.0328
267.4641,167.3251,67.2206,54.4800
271.5059,166.1126,69.9797,54.5990
276.2950,162.6180,72.4697,55.9539
280.9230,156.7406,75.5307,57.3324
286.3310,154.6894,77.6889,57.6284
292.6224,150.1293,78.5943,58.0950
299.6060,147.2645,79.2027,58.5353
303.9892,142.8080,78.1497,58.5984
309.1968,139.3222,77.9781,58.9417
317.4652,137.5487,77.5362,59.3106
325.2063,134.3091,76.1253,59.9637
331.7628,133.2454,75.6949,59.6780
336.3845,131.4245,75.5026,59.5613
341.4833,130.3785,75.7254,59.2893
345.6716,127.6738,75.8546,59.4930
351.1874,126.5035,74.6819,59.9373
353.8001,126.0861,74.6159,60.0830
356.6311,125.3039,74.1361,60.3311
359.7583,125.9792,74.6527,60.2688
361.8369,125.7813,74.8165,60.0429
363.6200,125.8426,74.5264,60.0152
364.8718,124.6718,74.6735,60.2031
366.4361,122.8540,73.8239,61.3105
367.5606,121.1741,73.5061,62.3488
366.0662,120.3939,74.4709,63.3837
366.6478,119.6135,74.5760,64.5520
366.9044,117.3556,74.4163,65.8154
366.7307,117.1691,74.5818,66.8298
366.4020,117.0489,74.5329,66.4354
364.9133,117.5437,74.9347,66.5067
364.9088,116.6657,74.5653,67.0693
364.5796,115.2741,74.0674,67.0052
363.5160,113.5591,74.5136,65.6351
363.5259,113.1910,74.5763,64.8822
