1
161.2849,59.8972,50.2442,169.8604
158.9059,57.8676,53.0184,172.7265
161.8166,58.4843,58.1396,172.6707
161.2376,57.7807,61.6199,172.6205
160.4299,58.3530,63.4183,172.6559
161.3468,56.4976,62.8086,173.2253
161.7901,58.8677,62.4245,172.5798
161.9714,56.4477,59.4170,174.1978
162.3917,56.3450,57.2215,174.5361
160.3060,54.9458,55.2272,173.6134
160.9242,57.2531,52.7430,172.6908
158.1155,55.6285,51.9794,170.6833
156.6344,57.2808,51.3557,168.9973
153.2275,57.4689,50.9403,167.3448
153.2926,55.4299,50.7684,167.2219
150.7388,54.4263,49.8779,166.0300
150.1192,54.7798,48.8245,166.1354
147.7592,53.6092,48.3237,165.6320
147.2834,53.7080,48.1985,165.8042
145.2941,53.6731,48.3565,165.8578
144.8672,54.9947,48.3674,165.3806
145.4844,55.3274,48.8472,164.5214
145.8180,56.0254,49.1485,163.8983
147.0393,56.7567,51.1012,162.9901
147.2295,56.3199,52.4931,162.4579
148.5367,56.7404,54.7465,160.8432
147.9753,57.5988,56.8059,160.0316
144.6613,60.3016,54.5084,157.9390
145.7795,59.9846,52.8881,156.8877
144.3561,62.0446,50.4453,154.8133
144.1713,61.5314,49.0492,154.2702
143.9465,63.9581,48.4881,152.2457
144.0537,63.6628,48.6870,151.5013
140.9436,63.8511,49.7510,150.3661
139.9344,64.7448,50.5820,149.2763
137.0037,65.2240,52.9902,148.3892
136.6852,65.6895,54.7944,147.5530
132.0215,66.1327,56.8112,146.4795
129.9355,67.7421,59.5126,144.9628
126.7637,68.6691,61.7899,143.4588
126.8367,68.1050,63.1019,142.8663
127.4662,67.5557,63.9275,141.4474
127.9706,67.9912,64.5998,141.2604
129.9354,69.0545,62.4475,141.4818
130.2411,69.0853,61.1159,141.5589
131.0286,72.4381,59.2921,139.8722
132.8736,71.2244,57.6933,140.0128
137.3386,72.9336,54.8349,139.7828
138.1561,73.4173,53.5427,140.3267
141.2826,71.9349,53.4780,141.1765
142.1807,70.7357,53.3107,141.7603
143.7368,71.1338,56.2919,141.5455
143.8123,70.9959,58.2990,141.8040
145.8616,68.5084,60.4102,143.4870
146.3077,68.2784,61.4647,145.6093
147.6687,69.6866,64.2796,147.1411
147.8409,69.4901,65.9583,148.5011
149.1118,67.6149,67.6325,150.3327
149.0289,66.4163,69.7826,151.6705
152.3323,66.5318,71.7316,152.9037
153.1373,67.7206,72.2756,154.1858
156.2946,66.2063,73.6748,156.1691
156.0300,66.2916,75.5588,156.9840
157.2188,64.6939,77.2003,158.0184
157.1094,65.2383,78.6273,158.5488
160.0088,65.1410,78.9801,159.1197
161.4872,66.7852,79.4023,159.6424
164.5276,66.6570,80.4199,159.6459
165.7798,68.8623,81.0837,160.0533
167.3791,64.8446,82.5950,162.4812
169.9757,64.6462,81.9545,164.3604
173.1025,64.5467,83.7634,165.4303
172.9090,64.1741,84.6577,166.3710
180.3237,63.2059,85.0776,165.9823
180.1216,63.7149,85.8949,166.0529
190.0793,64.3761,85.1001,163.6546
191.0846,65.8509,85.0021,162.6161
199.5603,67.3296,85.2172,160.1255
201.5010,67.3183,85.9691,158.7152
207.2304,66.2746,86.8338,158.0163
208.1024,64.7016,87.9173,157.0083
208.5046,65.5272,88.5147,157.3881
208.2915,65.6036,89.0307,157.0885
207.4842,63.0130,90.0226,156.9206
208.5112,62.2963,91.1370,157.5564
207.6217,59.6491,90.5655,156.9768
207.3480,57.0761,90.3043,157.1223
207.3959,57.7492,92.3913,156.1059
206.7580,57.5568,92.6826,155.5334
206.7051,58.9682,95.2722,154.0909
207.2681,59.7782,96.0885,153.9010
206.0658,65.4944,98.7304,151.2516
204.9498,67.2870,99.3559,150.4331
202.1999,70.1505,98.8902,148.7780
200.8315,72.5444,98.1342,147.5304
195.2585,78.4563,99.3399,145.6040
193.1510,80.9964,99.3668,144.4116
183.2227,82.4410,98.8509,144.4059
173.5021,83.2290,101.4037,143.7291
166.4307,90.2182,103.2738,139.4264
163.3605,91.1041,104.2224,137.4506
158.6922,98.1115,110.7199,131.7117
156.0971,106.8950,115.9258,124.5016
151.3137,115.2757,119.7655,116.2547
157.8950,111.4027,121.8904,111.2021
160.6796,107.6667,121.4343,110.2343
163.2791,106.2049,120.8161,111.2085
166.0909,110.0838,116.9624,112.9824
167.2415,109.1846,112.5004,112.6630
171.8503,108.1878,107.7336,112.2600
174.3978,105.2887,104.3807,112.8313
177.9363,104.9345,100.7970,114.2342
184.2078,101.5530,96.3890,116.2769
190.4889,99.2340,93.3632,117.2362
199.3654,98.0707,90.8593,120.4278
206.1190,91.8505,88.8437,123.7429
206.0905,91.7443,87.9804,125.5725
205.4807,88.3035,87.5984,124.6329
201.4733,87.1785,86.2362,125.8159
191.7897,84.6976,86.7166,127.5816
181.9078,83.1128,85.7970,126.0013
170.1270,76.1283,85.2449,124.0423
159.5965,62.6056,84.8539,122.4305
150.6445,56.4848,83.8835,123.2811
148.0248,43.7077,83.8325,125.9107
147.0743,33.9647,82.7081,128.4629
145.5662,28.0912,82.7992,128.3556
141.4938,30.7876,83.3334,128.6313
139.7910,28.3391,83.0468,127.7818
135.8478,27.9638,82.3891,128.3729
134.8373,23.0263,82.6976,130.5731
136.3237,17.9604,82.3274,131.1599
137.8695,19.7373,81.2829,133.5988
138.7739,25.8149,80.4755,131.9266
142.4466,25.4738,78.5548,132.7603
148.3419,29.2099,76.3971,133.0568
153.1619,32.2863,75.7553,131.8044
160.0107,37.2320,75.9908,131.7897
164.6924,44.3911,76.6190,131.1844
171.2784,62.4824,76.2243,130.2487
177.7519,70.6535,77.2211,127.2489
186.6131,76.4709,77.0060,127.6520
194.9299,80.4237,76.2609,127.5239
203.8631,82.5680,75.2184,127.3335
212.9910,85.8187,74.4293,126.8226
218.0424,85.2084,74.5515,127.0107
223.6548,82.9033,73.3198,128.6742
226.6372,80.9388,72.2899,128.7159
230.0194,81.7627,70.8834,127.8083
236.1012,82.6074,69.9757,125.8434
241.3775,83.2617,69.1244,125.0471
244.6180,85.1421,69.4190,124.5836
244.0217,84.1454,68.4033,124.7400
240.0562,83.8792,67.2580,125.8545
239.1690,83.1404,66.1695,127.3407
238.2324,82.2392,65.3074,128.4712
238.5978,81.2120,64.5975,129.2978
239.6772,82.0181,63.5849,130.9052
240.8188,81.9629,63.8080,131.7950
238.5194,81.2411,64.0950,132.6428
235.5071,79.8372,64.4139,132.6763
235.4354,79.5067,65.1311,132.9595
231.3495,80.0630,67.7656,131.6071
230.3580,79.0415,68.2279,133.5068
227.4292,77.2475,66.9367,137.0070
220.5290,72.6364,66.7120,140.3335
211.6599,68.7787,66.9519,143.4331
203.3999,66.4243,68.6193,145.9876
196.2140,64.4084,69.2069,148.9798
187.1270,63.3899,69.7402,150.2642
180.9372,63.1484,69.9586,152.2705
178.7819,61.0570,69.4026,155.3243
177.6674,60.5268,67.6574,157.9009
176.3940,62.0746,65.4726,159.7738
176.5747,62.5952,64.0436,161.4074
174.9075,63.7460,63.3465,161.7423
172.0986,65.0195,65.1022,159.5139
171.4212,68.8232,67.1922,157.9144
170.7501,71.4565,69.4165,156.8273
169.7887,73.9077,72.3576,155.0569
167.3580,79.1713,74.8439,151.0551
164.6835,83.6441,75.9901,147.3635
163.6107,87.6305,76.7358,146.0301
162.1766,90.9619,77.9163,144.2826
161.7552,92.3997,78.7045,143.1644
159.8330,92.9220,79.7484,142.4222
154.6365,94.3238,83.8357,139.9874
161.4071,94.7933,87.2772,138.9658
157.8278,97.4217,88.3218,137.3086
167.0993,96.8641,89.8063,137.1438
160.9596,100.7749,101.1987,130.7465
161.3703,101.7763,100.5222,132.4142
166.3200,99.2472,100.9974,132.5071
171.4378,97.6726,102.5130,131.3300
172.1656,95.5851,102.1287,131.6662
173.0914,94.6509,101.7567,131.7511
173.8696,93.5257,100.7265,132.6809
174.3349,93.3489,98.5752,132.7573
174.6242,93.0360,97.6814,131.1755
175.5332,94.3320,98.0408,130.2443
173.8599,96.2912,97.7546,130.6245
173.7135,94.9210,97.9544,132.5416
176.2556,94.5292,100.0367,133.4242
178.1959,93.4218,101.7598,134.6258
178.1238,91.6488,105.5776,135.9124
176.5329,91.4631,109.4538,137.6824
176.3598,90.5512,115.8861,139.3223
174.0743,90.8035,122.3025,140.7112
174.8412,91.4545,127.3919,140.9400
174.0196,89.8099,130.7213,142.5871
175.4714,87.4246,133.5363,143.6488
176.8103,84.6241,135.2221,144.3114
176.8167,85.3472,135.3458,144.3162
180.6532,81.5749,134.4708,145.7225
183.4353,81.0809,132.7872,147.5183
187.0969,76.6028,129.0620,150.8571
189.0769,75.5161,126.9492,150.9005
193.2007,73.0984,121.2575,150.8084
195.8710,71.6278,115.5405,150.7045
196.6059,71.7782,109.9493,151.4577
197.3191,69.6081,106.9027,150.7226
196.6051,67.3034,104.8064,148.2324
195.9134,68.1148,103.1733,145.8616
196.8268,68.1422,102.4236,143.5286
193.7348,62.1573,103.1775,141.1573
199.9346,77.0159,100.3362,140.8756
205.7122,79.3807,97.9459,139.0634
210.9256,79.3481,96.9507,138.6583
214.6244,78.8966,97.8831,136.7060
216.4855,78.3501,101.0182,133.4496
218.9798,76.5800,102.3544,131.9692
219.1896,79.7119,102.1415,131.0126
218.7650,81.7962,101.7558,129.8046
219.1839,82.8362,101.6273,129.0753
218.7542,84.2359,102.7893,127.6035
216.7672,85.0024,103.6527,127.4317
219.1581,81.3560,97.8045,134.3290
222.1717,80.5527,94.5891,138.0009
224.4499,82.4266,93.7869,139.0892
219.9879,85.9205,94.1677,137.8838
215.6718,86.6497,94.5597,136.4900
213.5453,86.3752,93.7987,136.1652
212.5508,85.6320,92.8506,136.5935
213.8210,86.6659,91.4164,138.2254
209.6967,85.8251,92.6162,138.8764
208.0021,84.9385,92.7677,141.1068
211.5508,87.8222,93.2528,142.4582
210.3418,84.6661,93.8851,143.3500
208.9220,89.2757,93.6953,143.4489
206.0566,85.2859,94.5220,143.7406
204.6980,85.6497,94.9976,144.3997
202.4177,84.2441,94.2451,145.7090
198.9388,83.2571,93.0799,145.8181
199.6597,80.7210,92.0672,146.4785
198.5712,80.1824,91.5989,147.1270
198.5036,81.2243,89.6922,147.3439
196.8350,77.1252,86.9557,149.4597
196.0350,74.3004,85.7219,151.3668
196.5641,74.2101,83.1371,152.5045
195.1287,66.3095,79.8038,156.7629
194.7573,65.1436,76.5148,159.7335
186.1058,63.3770,78.3865,158.3202
185.3295,60.3931,75.3565,161.2366
184.3917,61.3354,74.8514,161.7078
186.3643,60.6451,72.9572,163.3951
187.9345,58.7815,71.2094,165.2632
189.3064,59.2533,69.8608,166.8376
190.4651,57.5226,68.3176,168.3943
193.1246,56.8986,68.0982,167.6720
193.9540,59.0061,69.3101,166.9652
197.0637,61.1275,70.8192,167.7375
196.8009,59.1393,71.8651,168.5492
195.7984,61.1818,72.7446,167.8254
194.5917,64.9398,73.1051,167.1047
194.5813,69.8713,73.4533,164.1183
192.9026,70.4437,74.4963,161.7007
189.9572,73.7297,74.0702,157.7533
191.7741,77.3169,74.1713,154.6496
193.1026,80.7069,75.7696,150.6193
195.5695,82.1850,77.3312,148.0070
197.9519,84.5021,77.5177,146.8669
197.7451,86.5503,77.3568,144.5481
197.7377,86.9112,76.9417,143.5883
197.3380,88.5820,75.9797,142.9615
194.6597,86.1114,75.6685,142.5493
196.6724,88.0998,75.7952,142.6351
196.4527,87.1283,76.9197,144.1753
199.7102,84.7108,76.7718,144.2802
199.5646,85.7634,77.1835,145.0962
197.0138,82.5763,80.2280,144.6121
199.1166,81.9773,82.3188,144.1097
198.7227,83.1071,85.5641,142.8331
199.0956,83.9396,87.1658,141.8842
199.4649,79.4116,88.5624,143.3148
200.9415,76.9071,89.5061,145.9593
200.6517,76.1822,89.6933,147.4969
204.1522,74.3822,87.9490,150.2392
200.4431,71.7287,87.1728,151.8713
198.2579,71.5807,86.5023,153.0577
199.7341,68.7574,85.3641,155.0039
199.5866,68.3594,83.6615,156.5284
203.7788,62.9532,78.8342,161.9697
204.6444,60.3100,74.9415,166.1557
206.0077,57.5428,72.2737,168.7625
207.0852,55.8677,70.0240,171.1313
207.7244,56.7915,69.0263,172.2655
207.4804,55.2752,67.8476,173.1525
207.7331,52.8637,67.9700,173.9517
206.4366,51.5915,66.7900,173.5512
202.8496,52.2821,65.9418,173.0732
201.6081,51.0992,66.5408,172.5932
200.6204,49.4566,67.1806,172.2608
200.7782,48.7730,67.4056,172.2625
201.5589,50.3445,67.8883,171.9430
203.1852,49.1085,67.1672,172.8094
205.1235,50.7426,66.5362,173.1767
206.9292,50.3551,66.7061,173.8428
207.7027,51.3392,66.0043,173.7236
207.2082,52.0946,66.1469,173.1850
208.4742,55.1208,65.8268,173.1465
206.0570,57.3643,66.4689,172.7041
207.1169,58.2503,67.1249,172.9418
206.6732,57.9492,67.1375,173.2003
203.3800,58.8050,68.0835,172.0323
206.5113,58.9366,67.9801,172.0305
206.5263,60.5214,67.6241,171.7904
205.5660,62.6899,67.6904,170.9178
204.3595,63.3939,68.6134,170.9624
202.4153,63.6074,71.7668,169.2122
201.7036,67.0156,74.5978,167.5280
202.4723,69.7630,77.1684,165.6497
201.7417,70.2060,79.8911,164.6273
198.4465,71.5431,81.4569,163.1395
197.1431,69.7350,82.4678,163.3135
196.9141,71.3478,82.1636,162.5098
197.2995,73.1760,82.0559,162.0153
196.2972,74.5853,81.6373,161.2614
199.5546,75.4379,81.1226,160.3334
202.5758,76.9380,81.0790,159.4124
204.0410,77.0763,81.5811,159.0724
207.3846,78.5755,80.7851,159.0273
209.9562,75.5723,81.9675,161.0308
214.1844,73.5156,82.5732,164.1792
218.9836,75.0961,83.5612,164.9102
223.7474,71.3595,83.8570,168.1918
228.0964,66.6442,85.4916,171.1351
232.9853,62.1365,85.7065,174.1224
235.7626,57.7841,87.2765,176.0756
237.1005,59.1515,87.8741,177.3579
239.7129,54.0415,87.8822,180.6069
243.4204,52.0441,86.8678,182.1868
244.8048,47.7842,85.3566,184.9017
246.9054,46.2663,82.5267,187.6846
247.7892,47.1447,80.3841,189.7052
250.9795,45.3083,78.5566,192.5460
254.9706,43.8994,78.9487,194.6729
258.9868,41.5488,77.4230,197.3788
268.7365,36.5774,78.7937,198.6976
267.5003,33.3864,79.9364,201.3286
268.0896,30.6813,78.7785,203.9230
268.7671,27.6203,78.7990,206.9063
268.6130,26.5176,79.3791,207.5456
264.8460,27.7687,81.6840,208.7950
260.7422,29.9153,81.9432,209.6992
257.0702,31.0274,81.7411,209.3168
254.2341,29.9157,80.8602,210.4604
248.8681,29.4196,80.7756,211.9151
243.6586,27.6017,80.0974,212.6572
236.3136,33.3664,79.4410,211.6110
230.7691,32.3615,78.8344,211.7055
223.3415,33.1762,78.9436,210.6842
217.8988,32.1966,82.1953,209.1020
211.5382,35.6418,85.6857,205.9105
203.5748,38.8103,88.8424,202.8418
193.2291,41.6707,92.4315,199.7051
182.6581,43.3453,95.5596,196.5155
173.8190,44.3381,98.1486,195.3531
168.9960,43.3285,98.0199,195.5686
165.1356,45.3466,97.9366,196.7372
162.0938,44.7708,96.5348,197.9412
160.1442,41.2483,96.9416,198.2620
163.5457,43.5944,95.8511,196.3408
161.2534,47.1311,94.5276,192.9403
153.6405,47.1229,95.8256,188.2388
147.7527,49.4361,95.9396,184.8587
145.0143,50.8988,95.3444,184.4610
144.8888,52.4522,93.5219,184.3256
144.3950,50.0850,92.7227,184.2685
143.0463,50.3914,94.0960,182.8502
142.5110,50.8004,94.7211,182.6918
141.4445,49.4675,94.7839,181.6074
141.0218,50.7161,93.6094,180.7000
144.1933,48.5678,89.5764,181.6486
147.7106,52.0612,85.3818,182.5986
150.0602,52.4552,82.9802,182.6980
151.7361,50.0678,79.9280,182.7004
152.2390,51.7454,76.8697,181.4039
153.1169,52.4184,73.0073,180.2086
156.0683,54.1596,70.9335,177.8610
159.2142,54.0996,68.6456,177.8382
159.1180,55.0982,67.7645,177.9300
155.6062,55.9271,68.3842,176.1393
155.9296,54.8602,68.9068,175.4870
156.9158,53.2377,68.1564,176.5656
154.1524,54.3910,68.4214,176.7170
153.5100,51.0181,69.5718,178.2589
151.8974,47.5023,70.2031,179.0226
150.4349,44.9310,71.5955,179.4121
150.0190,44.1640,72.3932,178.8545
149.8683,41.4863,72.5824,180.4372
151.5686,37.5828,72.9281,182.5523
150.5920,35.6636,74.0026,184.4691
149.8463,33.4427,74.0314,187.2537
152.3230,36.4755,74.0900,189.3156
153.5874,42.4494,74.4674,188.2289
154.0399,46.0807,73.4226,187.6439
153.7218,52.6347,72.1943,185.4168
154.0354,58.6162,71.8564,181.6928
152.9008,66.7507,70.8532,175.8834
154.2106,76.7902,71.7000,167.4915
156.0782,78.6550,73.8644,163.0801
154.8490,89.5052,75.8135,156.4587
153.7052,89.3906,78.0777,153.0532
153.1807,93.2750,79.8705,149.3579
151.3574,94.1256,81.3979,146.8915
148.6303,95.8305,82.2223,144.7989
147.9401,95.4288,82.6412,144.5782
145.6708,95.4029,82.6606,145.1083
145.9627,94.8150,82.2362,145.3553
146.5350,96.0250,80.5910,145.0696
144.3657,97.4650,80.5040,143.5041
145.8528,98.1249,79.2637,142.8650
146.0770,98.6035,79.8309,141.4268
148.1279,100.4991,77.4372,140.5062
152.2951,99.4558,77.6541,138.6719
154.2804,100.2430,77.0993,136.7567
159.0391,93.3348,71.6041,141.8754
163.9062,88.4263,67.1666,146.2866
166.5833,86.3461,65.9178,147.6043
169.4512,89.5314,65.6354,146.3599
174.9258,88.8405,64.9120,146.9870
182.2112,90.1593,64.6971,145.2662
187.5506,92.4296,64.4778,144.1278
187.6791,91.6815,64.9734,142.6796
186.8489,93.8145,67.7238,139.4548
188.5485,92.3973,68.6971,139.7317
187.2244,90.6188,69.5202,140.1652
189.2576,89.5817,70.1235,140.8097
190.4831,92.6616,70.7853,140.0037
194.2823,91.9697,70.6542,139.3614
196.4577,94.8818,71.0759,135.5711
201.3772,92.3373,65.6668,137.1488
209.3517,92.5529,61.5323,136.9928
214.1341,91.9698,58.7518,136.7540
217.8544,92.3702,56.6236,135.8766
220.3518,90.5969,55.7932,135.4845
224.0917,88.3010,55.5269,136.6681
226.7473,85.3096,56.1903,138.5199
229.8176,82.7385,57.3470,139.7389
231.0199,80.6077,58.7397,140.2518
232.8701,79.6063,60.1882,140.3987
233.3695,78.2750,60.6898,140.9450
232.0172,76.4740,61.2512,142.1740
232.0021,74.7427,61.2444,143.8572
229.7333,73.5735,60.2148,144.3688
227.3375,72.4137,58.2286,144.8849
223.3873,72.1453,55.5560,145.3168
219.6059,71.7074,54.9602,144.4683
216.0203,74.0347,54.5095,143.7821
212.2386,77.8440,54.2822,141.9098
206.9071,79.4347,55.0185,138.9806
202.8846,84.6770,55.4858,134.5701
198.9350,88.3354,55.5864,131.0958
196.8374,91.6927,56.1412,126.9109
196.5985,94.6324,56.3457,123.5661
196.6827,98.4617,55.6042,120.6958
195.8556,101.2323,55.9341,117.8702
194.1987,103.8735,56.1860,114.8931
192.4970,103.9023,56.9055,112.1904
190.2935,105.6978,57.6893,109.9201
190.9560,104.2390,58.0697,109.1746
192.3970,105.5131,59.3074,107.6624
193.5537,103.4618,59.4513,107.8536
192.6240,104.9358,59.8778,106.7965
191.2504,105.7863,59.8475,105.9635
186.4363,107.0703,60.0441,102.7869
182.9056,107.7739,60.4103,100.9486
178.8121,109.6733,61.9886,98.7994
177.4551,111.5797,62.2967,97.2558
183.1767,108.3296,58.6310,99.5632
184.7793,110.8389,57.2567,100.7703
185.1241,109.2136,57.2497,102.8270
184.9739,109.3107,57.3424,104.4793
184.0588,107.1602,57.6469,105.4027
183.6393,108.2607,57.4502,106.0579
183.1478,108.5362,56.7389,106.9265
182.4958,107.1828,56.1224,108.7786
181.6408,106.3430,56.8573,110.0588
181.3949,107.4893,58.9529,109.7219
184.8429,108.5625,57.9210,109.1824
188.2848,111.3254,57.0420,107.1827
190.7069,115.3196,56.1812,105.4136
191.2929,116.6151,55.7981,103.4395
193.8418,115.0701,56.4083,102.5372
194.7737,115.3096,56.7857,102.8656
196.2953,117.2717,56.6877,102.8040
200.3664,116.4564,56.7486,103.7648
202.1113,115.9508,57.1741,103.7359
200.8298,114.7566,57.6099,104.0738
200.0003,111.1448,57.5690,104.3130
200.0565,112.1751,57.9865,105.4936
196.9284,108.3695,58.7041,106.6418
193.5216,104.7645,58.7010,108.9887
188.9900,99.2254,58.2586,113.0014
187.1693,97.9465,57.3910,116.2700
186.8486,91.4789,55.5395,120.6746
187.9853,86.9966,53.0525,123.4926
186.9570,85.9830,52.3114,124.2282
186.6249,84.9573,51.7031,125.1635
186.2399,80.2646,50.6761,127.2504
184.5170,71.5981,49.5589,131.9093
186.2347,69.8099,48.8292,132.6573
188.4097,69.9540,47.5969,135.0133
189.7692,69.0721,47.6217,136.8153
190.6950,71.2156,47.9732,138.2359
193.9061,72.9789,49.4348,137.3872
195.8488,73.7027,51.8270,136.0759
197.4248,74.5092,55.0039,133.8433
199.5277,75.8656,58.1788,131.3437
201.5918,75.9927,61.7100,129.7511
203.6930,77.1827,64.5597,129.1748
204.9041,80.1131,68.3861,127.6969
213.1151,78.2626,71.8215,128.2967
214.3163,78.7944,74.5979,128.6340
222.2587,74.5197,76.0785,129.7536
220.2083,75.8449,76.5712,129.7961
223.9719,72.9134,76.1975,130.4781
227.6053,71.8991,76.0280,130.8137
232.4782,70.5645,76.0767,131.7580
237.7406,70.6328,75.4682,132.2790
241.5873,69.1078,75.9127,132.8084
243.7624,67.0298,75.9596,132.7630
249.3081,66.7959,75.2681,133.0737
254.4826,67.2758,74.5092,133.7178
257.2165,66.1452,74.3698,134.4762
259.4807,65.0883,74.5981,134.9623
260.8192,64.6243,73.4513,134.7843
261.0451,64.6457,71.3844,133.6810
261.7213,66.0354,70.2312,133.6402
265.0874,64.6121,67.6874,134.5749
266.2882,63.0428,66.5860,134.3036
269.3656,61.8644,66.4676,133.9386
271.5966,59.0102,66.5654,136.9638
274.3598,56.4679,65.6226,139.8768
271.8855,53.9899,67.4238,142.3501
270.4717,49.3672,67.7543,146.2228
269.7801,43.5107,67.0504,150.9351
268.6369,39.8955,66.1276,156.0861
267.5573,33.0504,64.9543,161.9137
265.7368,30.6081,63.5730,167.0617
263.9615,33.2113,61.5352,170.6486
260.7116,35.1862,61.7663,172.4370
257.9861,37.4992,62.3425,173.8580
255.9979,43.3685,62.5324,174.1093
255.1419,45.7176,62.7484,174.1302
252.2066,49.8461,64.8206,171.7498
249.7350,51.9134,68.3424,169.2276
244.5038,53.7338,72.6801,167.6912
235.6604,51.5384,77.7207,168.1078
226.6975,47.1804,82.4211,170.1098
219.9826,48.5853,87.1146,171.4921
215.2914,49.6397,90.8800,174.8409
207.8376,50.6016,94.5611,178.6971
199.7735,45.2762,98.0765,183.9479
193.7623,38.4475,97.3058,190.2081
186.6202,34.4146,97.8186,198.9485
178.2977,32.1564,99.0286,206.8299
170.1297,28.0914,101.7795,216.8635
161.1201,22.1737,103.7449,225.3250
151.2853,22.2056,105.7037,233.8231
138.1257,21.3969,107.3114,240.9296
124.4668,19.7993,105.4621,247.0003
109.7240,17.5414,103.2391,249.7401
99.4060,12.7157,100.2140,253.7726
91.8045,11.4148,96.4238,258.8155
85.2235,8.7189,95.1691,261.2759
79.4873,5.2037,96.7126,261.5924
75.3239,7.8350,98.3605,261.8216
68.6495,9.6200,99.2784,262.6199
67.2677,15.3583,101.4981,260.3953
65.4552,29.7999,105.6608,248.9981
59.6848,36.2200,108.7803,240.9043
55.8215,43.2187,108.4149,235.2518
55.8518,41.6285,108.4069,231.4896
55.0425,50.6197,109.3450,225.0258
50.6436,54.6402,112.1295,219.7987
43.2372,62.4345,120.8377,210.6553
39.4400,65.9784,126.0496,202.0128
40.9019,71.6026,126.4905,196.3216
46.5958,74.2252,125.3607,188.1338
49.3890,76.2085,123.3498,182.4424
57.4885,81.7826,120.0098,177.8682
59.8094,84.6637,117.3534,172.8781
55.2845,94.1455,117.0721,166.5498
56.8209,93.4294,116.0327,162.6674
59.5595,94.6390,115.3070,156.5456
59.5278,97.1084,114.8311,151.5572
65.9695,94.0712,112.7740,146.9202
67.7623,93.8706,109.8724,144.8095
77.0434,88.0800,107.3737,142.6871
76.0967,92.7693,108.5962,139.1533
84.8056,89.2125,107.3994,136.0211
84.9997,91.1495,104.5186,133.3226
91.1605,87.5528,102.0633,130.9537
90.6814,90.1953,99.2512,127.9050
89.6877,88.3469,97.6907,125.0420
91.5659,89.4550,96.8117,122.0415
89.4743,89.5001,95.2458,121.3493
89.2883,88.0918,94.1496,120.8915
93.7150,85.6367,94.5608,121.3509
92.9498,88.6035,93.8343,121.4141
93.6709,87.5159,94.5224,119.9624
94.4822,86.4050,95.4633,120.0218
96.3782,82.4102,95.6615,120.3727
95.7828,81.9553,96.8124,120.4208
102.6742,86.2635,95.0432,117.9067
103.6673,87.9247,93.4390,116.2216
108.6652,85.9698,92.4905,114.9101
109.1781,89.7206,90.7432,113.1354
105.2157,90.0218,91.1905,111.5598
108.0023,90.0334,91.0605,110.6985
113.2513,89.7127,90.9089,111.3784
113.5940,89.5534,90.6205,111.4508
118.4058,89.0316,88.6820,111.9676
116.1453,90.8463,87.2753,110.3459
123.3575,88.4416,85.0493,109.8639
127.9905,88.3621,82.5011,110.1842
135.0635,84.0694,80.0055,111.0417
133.7188,83.9974,78.3135,109.6736
134.2138,85.4457,80.2598,106.8992
131.6231,86.7844,82.0015,104.6302
134.0119,82.4134,80.5206,105.7335
133.3851,84.6990,79.5284,106.0515
139.5692,88.8555,80.1014,104.8602
142.0820,88.5207,79.3357,104.9846
148.5316,91.8645,78.7257,105.7441
148.8735,91.4768,77.5535,107.1200
146.7673,91.1131,80.1532,108.8651
146.3911,90.4941,82.3392,110.2494
145.0525,89.6902,86.9872,111.2630
142.9247,88.9245,90.3612,112.8035
143.8058,88.2251,94.1875,113.9120
141.6407,88.5238,97.2206,115.1412
142.8339,84.6415,97.3259,116.8663
142.7355,83.5133,97.4687,118.5105
145.6765,83.3059,97.8011,118.9611
145.9569,85.4303,97.8786,118.6097
146.0336,81.9830,94.6679,120.8353
148.0283,79.4285,92.4684,121.6025
155.8818,72.7162,87.0821,125.7720
