1
711.2727,231.0824,22.5269,23.7791
711.2008,231.2454,23.1708,23.6977
711.2576,231.2633,23.6418,23.4073
710.8349,231.9709,24.1011,23.2897
711.2538,231.7534,23.9593,23.1577
710.9615,231.5797,23.9360,23.1492
710.9407,231.6565,23.8981,23.3735
710.6262,231.8912,24.0169,23.2606
710.9651,232.0243,23.9509,23.3015
710.3730,232.3214,23.9723,23.2100
710.0618,232.6609,23.9076,23.0005
709.1529,232.5840,23.7587,22.9602
708.5156,232.7601,23.5603,22.7555
708.4099,233.6402,23.3325,22.3421
708.2736,234.0750,22.8509,22.1358
708.0437,234.1345,22.5396,21.7413
707.2366,234.4609,22.2436,21.4832
707.8633,234.0519,21.6307,21.4432
706.8343,234.5112,21.5873,21.2529
706.7642,234.1994,21.2228,21.0503
706.5853,234.1391,21.0306,20.7146
705.5089,234.3631,20.5602,20.6083
704.6743,234.4517,20.2545,20.4043
703.4746,235.2223,19.9642,20.1584
702.8535,235.7776,19.6128,19.9708
701.4885,235.7237,19.3078,19.8463
700.1761,236.0556,19.0175,19.4389
698.5810,235.9486,18.6040,19.0844
696.6191,236.1958,18.2340,18.7979
695.1843,236.7675,18.1894,18.6391
693.1122,236.4387,17.8642,18.3415
690.8838,235.9782,17.4964,18.0014
688.6662,236.4270,17.5976,17.6910
684.4881,236.8648,17.7186,17.4816
682.5085,237.1912,17.6216,17.2498
680.4024,237.6266,17.5312,17.2791
676.1653,236.9635,17.3560,17.4804
674.2222,237.2934,17.2919,17.8379
669.9094,236.7822,17.5549,18.1189
665.3993,236.4578,17.5365,18.1002
662.6210,235.7480,17.9248,18.3516
657.5422,234.6860,17.4484,18.3393
652.4897,236.2637,17.3666,18.2665
645.0120,235.6556,17.3843,18.1676
640.0326,234.4825,17.2440,18.5168
640.5338,235.8952,17.2026,17.9716
638.8442,234.3089,15.5621,19.4691
643.1289,233.4891,14.5082,20.3961
642.2865,235.9436,17.2318,17.7683
2
0
0
0
0
1
690.7197,230.5661,26.5872,28.7795
691.8112,230.9232,27.4127,28.5085
693.1965,231.4261,27.8996,28.6093
695.7057,232.1418,28.3543,28.5275
698.5093,232.6071,28.3116,28.7742
701.0201,233.3508,28.0709,28.8703
704.1510,234.9124,27.9988,28.4607
704.5814,236.3296,28.3840,27.7711
708.0580,239.3418,28.0922,26.7107
708.6210,240.3563,27.8127,26.2621
709.3026,241.2268,27.3836,25.7389
710.5219,241.7098,27.1848,25.2528
711.4363,242.4128,26.6727,24.7225
712.3209,242.4029,25.8777,24.5727
709.9176,242.7371,25.4086,24.3513
713.7982,242.8937,24.9107,23.9208
714.1190,243.2355,24.2264,23.5896
714.5374,243.4467,23.8735,23.1638
714.7169,243.1964,23.4016,22.7271
715.0689,242.9290,22.9665,22.3353
715.2034,243.2647,22.5046,22.0508
715.0815,243.6639,22.0385,21.8547
714.5984,244.0841,21.5208,21.7790
713.7254,244.6768,20.9614,21.9656
712.4212,245.5446,20.5583,22.3653
710.5268,246.4599,20.0575,22.7698
709.2253,247.4251,19.7168,23.1425
706.9926,248.6766,19.1080,23.6466
704.9117,249.4353,18.8063,23.3346
701.6456,250.6089,19.0706,22.9311
697.5038,251.8708,19.8331,22.2729
694.9835,252.4831,19.4827,22.6925
690.2141,252.7657,19.1918,23.0360
684.7761,253.1126,19.1005,23.2857
682.1231,252.9094,19.1259,23.5297
674.0576,254.1895,20.6076,22.7657
669.4907,252.8712,21.5566,22.1410
664.5183,253.8216,22.4761,21.9093
655.8622,254.0218,23.6897,21.6823
653.2141,254.1540,24.8493,21.9052
654.1017,254.2212,24.4831,21.8662
659.0026,255.1558,23.8252,21.7261
661.6499,255.9429,23.0742,21.8189
667.6474,256.4919,22.0825,22.1580
670.5864,256.3409,20.9806,22.3718
676.4116,256.5505,20.4280,22.1146
679.8591,256.7788,20.4609,22.0475
683.0773,256.9005,20.7756,21.9893
688.5337,257.4369,21.0260,21.9907
691.4901,257.1174,21.4421,22.1862
696.7437,257.4176,22.0048,22.0891
698.9918,258.3347,22.5025,21.8227
700.0425,258.8235,23.0122,21.6894
706.5790,259.0114,23.5242,21.2114
708.1985,259.1320,24.4522,21.2360
710.4504,258.8548,25.2983,21.1522
712.8875,259.0453,26.2487,20.8558
715.0566,258.4821,26.8404,20.6563
717.5185,258.0407,27.8058,20.8381
719.2684,257.8382,28.4691,21.0100
721.3992,257.5572,28.7672,21.2508
722.4426,257.1389,29.0394,21.6919
723.4011,257.2714,29.7501,22.0352
725.7479,257.3504,29.6982,22.4145
724.1227,257.3922,30.4570,22.6666
723.9445,258.0148,30.5151,23.1526
722.9188,258.0653,30.6129,23.5268
721.6833,258.1659,31.0261,23.7912
719.7966,257.9899,31.0487,23.9802
717.7366,258.3112,31.1907,24.2083
715.2908,258.3933,30.9872,24.2439
713.6599,258.3170,30.9589,24.4022
712.0848,258.3834,31.3754,24.3523
709.3245,258.2482,31.0684,24.2868
706.8984,258.2206,31.1084,24.3482
703.3015,257.8741,30.9299,24.1642
700.8890,257.7519,31.3568,24.6033
697.0206,257.4191,31.4661,25.1230
693.0313,256.9604,32.0041,25.3960
689.6600,256.1955,32.0302,25.6580
685.5480,255.2856,32.1993,25.9259
682.6365,255.4604,31.8851,25.9603
679.1037,255.3225,31.8054,26.0306
674.0931,254.0518,31.1004,25.7970
669.7402,254.7404,31.9991,26.3355
661.4799,254.5147,32.8764,26.2135
655.3093,254.3801,32.6637,26.1243
648.1988,254.0507,31.4411,25.6016
641.5781,254.1343,30.3692,26.1336
646.8111,254.2231,29.5927,25.9466
653.8187,254.6212,28.8894,25.7170
656.2465,254.4532,28.6009,25.4432
659.3255,254.6473,29.1481,25.2474
665.1097,255.3669,29.3612,25.0320
667.5042,255.1825,30.1793,25.0206
669.2045,255.7299,31.7079,24.6946
670.1554,256.2113,32.8380,24.7419
671.4750,256.4418,33.8377,24.8123
2
0
0
0
0
1
732.0627,247.6480,27.4402,27.9194
733.6116,248.9658,28.3239,27.9902
733.6837,250.4453,29.0890,27.6117
733.8749,251.2744,29.8336,27.5814
734.2723,252.3451,29.8999,27.7983
734.7626,252.8897,29.5070,28.2387
735.8414,253.4145,29.8439,28.2279
735.1903,253.7484,30.1509,28.1339
734.2976,253.9624,31.1351,27.9988
733.4248,254.5466,31.2870,28.3203
732.4456,254.9499,31.5924,28.5267
730.8652,255.4702,31.7299,28.6260
728.8488,255.4887,31.9947,28.5434
726.1949,255.7929,32.2594,28.3787
723.5477,256.3515,32.4960,28.4620
721.6512,256.4174,32.6460,28.3241
718.0254,256.4773,32.5314,28.3028
713.9922,256.4201,32.6522,28.3867
708.1066,256.4275,33.3540,28.2097
703.0507,256.1258,33.8540,27.8370
701.4594,255.9343,33.8164,27.7966
697.9915,255.7837,32.6137,28.3297
693.2696,255.2114,32.4438,29.0982
688.6111,254.1920,31.8620,30.0263
684.2230,253.4597,31.9143,30.5423
680.4883,252.4549,31.4906,31.4092
675.8912,251.6200,31.0515,31.8746
671.9356,250.5663,30.3635,32.0035
667.8664,250.1935,29.9005,32.3773
663.9654,250.0291,29.8995,32.7924
660.1888,249.5521,29.6893,32.9870
652.1081,248.8982,30.3056,32.5682
649.2254,247.8935,30.0242,32.8750
652.7102,248.5492,29.1853,32.0749
655.4460,249.3456,29.0038,31.3430
658.1849,250.5799,28.8083,30.5165
661.6429,251.7941,29.3573,29.6445
663.7432,252.7507,30.0624,29.3204
665.7484,253.5429,30.8555,28.9750
666.5370,254.4288,32.4273,28.3150
666.9249,255.2988,33.9128,28.0584
667.5811,255.8563,35.2456,27.8686
667.9234,255.7580,35.4907,28.1382
670.4154,256.6092,35.7184,27.9718
670.9585,256.8339,36.5792,28.1465
2
0
0
0
0
1
716.7635,240.5596,32.3286,36.3458
717.5256,242.1043,32.5609,35.9457
718.4728,243.0038,32.9411,35.3478
718.8858,243.6291,32.6573,35.0928
718.4671,244.4222,32.2703,35.0555
718.1835,245.6620,31.8912,34.8894
717.7368,246.8711,31.4615,34.4167
718.8329,248.3907,31.3974,33.5988
720.3734,248.2611,31.0460,33.7081
722.1702,248.4289,30.8282,33.6616
722.1876,249.2324,31.1130,34.2306
721.8424,250.2837,33.2228,33.0509
721.2375,250.6841,34.9649,32.3691
720.7457,250.7053,35.4695,32.0095
719.4935,250.5175,36.0205,32.0611
719.4213,249.5040,36.9047,32.9748
719.2719,249.5581,37.2166,33.7444
718.8772,248.2493,37.7934,34.0490
718.5309,247.8185,37.5443,34.1507
718.4252,247.8328,37.7272,33.9682
713.3997,246.8797,36.4641,34.7353
713.5855,246.6340,36.2549,34.9587
2
0
0
0
0
1
657.5811,239.3303,33.2773,31.3769
645.4802,238.4007,31.6670,33.0797
641.3773,239.1384,29.6289,34.0799
638.5557,237.3761,27.8913,35.0383
638.8602,238.5644,26.2721,36.1838
638.8081,237.6423,26.1156,35.8704
639.6393,237.0119,26.2290,36.2047
640.3637,237.0463,25.8478,36.3980
642.0525,236.8480,25.9468,36.4428
643.7171,237.4293,26.6901,36.0699
643.9093,236.7433,26.7219,36.4284
645.0170,237.5346,27.1098,35.8117
645.2855,237.9336,27.6077,35.0260
645.6597,238.5490,27.9400,34.3911
645.5837,238.3748,28.8576,33.4572
648.2275,239.6842,29.6050,32.6452
651.3289,240.7620,29.7004,32.1607
651.1704,240.8833,29.8852,32.2582
649.9841,240.3139,29.3880,33.3451
653.8091,242.2846,30.1751,32.9301
652.5074,242.2169,30.9068,33.1247
654.0293,241.9438,29.8128,33.3679
652.0721,240.3462,29.2069,34.3855
651.6534,240.6461,29.3784,33.8663
2
0
0
0
0
1
684.0565,235.5524,30.0559,32.2783
683.9505,235.3855,29.1433,32.5010
683.8444,234.4441,28.4994,33.4272
683.5866,234.9492,28.8686,33.5331
682.9932,235.2518,29.5504,32.7768
681.9974,235.6753,29.4546,32.6021
681.5891,236.2010,29.1461,32.2181
682.0105,235.8710,28.5958,33.2134
682.5674,236.2850,28.1760,33.5972
682.9502,236.6513,27.8053,33.6638
682.8218,237.1443,27.4760,33.2703
684.0118,237.8346,27.0024,33.5924
683.8438,238.6576,26.4558,33.0845
683.9865,238.6654,25.9767,33.2788
683.8057,238.7132,25.7365,33.4267
684.1652,239.0048,24.9177,33.0849
683.9011,239.6684,24.7162,32.6929
685.0598,240.2006,24.2205,31.8402
685.1970,240.3556,24.0946,31.4782
685.0938,240.0874,23.8051,31.5793
684.5767,239.9253,23.4762,31.2006
684.6050,240.8214,23.6681,30.6239
685.7281,241.5318,23.8693,30.0594
685.4683,241.4191,24.0066,29.9826
685.3070,241.9806,24.5691,29.3289
683.9012,242.5342,25.1666,28.7912
683.4688,242.0365,24.9081,28.6914
682.4990,241.9577,24.7657,28.5068
681.7713,242.5200,24.7748,28.5603
678.1180,242.4125,25.0535,28.5083
681.1739,242.1430,24.9854,28.5457
677.2462,242.6589,25.2066,28.4088
680.1078,242.5101,25.2449,28.2722
676.8836,242.1455,25.4420,28.1582
680.0966,241.4790,24.5023,28.7362
682.2071,240.2421,24.3231,29.3467
682.8027,240.3885,24.9588,29.6499
680.2437,240.4297,25.8595,29.2452
684.7952,240.6384,26.1506,29.4568
678.7283,240.4155,26.1658,29.4551
682.5998,240.1721,26.1738,29.3912
683.6891,240.4117,26.0095,29.9735
685.0760,240.5915,26.6715,30.2209
684.9470,240.1381,26.3956,30.4278
685.6587,239.4817,26.6414,30.9247
686.3616,237.9472,26.6395,31.6016
686.0783,237.3191,26.4024,32.5954
685.5615,237.5555,27.0317,32.8379
684.9133,238.1645,28.6381,32.1069
686.5863,238.3204,28.1975,32.0848
690.1340,237.1797,27.9566,31.8169
690.7582,237.7384,28.7131,31.5978
690.9054,236.5925,27.6116,33.3375
688.8573,241.5805,27.6947,31.8947
688.6389,242.1130,27.8724,31.5563
688.2494,242.6663,28.1034,31.3196
689.3890,242.1377,28.1798,31.0123
691.3226,241.7760,27.5201,31.8829
691.8540,242.4124,27.2746,31.7134
690.8721,241.5737,27.1338,31.8973
689.4540,242.4021,26.8909,31.3789
688.0989,242.4723,26.6615,31.8658
687.7224,242.7412,26.7704,32.3081
686.0535,243.0189,27.4655,32.9298
684.6921,242.9669,27.7958,33.7671
683.2260,242.6450,27.6683,34.1174
681.0809,242.8409,28.0268,34.8075
679.2518,242.2587,27.9301,35.4111
677.0795,242.7518,27.7096,35.7521
675.3499,243.1252,27.6850,35.8750
673.8452,243.2978,27.3801,36.1169
671.8796,243.6154,27.1418,36.3592
669.9161,244.5090,27.5224,35.7572
665.7804,245.1542,27.2087,35.1759
664.5831,244.9654,26.7408,35.2056
663.0574,245.4824,26.3207,34.9990
