1
1101.9926,614.6051,39.8730,50.4823
1096.4578,604.8566,40.7939,50.0790
1067.0259,609.1255,41.3004,49.9562
2
0
0
0
0
1
908.9672,612.7822,48.5118,45.1085
921.6929,616.4388,47.0257,44.2566
2
0
0
0
0
1
811.3342,561.3726,40.1889,42.7025
805.7320,561.0212,40.8605,42.2564
803.7158,562.1327,40.8654,42.8612
800.8855,559.3072,41.8292,43.7697
793.3574,557.6023,44.1057,43.9252
788.0279,558.1881,48.7565,42.2887
786.8732,560.2108,55.2639,38.3337
787.2186,563.8443,61.1638,33.3792
790.2368,565.9317,64.7457,30.9536
789.6317,558.8345,58.6373,36.2691
792.1888,543.7107,55.4557,37.8294
795.6914,532.4693,53.0606,39.1655
794.6564,518.5843,50.4350,42.4247
796.9295,512.1472,47.2443,47.0518
797.9158,502.2826,45.5208,48.1803
795.7418,492.7325,44.1839,48.2227
790.2565,488.0782,43.4306,48.0310
782.8693,487.1748,43.5236,46.5499
774.1123,486.0757,43.7130,44.6864
765.7279,485.1928,44.4560,42.1951
755.5516,483.2203,45.2835,40.0918
742.3080,478.6131,45.5842,38.7971
733.4835,473.5547,46.1449,37.5871
714.1411,469.0002,45.4655,36.8903
692.4582,465.4812,45.6547,35.4255
671.8107,462.2202,45.0837,33.9799
651.3346,458.7802,44.0833,32.8915
630.0225,455.2686,42.1167,32.3604
607.1497,452.4316,40.6735,31.6357
582.8898,449.2175,39.7061,30.7103
556.8834,446.7905,38.5310,30.1541
530.5700,444.1622,37.8066,29.3552
501.3377,442.3257,37.3263,28.7578
470.2949,440.7095,36.7778,28.2829
451.6974,436.1223,35.8736,29.2647
410.5580,435.3205,35.6092,29.4344
371.5586,436.0275,35.6103,28.6269
342.8030,435.0899,34.9680,29.3156
307.8302,431.9847,34.1622,29.9592
2
0
0
0
0
1
