1
445.6382,341.2747,41.0130,34.1507
444.2669,340.7740,42.4869,32.6909
442.3053,340.6985,43.2374,31.2829
441.4429,341.2851,43.9657,30.4904
441.5347,340.5413,44.2571,29.9219
440.9393,340.9042,44.6849,29.6987
440.7945,340.4525,45.2923,29.8949
439.8588,340.1747,45.3956,30.0255
438.0808,340.6060,46.0963,30.0672
436.5323,340.0202,46.6183,30.1839
434.5530,339.1526,46.8217,30.4122
434.6328,339.3230,47.2805,30.4292
432.4175,339.2312,47.5697,30.2480
429.7948,336.6416,47.9775,30.1053
427.8211,335.6228,48.3690,28.6073
423.7582,335.8534,45.7898,28.4537
410.8706,336.5833,50.1012,26.1900
404.6159,338.1872,53.2445,25.5628
417.5493,327.0176,49.8704,28.4290
422.9331,330.1574,48.3087,29.3250
418.8433,332.8246,48.9504,29.6022
417.0413,332.0836,49.4758,29.8354
414.6523,330.9562,50.5343,30.1787
413.6568,331.2733,50.6944,30.4198
412.9187,329.1413,50.9091,30.6984
413.3485,329.6357,50.7909,30.7789
416.0415,327.7354,51.2110,30.8698
419.5463,324.9369,51.7263,30.8471
422.6567,323.3102,52.3331,31.2863
422.5723,322.9758,52.3295,31.3717
425.6717,322.0840,52.3474,31.8122
430.0871,322.1626,53.0892,31.9457
433.6637,320.9016,53.0778,32.6247
436.9004,319.7564,52.9889,33.0880
439.6634,318.7505,52.4571,33.3893
439.8897,319.2020,52.3493,33.6722
442.4166,317.3141,53.0256,33.8453
445.0403,316.9371,53.8478,34.0812
441.5302,317.0201,51.8432,33.3207
429.7713,307.1053,51.2311,33.9256
412.2240,301.2520,51.7071,33.4889
405.0540,292.6714,51.5638,33.6343
448.9186,303.4273,52.9055,32.1044
448.6652,307.2685,57.5621,31.3572
459.2717,308.9811,56.4422,31.5295
464.2184,308.6221,57.3046,30.8938
466.5280,305.7490,58.1844,30.9773
465.4117,305.4718,59.1458,31.3751
468.8380,302.4700,59.1832,31.2128
470.8531,299.0163,59.3374,31.5645
472.4474,295.0816,59.6503,32.4391
473.1793,290.5692,60.1743,33.2161
473.0602,285.5684,59.7395,33.3200
473.1201,284.7191,59.3604,33.2200
473.7543,279.9818,60.1083,33.5964
472.7414,274.9999,60.0699,33.9573
468.8866,270.6748,59.8113,33.7119
467.3504,265.6519,59.9042,33.8080
465.9126,260.4180,60.4192,34.5873
465.7589,258.8195,60.4511,34.5770
464.8828,255.2376,60.9427,35.0614
465.9126,250.7632,62.3626,35.3058
466.7016,246.6263,62.0292,35.6235
468.3512,243.0785,62.2602,35.9892
467.9514,238.6525,62.4987,36.1551
467.4570,237.7748,62.7031,35.8554
466.1928,235.3542,62.3323,35.7748
463.7508,233.1391,62.7180,35.9978
459.4432,230.5894,62.2704,35.6983
459.0131,228.7744,64.3378,35.3754
455.3441,226.7108,63.2574,35.5921
454.5057,224.2638,63.3082,36.2614
454.0772,222.7488,63.4220,36.6772
453.7522,221.4554,63.7293,36.6507
455.5388,221.3413,63.9399,36.4000
458.8103,221.8444,64.4959,35.9755
465.4500,222.8674,65.3677,35.3551
466.3806,222.2499,65.6140,35.7110
476.0813,223.1488,65.2305,34.7519
487.4944,224.8711,64.3222,33.8805
502.5049,227.0330,64.3742,33.6641
517.7862,229.3585,62.4659,35.4915
532.9169,231.8525,61.5362,36.6661
535.6436,234.9799,63.4137,36.0016
544.5081,237.5912,62.0854,37.1872
551.3196,240.7929,61.9520,37.9018
558.6431,245.1191,61.8783,38.9064
561.1293,250.5976,61.6424,39.8713
564.8267,256.8433,61.6397,40.9359
565.1471,260.2229,61.4480,41.5068
570.9897,264.7033,61.7961,41.6105
579.9102,269.7301,61.8077,41.0028
587.8010,274.7218,61.7311,41.6530
593.7822,285.0420,62.3295,41.6663
600.4475,290.5589,63.1318,41.9985
601.0215,292.6032,62.8224,43.4734
605.7368,296.4938,62.5441,43.6968
609.4387,300.9030,62.9431,43.9704
614.7122,305.7037,63.6302,43.9617
617.6039,308.2764,63.4713,44.9357
617.3664,303.8051,55.4059,50.8226
618.3571,301.8070,49.5629,54.5555
625.2250,295.4269,49.5684,54.5534
632.0238,267.9250,49.7242,53.2911
634.8137,302.7199,50.3233,52.6718
634.0842,309.9337,52.6067,52.5668
634.5855,314.8528,55.1305,51.4739
633.1233,315.3740,56.9543,51.2048
632.3424,315.4087,58.5631,51.4473
632.6396,317.0227,59.5195,50.8338
633.6287,317.2617,60.2363,51.2034
634.9427,316.7932,60.1762,50.8241
635.8777,318.1781,60.3196,50.3750
635.6504,317.1209,60.0852,50.0936
638.8419,316.7578,59.7300,50.1484
640.6894,318.1065,60.1656,49.6020
639.4417,318.6621,60.7275,49.1867
638.2328,315.8425,59.9994,49.2264
635.1173,314.1016,59.7402,48.7616
634.9030,314.5525,59.7014,48.2624
632.1730,311.8189,57.9623,46.8190
632.5560,310.0934,56.4324,45.8170
628.0879,313.9501,57.5436,46.3814
626.6748,315.6401,58.1089,46.8702
624.3033,314.9199,57.9014,46.5633
623.9109,315.5251,57.4693,46.4291
621.6528,301.4350,55.0326,47.3032
623.8034,304.1958,53.2459,48.0279
619.1806,310.3289,56.2974,45.9977
618.7367,314.7880,57.1066,45.6548
617.0638,316.2887,57.5994,45.7018
616.5916,316.1723,57.6117,46.1237
616.6919,317.8596,57.7739,45.5369
615.5873,317.9243,58.0709,45.9514
614.1012,318.2327,57.9432,46.2554
611.7419,318.6690,58.5050,46.3117
608.7675,318.9058,58.4398,46.2256
608.5088,318.4485,57.8005,46.0885
604.9402,319.0445,58.2335,45.8660
599.6950,318.0814,58.7073,46.2708
594.7880,317.4655,58.6595,46.5474
590.0582,317.1857,58.0506,46.8301
584.8042,317.6590,58.5039,46.4515
583.5895,318.3295,58.6716,46.2579
581.3922,317.7465,58.3076,46.0469
577.4789,318.6719,58.2936,45.7108
574.3463,318.8671,58.0796,45.5065
571.0223,318.0083,57.5807,45.5443
567.5328,316.7416,57.5515,45.7136
567.2468,316.1660,57.4590,45.8985
565.2192,316.8345,57.0147,45.3541
562.9661,317.0396,56.8970,44.8386
561.9218,317.5886,56.5989,44.6957
558.6964,317.9207,56.9145,44.5307
556.6641,317.2238,56.7452,44.8339
556.3079,316.6398,56.3351,45.0759
553.1967,316.3781,56.9604,44.5901
548.7434,315.6879,56.8768,44.9124
544.4948,314.3290,57.0362,44.9848
540.0964,313.7859,57.6510,44.8213
536.4856,312.2076,57.8333,44.9075
536.4630,312.7254,57.6162,44.6194
534.1787,311.1552,57.3282,44.3888
530.8109,310.7403,57.4077,43.9848
526.3248,309.8650,57.3924,43.3530
522.0522,309.0035,57.1839,42.8143
517.7614,306.4487,56.5826,42.5100
516.5103,306.6399,56.6768,42.3367
512.7672,304.8002,56.6473,42.2257
505.9337,303.1954,56.0461,41.7780
501.4546,300.4183,55.8266,41.2796
493.5137,298.2669,54.9343,40.4518
487.1777,295.5544,54.3775,40.1007
486.2044,292.4048,54.5592,40.8555
479.5605,290.3368,53.9932,40.2545
472.2163,288.3938,53.7451,39.4744
466.6326,285.3795,53.2035,39.1036
459.2458,283.0147,52.4587,38.3808
452.1606,280.5526,51.6566,37.6033
451.1018,276.1071,52.2033,38.8910
443.1544,274.7043,51.3512,38.1586
434.6642,272.9263,50.5441,37.1646
427.8556,269.9320,49.8796,36.5029
418.2219,265.3514,49.9254,36.6418
410.6565,263.0254,49.7446,36.2586
408.4528,258.8730,50.7956,37.6934
400.5789,258.2419,50.4998,36.7420
392.1921,257.2278,49.5467,36.2211
385.0365,256.6614,49.0807,35.8832
378.3383,256.7812,48.7697,35.7644
371.2357,256.6824,48.7680,35.4565
364.1618,257.4256,48.4849,34.9632
363.4123,256.8658,48.6445,36.2207
357.7144,257.2258,48.1807,36.4761
353.3016,257.8911,48.2678,36.8079
347.6978,259.2815,48.2573,36.8886
344.5276,261.9493,47.7777,37.6519
342.0397,265.7865,47.7662,38.3774
340.8954,268.2961,48.0927,38.6968
339.6371,272.1249,48.3462,39.0209
338.4548,279.9112,48.5497,39.0246
338.9715,289.1869,49.9521,38.7376
338.3369,293.8384,49.5448,39.4364
337.0778,299.0050,49.2827,39.7774
336.7102,302.5457,49.4804,39.9077
338.5286,307.0493,49.5038,39.7625
339.4479,312.1528,49.7061,39.4453
339.5432,317.0220,50.0441,39.6731
341.8927,321.7885,50.2616,40.3590
344.4680,331.2770,50.8504,39.9061
346.3311,332.0558,50.5935,40.0414
347.6593,335.1925,50.4740,39.9873
350.4456,338.8685,50.9348,40.0293
350.7818,342.5464,51.7222,39.8833
354.8488,345.1008,51.5504,39.7581
356.8375,346.2375,50.4454,40.1106
357.5813,346.4938,49.5594,40.3081
359.5229,346.7845,48.9184,40.3018
361.9365,347.7804,49.0219,39.4769
364.1616,347.0810,48.4826,39.5130
364.3860,347.0805,48.0860,39.4369
365.7861,346.9845,47.5176,39.5294
366.0571,346.6750,47.1661,39.5561
367.4924,346.3181,46.8667,39.3219
367.5117,345.6658,46.7251,39.0098
369.4218,344.5563,46.4272,39.1624
369.3154,342.1849,46.9061,39.4531
370.5215,341.2844,46.6945,39.0894
370.9393,341.1070,46.7404,38.8364
371.9226,340.1255,46.1975,38.5516
373.1466,339.0121,45.6431,38.4319
373.7094,338.2411,45.7874,37.9865
374.2752,335.9137,45.8474,38.1379
374.0219,334.3264,45.6315,37.9915
374.3857,333.2098,45.4618,37.8392
373.4651,331.9891,45.2935,37.6443
372.5039,331.1684,45.2145,37.4005
371.4827,330.1522,45.1430,37.2817
370.6483,326.8953,45.1737,37.4224
368.9736,325.5649,45.4291,37.2741
368.1602,324.4415,45.5214,37.2775
367.5946,323.4707,45.1817,36.9376
365.4876,322.0996,45.1192,36.5923
362.5657,320.3463,45.1966,35.9858
359.6743,319.1110,45.0567,35.5002
356.8748,316.8561,44.9832,35.7122
355.3900,316.2407,45.2610,36.0282
352.8022,314.7692,45.4085,36.0509
349.2173,312.6143,45.2081,35.9303
345.9962,311.4987,45.0349,35.5565
342.6452,309.9038,44.5783,35.2764
340.0814,309.2105,44.7317,35.1544
338.6779,309.3883,44.6985,35.2729
337.5702,308.1588,44.5992,35.3396
337.3615,308.7018,45.1679,35.5041
336.5842,309.0322,45.0368,35.3188
335.4679,309.1283,44.5905,35.2834
334.0898,309.4144,44.3083,35.1756
334.0805,309.4831,43.9944,34.8153
332.4927,309.5751,43.7401,34.7834
331.3860,309.4939,43.8319,34.7747
329.6902,309.3202,44.0496,34.8888
329.1157,310.0069,44.0917,34.8387
327.4186,309.9738,43.9378,34.6719
327.1599,309.8672,43.5849,34.5087
327.0905,310.5388,43.3340,34.3571
327.0513,310.9261,43.3055,33.9295
327.1739,311.0380,43.5283,34.2700
325.9818,311.6025,43.3787,34.3736
325.0247,312.2104,43.1634,34.1330
324.5799,312.3163,42.7815,34.0184
323.9924,311.9457,43.0889,33.9946
322.1685,311.7082,42.8485,34.0636
322.5869,312.3895,42.7103,33.8555
322.2519,312.3021,42.9091,33.6780
322.7083,312.2010,43.7335,33.7188
322.2190,312.2961,44.1879,33.8533
323.9486,311.2574,43.5540,32.6508
323.2416,312.1722,43.2578,32.6628
324.8102,312.6697,43.2691,32.3169
325.6191,312.9191,43.4680,32.4072
324.8387,312.8719,43.0784,32.1525
325.5165,313.0917,42.6804,32.0782
326.7724,312.8806,42.1056,31.8767
328.3060,313.0159,41.4601,31.8662
329.1064,311.6512,40.7566,31.9664
330.5127,311.0367,40.4999,31.8483
330.5922,310.9507,40.3838,31.6119
331.1453,311.2553,40.2264,31.4298
330.3127,310.8904,40.3207,31.1305
329.3014,308.4890,40.3723,30.7790
328.7440,305.7526,40.1267,30.3259
329.1719,303.8333,39.9251,29.8217
328.7490,301.5834,39.7227,29.9666
329.1023,300.6498,39.8082,30.2669
327.0995,298.1119,40.1152,30.2524
325.4204,294.3366,39.8821,30.1382
323.0380,288.7083,38.5568,30.8216
320.1318,285.3369,39.0661,30.3296
315.1769,282.6751,38.7825,29.8067
314.0049,279.5209,38.7095,30.1074
311.2048,275.9240,39.0004,29.8388
307.2683,271.3495,37.3815,31.2919
304.7840,266.2560,36.0673,32.3833
300.7082,261.9898,35.4905,33.0095
297.6827,257.5410,34.6441,33.4559
296.5881,253.8216,34.2326,34.1152
293.4401,250.2929,33.9054,35.1910
290.2535,247.3839,34.1363,35.4448
285.9312,244.2632,33.8908,35.6433
282.5774,240.8863,33.6418,35.9643
277.4874,239.7082,33.8703,36.1674
276.9738,238.4417,33.8679,35.9912
272.7778,237.2102,33.6621,35.9066
267.6672,234.7363,33.7628,36.5226
261.2603,233.5370,34.2783,36.4585
256.0249,231.8128,33.9957,36.6176
249.8704,229.6274,34.2697,36.9066
248.6170,229.4340,34.3771,36.6244
243.8391,228.0988,34.5898,36.5411
242.3182,229.8412,33.4322,36.8823
239.2220,231.5262,32.1087,36.9266
234.3656,233.4716,32.5873,36.4121
231.7658,235.6455,32.2247,36.3878
231.2855,237.2202,32.1457,35.7311
228.8679,239.2375,33.0101,35.3596
229.6349,242.2352,32.9916,35.4960
228.8710,246.4571,33.3604,35.7031
229.4913,250.9659,33.1789,36.1400
231.1603,255.8206,34.2589,35.9566
230.9737,258.5351,34.3748,35.5588
233.2892,262.9025,34.9363,35.4248
234.6720,268.5548,36.0384,35.5599
239.2093,276.6216,37.1159,35.8188
245.9806,281.8532,37.6184,35.5856
248.9424,290.7211,38.4274,35.1692
248.6722,293.5708,38.5026,34.8624
255.8442,298.9416,38.7734,34.8364
258.4235,304.6249,39.3128,34.3245
260.8627,310.2558,39.4726,33.8645
262.6198,314.2254,39.9734,33.0965
263.6000,317.7812,40.4069,32.2739
264.3158,319.8639,40.4910,31.4904
264.8770,321.0910,40.7359,30.9197
262.6457,321.5890,41.2294,30.4723
258.5122,321.3778,42.0657,30.3811
252.4131,319.9284,41.9797,30.6321
246.7204,318.2799,41.7874,31.0463
245.0029,317.5427,41.7631,30.5236
239.5432,315.9681,42.1683,30.7063
233.8280,314.0296,42.3562,30.5322
228.1000,312.7318,42.6993,30.3446
222.0125,311.5205,43.0665,29.9103
214.1492,307.8242,42.7312,29.4378
212.7207,306.8372,43.0842,28.7371
207.8230,305.2691,43.7537,28.7813
201.3793,304.4633,44.5215,29.2035
195.4623,303.4527,45.0700,30.1038
186.0142,301.2548,45.0449,29.8300
177.8582,300.6542,46.0261,28.0135
176.6721,298.9702,45.0611,27.6758
171.2615,298.7838,45.1801,28.1868
164.6476,297.3472,45.5386,28.6493
155.2165,296.1031,45.3829,28.5097
149.5160,295.1931,44.8109,28.7494
144.0314,293.7240,44.1343,28.9420
140.8705,292.7016,44.3350,28.3110
136.2384,292.6177,44.6356,28.2957
131.3436,292.8228,44.9226,28.0972
126.7101,293.0167,44.8137,28.5945
120.2546,292.7066,45.1312,29.0264
119.7509,293.9265,44.9785,28.5919
119.7439,294.8633,44.9973,28.1643
122.7141,298.0392,45.9969,26.9436
129.4821,304.8841,47.8906,25.8693
143.5792,311.4235,48.3700,25.2698
158.5577,321.1915,49.5664,24.5773
177.8624,331.4798,49.5515,23.9781
180.1652,332.0090,49.6583,24.1996
188.0956,337.9127,50.1159,24.6026
204.1751,343.5822,49.8366,24.7142
215.5431,349.4490,49.1268,23.7258
222.8062,354.4528,48.2810,23.2386
228.2042,356.5710,48.0368,23.4024
228.9286,358.2270,47.5892,23.3434
232.2874,360.1938,47.5737,23.2976
235.5253,362.2144,47.3309,23.3185
239.2172,364.3882,47.1825,23.3234
244.8036,366.5278,47.0634,23.4175
249.9613,368.6253,46.9836,23.2399
257.2607,370.1518,46.0333,24.0569
259.6939,372.2711,46.0172,23.8972
266.9006,376.6212,45.8013,23.8870
277.8024,377.8930,46.6950,24.3379
287.5808,380.0860,46.8144,25.3139
297.9195,382.5090,46.3076,26.3525
306.7779,387.6704,46.1025,26.1993
308.8996,387.9765,45.6812,26.3615
315.4632,389.6894,45.7831,26.5196
322.1432,391.3746,45.3330,27.1287
331.2363,393.9550,45.6072,27.7126
336.4768,395.6479,45.3287,27.8569
341.7206,397.6613,45.2215,27.5643
343.9818,399.5782,45.7014,27.5743
350.2324,401.0321,45.3052,27.9479
356.7030,402.3668,45.4789,27.7622
367.1974,404.2586,45.3794,28.2184
374.6683,406.2472,45.5298,28.6096
382.0690,408.4660,45.8150,28.9244
384.6629,410.0418,46.7695,29.7693
391.7710,412.1929,46.2367,29.3476
399.9962,413.9887,45.9262,28.8149
411.5814,415.8665,45.3179,28.8489
421.8079,418.1299,45.7179,28.8684
431.1617,419.8918,46.0840,28.4340
433.8556,421.4494,46.3564,29.1047
440.7958,422.8443,47.7517,28.3743
450.1716,423.9345,47.1760,28.3741
458.8803,425.3171,47.3993,28.6525
466.8060,426.7607,47.0534,28.3121
473.6135,428.1175,47.3722,27.9909
475.1981,427.4612,47.8952,28.3920
477.2878,428.2974,47.0145,28.2656
487.9230,429.4447,48.3544,28.0594
497.3246,429.7875,46.9132,27.5829
513.3397,428.8408,47.0838,27.6107
526.6852,428.3506,45.3332,27.4862
529.6735,427.8936,45.3320,27.8313
540.8762,427.4915,45.4096,27.8529
553.5446,427.2319,44.8688,27.0468
565.8106,426.8745,44.5352,26.6446
576.4629,425.7387,45.1917,26.3798
588.3326,425.5469,46.3168,26.1561
591.4957,423.7037,47.2094,27.0030
600.4528,423.1041,47.3578,26.6600
610.5057,422.8983,46.8271,26.5037
617.2972,420.6522,46.9336,25.8221
620.6838,416.1217,47.4749,26.7210
620.9525,414.1901,48.9739,27.2722
620.6317,414.5020,49.8348,27.5181
620.4703,412.2027,50.4314,27.8311
619.5953,411.0928,50.5230,27.7614
618.4680,409.8943,50.8353,27.6637
616.1081,408.3394,51.1328,27.5855
613.8572,407.1282,50.9601,27.4664
612.7933,407.5167,51.1331,27.4774
608.7832,406.5337,50.5636,27.1430
604.9943,405.1429,50.5817,26.9292
600.1252,404.0450,50.9681,26.7220
594.9901,402.6104,50.7291,26.7153
590.0820,400.4431,49.5158,27.9451
590.3584,400.7851,49.8535,27.8098
586.9161,400.4192,49.9494,27.1876
582.0931,397.8647,48.3389,27.9338
577.5606,395.9608,47.6263,28.4535
572.6529,394.3402,47.1311,28.6158
569.8207,393.1642,46.7191,28.9146
569.8129,392.9090,45.9321,29.0173
565.9382,392.6977,46.6322,29.0150
562.9420,391.9999,46.7368,29.4458
557.8914,391.9859,47.3709,29.1474
554.8865,390.8433,47.3470,29.1716
551.0449,390.8353,47.6927,29.1767
551.0584,390.5665,47.1749,29.3820
548.1040,389.9902,47.4678,29.5838
546.1427,388.9524,47.2686,29.8160
544.3821,388.2737,46.7725,29.8300
541.7967,387.8287,46.5569,29.6879
539.8101,387.3840,46.5241,29.7424
539.6749,386.6553,46.0025,29.9869
538.4742,386.7125,46.7131,29.8338
536.7328,385.7455,47.5432,30.7901
533.7065,384.9397,47.1198,30.8244
532.1531,383.7325,46.7828,31.6198
530.1418,383.1472,46.7042,32.4818
529.9460,383.2123,46.6966,33.0350
529.1772,383.9449,46.1884,33.0543
529.3215,384.5357,46.1135,33.1915
529.5617,384.2869,46.4517,33.6688
530.6113,384.2473,47.5656,33.7453
533.3597,384.8614,46.6023,33.9443
532.6075,384.8997,46.4513,33.9341
533.8849,384.9298,46.2658,33.8210
535.5280,384.7394,45.6404,34.5133
539.4151,384.6447,46.2949,34.3004
541.6450,384.9890,45.7973,33.8341
544.2322,384.9272,46.8079,33.7940
543.9060,385.6671,47.1104,33.4635
549.7295,385.0125,47.0261,33.5744
555.2267,384.5385,47.5236,33.4901
560.7148,384.9674,47.7137,33.6068
565.4858,385.0208,47.2514,33.3905
571.5547,384.0652,46.8746,33.3627
573.2195,384.9332,46.0978,32.6048
578.0061,383.6539,46.6085,32.5040
583.6006,382.7019,47.2953,32.5582
590.7597,381.7103,47.8879,32.7793
598.1819,380.5394,47.9639,33.4125
605.6210,379.2156,47.8680,33.8282
609.4878,378.8883,47.8730,33.0632
615.1740,377.8943,48.7947,32.9235
621.8367,377.3918,48.7813,33.0642
627.5736,376.5728,48.8068,33.1367
633.0951,374.0214,48.6963,32.9181
638.3338,372.1344,48.6351,32.7702
638.2021,372.2476,48.4840,31.9937
641.4415,370.4934,48.6126,31.4828
644.5358,367.7166,47.9150,31.3735
647.2168,366.4488,48.0341,31.1014
648.7854,365.4464,48.7134,30.9367
651.0807,363.3428,48.6321,31.0744
651.5907,363.5429,48.9759,31.1319
652.7034,360.0600,48.7621,30.9584
654.8745,358.3832,48.4056,30.9713
654.5945,358.1133,48.7306,30.8264
654.1210,355.6039,48.7497,30.7612
653.4305,354.3276,48.8855,30.5272
653.2164,353.7577,49.2747,30.8099
652.0936,351.3254,48.8309,30.5258
648.4036,350.4225,49.1530,30.5586
645.3277,348.0723,49.4173,30.3006
641.6622,346.7844,49.9412,30.1049
637.3499,344.5464,50.1534,30.6069
637.6076,344.0774,50.0650,30.7241
633.3054,343.4951,50.3153,31.1546
630.1987,342.5273,49.8206,30.3907
625.9694,340.4298,49.6973,30.3144
621.4073,338.4564,50.4513,30.0077
617.5126,336.9937,50.9921,29.8983
617.5978,336.7521,50.7167,29.4694
615.1462,335.5935,50.7529,29.3333
612.5569,334.8361,50.8956,29.0986
612.4745,333.3405,50.2623,29.0635
611.2964,333.0045,50.2195,28.9452
610.9633,332.1573,50.0383,28.6586
611.0123,332.6459,49.8292,28.6054
611.0665,331.9210,49.9297,28.4764
611.4517,330.9363,50.0806,28.7099
613.2660,331.2987,50.4477,28.9881
614.4576,331.5688,50.6646,28.9624
616.4325,330.8317,50.6932,29.1233
616.3484,331.6299,50.7662,29.1981
618.3486,331.5740,50.6471,29.1862
620.4426,331.3254,50.7590,29.2483
622.5015,330.5892,50.8533,29.2356
624.7241,330.5612,50.8561,29.2474
625.5939,330.8102,51.1900,29.1091
625.6630,330.9506,51.1868,29.0562
625.9053,329.6436,51.1407,29.0543
627.3099,328.9082,51.5745,29.0440
626.9908,326.7196,51.0427,28.9781
626.4152,325.8304,51.0735,28.8475
626.2535,323.9141,51.2471,28.5187
626.0899,323.9567,51.3742,28.5131
625.4807,322.1158,51.0645,28.4288
624.1907,319.7134,50.7932,28.5910
623.9048,317.3936,50.4666,28.6986
