1
428.1228,261.9723,20.9443,23.2813
426.8005,260.5794,22.1650,22.5173
419.0175,264.4500,22.1125,22.5183
412.5278,269.1755,21.2346,22.6123
401.0652,274.7070,20.2435,23.0324
398.2743,272.2091,19.4205,23.5191
397.3626,273.2804,19.1494,23.3523
396.2288,271.5726,18.3525,23.7346
395.8907,273.8556,18.2198,23.4327
390.8381,279.6849,18.1834,24.0209
387.1820,286.7843,18.1451,24.1355
385.5331,293.3219,18.4980,24.1972
391.1397,291.9314,18.0472,24.3593
392.6230,290.3739,18.0381,23.7597
396.2643,282.7984,18.2403,23.7697
397.6973,282.0237,18.6778,23.6758
398.7341,285.6719,19.0476,23.7110
393.7662,297.2262,19.7315,23.4067
390.1437,302.6889,20.0729,23.1686
386.9858,301.6982,21.4597,22.6030
383.5506,301.8995,21.2924,23.0029
384.1078,302.6508,20.9998,23.2046
385.4395,300.4844,23.0154,22.8022
387.8069,297.8057,24.3475,23.2635
394.9682,281.9641,24.8461,23.7050
403.8482,290.6396,25.1492,23.7798
414.4904,280.7312,24.6133,24.6952
2
0
0
0
0
1
314.0635,191.8997,36.7347,37.7801
313.7920,190.9686,34.6174,38.7014
316.7408,191.6371,33.3050,38.9809
318.5727,199.0802,32.2786,39.4436
318.0512,214.1049,30.9129,39.8344
316.9781,231.2132,30.5559,39.6925
318.0211,259.4359,30.3711,39.8583
320.9942,282.2511,30.0029,38.6757
324.0693,296.7885,29.3496,38.0739
324.4086,301.9868,29.0128,37.8613
325.2877,298.6461,28.4480,37.2949
325.2348,287.5880,28.2100,36.9265
325.1091,278.2487,28.1213,36.4027
322.1207,268.6142,27.7254,36.2650
314.8974,260.2690,29.5630,35.8568
305.2046,262.1945,30.2808,37.5297
303.0885,258.4029,30.4014,37.5345
300.8024,258.2412,31.1861,37.0622
321.2334,230.5011,31.9615,36.9246
2
0
0
0
0
1
446.5680,208.7672,32.1949,33.4483
2
0
0
0
0
1
393.2201,299.2526,18.3984,32.4642
405.4954,300.8403,20.0506,30.4851
422.4902,285.2121,23.5019,28.7396
428.5813,278.0451,24.5128,27.8406
439.6297,245.6629,24.9438,26.9969
431.7441,258.3293,25.5056,26.0009
419.4699,269.4256,24.4757,26.9770
399.6850,284.0685,24.0262,27.3988
395.3607,281.9022,22.4681,27.2312
402.5963,271.6419,21.4502,26.2634
408.1613,270.9215,20.7710,26.0232
422.6577,258.4327,20.7042,24.7345
2
0
0
0
0
1
413.3699,262.3005,17.2068,21.9730
418.3425,254.0297,17.3154,21.7636
426.9908,254.0831,17.0342,21.3878
426.2157,259.5188,17.5706,21.6694
428.7155,258.5732,17.6868,21.4029
435.7335,254.3077,17.7573,21.6760
438.6682,244.4751,17.2230,22.7349
2
0
0
0
0
1
434.3368,203.2556,21.2885,22.0189
434.9708,207.3267,21.9379,22.1733
431.4884,219.6880,22.2058,22.0722
434.1156,219.9293,22.2746,21.9834
2
0
0
0
0
1
432.0229,216.3130,35.6873,39.4079
2
0
0
0
0
1
406.4224,326.6365,40.4552,40.8429
2
0
0
0
0
1
320.4617,241.5630,35.6554,43.1884
320.3004,264.3655,32.5875,45.1359
320.5204,304.6329,30.5075,45.7291
320.3676,319.3967,28.9930,46.8522
321.0913,319.5652,27.7290,47.3455
314.4001,300.3618,27.0809,47.8269
311.4880,290.1539,26.3653,48.6823
298.9573,280.0251,26.4728,48.2108
289.9504,273.7055,25.9807,47.7395
293.7408,290.3565,28.4311,44.4960
2
0
0
0
0
1
457.5739,190.6251,36.5143,37.0454
462.0286,193.2281,36.5550,37.5408
464.3931,188.5183,36.2765,37.2184
465.1705,182.9630,37.1473,37.0670
470.0780,182.3691,37.4865,36.2332
471.8662,186.8974,37.1775,35.7776
473.1456,190.9583,37.9664,35.0626
467.8125,191.8209,37.1136,34.7242
