1
665.9423,685.1928,39.8494,25.5601
667.4739,682.9117,38.9768,26.5951
670.6046,679.7954,37.3598,27.4466
673.2137,675.8972,35.6642,28.6104
676.4899,670.3105,34.2958,29.5108
679.8672,666.1568,33.4711,29.7457
2
0
0
0
0
1
693.9291,583.3074,37.7838,17.7341
694.8398,577.0919,36.7671,18.0081
695.6642,571.2664,36.0009,19.0862
695.0160,568.4548,36.1116,19.6879
695.4492,567.2360,37.2958,19.6472
696.9996,566.4019,39.1228,19.7315
2
0
0
0
0
1
736.1086,506.1462,20.5882,21.4403
740.4941,503.0038,21.2786,21.3131
744.6527,500.2629,21.7033,20.9080
749.1342,497.7961,21.7790,20.4566
754.2435,493.7089,22.4571,19.7230
758.3506,490.2747,23.8353,18.5686
761.0417,486.3918,24.8772,18.2094
766.9617,483.5635,25.0296,17.8282
773.1861,480.2831,22.6238,19.6817
782.1756,475.6498,20.6849,21.2023
791.4124,470.9159,19.1930,21.8731
798.8627,464.4801,16.7150,23.7066
808.5273,456.7716,15.1530,24.4081
814.5471,448.0681,14.3121,24.4281
818.8475,440.8389,14.3448,24.3010
824.1028,435.7385,15.5395,22.9517
827.3232,431.3634,15.7859,22.5562
830.6475,427.2333,17.2683,21.0974
833.8282,421.6951,19.4322,19.6547
834.9763,419.2913,22.7154,16.9224
837.9561,415.4689,23.6513,16.5045
839.9329,413.4592,23.6665,16.6272
842.6097,411.1405,23.1778,17.1324
845.4553,410.7842,23.6275,16.6647
849.5511,410.9179,23.9145,16.1331
853.2245,411.1378,24.3058,15.5000
857.2113,410.0332,24.8006,14.8314
860.3329,410.2171,25.4637,14.3958
864.4027,409.4190,22.1588,17.4899
867.7219,408.5204,19.8948,19.8951
870.5475,408.0390,18.2158,21.4900
872.0005,408.9228,17.2221,22.5122
872.1686,411.0164,17.1321,22.3345
871.0421,413.3795,16.9549,22.9070
870.1129,417.1884,16.6425,22.8238
868.0067,421.5055,17.1631,22.8591
866.4666,425.3854,16.9203,23.3260
861.8668,434.9612,16.9543,22.4631
857.7488,437.1576,17.7787,22.8324
856.7752,438.1996,17.9640,22.8745
863.5195,437.6999,18.0850,23.2409
2
0
0
0
0
1
804.0737,479.3159,21.6205,18.3379
798.6265,479.4477,20.7523,18.4283
792.7056,479.0962,20.4607,18.4899
787.1872,478.3688,19.8966,18.7560
781.3072,478.4519,20.0542,18.4080
774.4595,477.3887,19.9692,18.7755
769.3813,477.0403,20.1408,18.9113
762.7169,475.4500,19.9885,19.1625
758.4566,474.6223,19.7205,19.3718
2
0
0
0
0
1
699.7589,458.0936,20.4148,13.1740
695.9031,454.3683,19.1981,14.3578
693.0563,452.7417,18.2630,14.6292
695.1384,451.2917,17.6302,15.3392
2
0
0
0
0
1
653.9853,424.4434,19.6438,17.7484
651.2228,422.6813,19.7594,17.6970
648.7714,419.9884,19.8999,18.2017
646.7296,417.6214,19.8906,18.2160
644.8168,414.8158,19.8236,18.2459
641.3760,411.8512,19.6879,18.2417
639.5798,409.3580,19.4417,18.4159
637.1818,405.5536,19.5185,18.2881
636.0386,402.9328,19.3516,18.2613
635.2095,400.4345,19.3140,18.1679
634.7833,397.6632,19.5236,18.3013
634.2765,395.2191,19.7742,18.4775
633.8753,392.1506,19.9381,18.0676
633.8582,388.9019,19.8049,18.2696
633.7635,386.2252,19.4319,18.6174
634.0607,384.2025,19.3764,18.3086
