1
782.5499,287.6355,90.2139,134.6942
785.9908,284.8680,91.8204,129.9584
784.2271,286.1488,97.6184,126.8247
781.3405,282.1613,101.2757,123.0804
780.9068,277.4474,106.1236,119.5522
779.7096,268.3196,114.3147,116.2448
786.8105,263.2008,119.3184,114.9359
789.9365,254.2941,126.0669,113.7233
787.7515,249.9635,129.5497,111.6288
793.7298,246.2860,132.7424,111.2732
797.2670,242.5697,134.1304,111.2879
809.8479,249.8103,134.2453,111.4778
810.8954,237.4999,135.0864,111.9766
815.1556,243.0684,134.1619,111.6388
728.9565,303.6679,118.1878,131.8050
726.2920,286.3453,115.5424,137.8930
721.1520,269.0846,115.5431,137.9069
708.4495,266.8679,117.7048,141.4076
684.4037,209.5090,118.6800,140.1718
677.1566,206.7073,119.9202,135.3103
667.1815,199.9968,112.8332,132.4164
671.2741,180.6585,123.2521,127.1483
669.1563,167.3763,124.8644,129.4839
669.2842,154.8952,128.5162,129.0919
2
0
0
0
0
1
630.9186,108.4707,341.1250,264.2496
634.0901,109.4948,339.4694,258.9861
632.4720,95.2560,334.6483,265.6918
614.4274,99.8758,342.5136,258.7291
580.8594,115.3756,332.9109,264.4801
616.2778,125.2427,318.8070,257.1045
632.8979,145.6594,308.9042,253.6507
643.5533,136.5448,297.5378,259.0665
633.1915,145.0650,288.4930,265.5445
623.2240,138.9845,292.4128,257.7563
611.9833,128.1471,304.9354,247.8665
615.5142,118.2770,314.3978,255.1410
596.7053,125.1085,325.3820,259.6432
463.9596,124.0162,352.6971,262.2974
395.3448,128.3184,359.7978,277.6354
496.9352,131.1763,360.5064,265.6953
519.4943,155.2372,348.7895,261.5231
504.1335,155.7150,349.6638,262.6649
488.1596,150.8193,341.3870,255.7306
525.5077,155.8459,327.7362,251.7969
525.2667,163.2548,315.1084,244.5743
513.0321,180.4355,314.3517,247.7958
493.6648,184.8025,318.1527,250.7324
458.6243,193.0821,317.4560,254.1598
496.3865,199.9140,317.4560,254.1598
401.1896,227.0507,317.4560,254.1598
420.5598,229.4648,317.4560,254.1598
382.8334,229.9662,317.4560,254.1598
316.2280,243.4074,317.4560,254.1598
2
0
0
0
0
1
570.3588,336.8273,153.7943,169.7574
569.7823,334.8912,146.8158,175.1925
561.8585,335.5886,140.9526,177.9537
555.8785,336.2412,137.6321,175.0086
553.1054,345.2504,138.3944,171.3456
551.3878,354.0715,144.1607,166.0418
554.1541,361.8390,148.1861,160.2135
551.4008,367.0708,152.3314,155.8172
538.4470,374.7718,161.4137,149.5024
537.1344,381.9417,165.6605,143.8639
