1
168.2421,64.9219,91.3831,65.1494
136.6812,89.6945,89.5337,67.8726
107.9226,100.5180,88.5556,70.9056
83.3649,99.8559,86.1418,74.7197
66.5592,105.2122,81.1292,77.7734
63.2059,115.1023,77.8726,82.2797
66.2138,126.6425,76.5418,84.3778
72.5970,132.4168,81.6171,85.8025
95.6121,135.3093,86.2402,84.9217
117.1977,121.4220,88.6084,86.8640
148.4731,105.1402,84.6384,91.3954
177.5699,101.4804,83.2354,95.7587
201.3095,104.6519,80.4152,96.9523
217.4754,108.7504,80.8642,96.7391
228.5217,110.9052,83.3468,95.4573
219.4292,115.2498,86.5803,93.3258
2
0
0
0
0
1
387.1045,183.6694,70.2687,61.9673
388.5958,174.5045,69.6137,67.9236
381.8821,164.6877,68.9617,71.6990
359.6567,145.3925,66.3983,76.8741
339.6327,130.6683,67.5347,78.6930
310.8773,127.2712,71.3896,78.6846
300.5154,131.6829,70.9968,78.9543
300.2292,134.3267,69.5614,79.8665
299.2754,134.8950,69.3362,81.5765
286.7917,124.9174,67.4646,84.5754
274.4875,120.6114,66.4098,86.5112
263.5158,112.3756,67.7354,89.8024
245.3009,104.5236,69.1396,90.6931
231.4893,103.6611,71.4599,88.5515
222.7290,103.4277,73.7591,89.6435
222.2301,101.8105,75.6323,88.0689
221.3326,97.0243,76.9283,85.0228
220.4186,91.1267,77.0651,84.2885
214.3465,92.0192,76.6392,83.9868
210.8635,100.6145,75.1112,83.1911
214.1756,109.1442,75.7624,82.0742
227.2717,108.8208,76.7929,82.2774
244.3442,111.7361,74.9841,84.4458
255.8803,114.0988,75.5143,86.8725
275.1479,117.7454,75.0837,88.5921
292.0289,118.9280,72.7320,90.4315
300.8302,118.8104,71.3965,91.9370
303.4817,116.0686,69.9170,94.5625
300.7024,116.9631,68.8809,96.4545
303.9380,114.3763,69.5946,97.0460
304.3734,115.2786,68.5002,99.2444
295.1569,123.1688,67.7988,97.5659
292.0969,128.4921,68.9960,99.6343
296.6769,129.1663,70.2878,99.7198
299.6179,131.7423,70.9084,100.0808
299.0170,131.4507,70.4668,101.5482
297.1764,128.7593,70.9369,102.8858
301.2491,126.5196,71.9393,102.3110
304.1252,126.4254,70.9636,103.3143
303.4310,126.9679,69.1593,106.5907
301.7644,128.4890,69.3583,109.0092
299.0370,129.6799,71.6663,113.2875
300.3417,131.6634,72.2792,118.1236
299.6670,134.8646,73.6792,118.6521
299.7970,135.3887,74.5781,119.1836
301.1188,135.8371,75.2784,119.4148
298.8648,133.6469,75.1910,121.1681
296.7644,134.4739,74.1033,122.9887
293.7411,135.6049,73.8760,123.5063
295.1734,131.9642,71.7896,130.0378
296.5196,126.8395,69.1415,137.7642
295.2814,129.4731,66.8575,143.5500
298.8608,130.1708,62.3083,149.0747
303.1147,129.1247,58.6424,155.7829
306.5075,127.7594,57.5981,158.5606
304.3331,131.9824,57.6999,160.2319
305.2269,134.5383,56.8623,161.8495
299.0381,130.9529,57.9945,164.4887
289.0918,128.3571,61.6172,165.9273
277.5154,131.1106,63.6731,162.3038
267.5800,130.2199,63.0617,164.3880
259.0478,128.0648,62.9873,165.0032
256.0746,126.8034,63.5490,165.6620
260.4326,124.3800,63.1843,166.7692
261.3048,123.0348,63.2892,168.4833
268.1259,124.8758,64.3426,171.2910
277.8704,127.6781,65.1793,175.1135
288.7990,126.2542,65.7790,180.1113
297.2684,125.2723,64.8325,183.6773
305.6024,123.9922,65.1233,190.2137
314.5970,119.3060,64.9398,196.1876
326.2597,122.9822,64.0537,197.5503
335.5269,127.5968,64.1333,204.5022
344.9613,126.3109,64.0840,209.2658
351.8021,128.9599,65.9207,213.4537
360.2372,132.6977,66.8794,213.8424
367.5072,133.2702,67.5430,219.4203
372.6211,136.2512,68.8041,226.5904
377.0286,136.5082,69.7882,233.8832
382.8759,143.9673,70.5207,240.5390
382.2400,149.8926,72.3249,245.7263
2
0
0
0
0
1
166.4623,198.3148,41.5305,63.4348
166.7460,201.0998,42.8122,66.0551
173.0069,202.8637,43.1494,68.6151
191.3304,205.9753,43.5272,71.2667
216.6633,209.7781,43.4747,72.3479
240.8450,214.3635,45.0613,71.4268
267.5576,212.7699,44.2853,72.8108
287.5244,212.2463,46.0765,72.2211
300.1566,208.3502,49.0723,67.9982
301.4476,206.3751,47.3317,70.4923
304.3601,206.3637,50.4305,69.1525
305.7567,207.6934,52.8188,67.4802
317.2233,209.2920,53.2360,68.4243
332.8770,195.8365,52.9527,68.2179
339.1535,188.8817,53.3199,67.7176
339.9575,191.4570,52.8346,68.4954
335.1287,188.4402,50.8160,72.0059
332.4823,192.9536,51.5733,71.7159
329.8297,195.7629,52.0093,71.4959
319.8725,196.5864,52.3761,71.3136
318.5660,198.8271,51.9595,72.0987
313.5783,196.7184,45.3935,82.5051
308.7367,194.8427,41.6706,88.0330
310.0358,192.3149,41.5413,89.0148
310.1108,185.1667,41.5483,89.0172
302.7782,176.4436,42.0689,88.5968
311.4306,180.6907,42.8214,87.9134
337.2548,180.6649,42.2131,89.0358
336.6972,181.2449,41.8718,89.7734
313.6319,244.3123,45.9928,84.7854
311.9286,243.3998,45.5092,84.9004
282.0640,235.9776,42.2140,89.6110
291.7350,215.3494,45.8534,85.0845
316.5387,184.3355,43.4539,90.4976
316.3596,172.3971,41.9131,95.8303
288.8109,139.2413,41.8522,95.4889
296.3511,142.2789,45.7997,89.1847
286.5768,144.5735,49.1474,83.4541
284.9228,139.0534,51.2151,80.2786
284.2290,140.6949,48.6584,84.8240
283.3884,143.2317,51.8210,81.2276
275.4599,144.9052,54.4712,77.7837
268.5108,146.0515,56.4477,74.5851
268.5927,145.9380,57.2571,72.4599
271.8742,155.5305,55.1108,75.4459
279.1288,165.1271,54.2962,76.7234
318.8509,124.6628,57.4172,71.4135
330.3510,128.8975,59.3201,68.8887
373.3796,146.7421,59.4722,66.1530
372.1421,137.1443,60.1698,65.3933
373.4080,131.2498,60.9352,65.2517
379.8845,141.1167,61.1379,64.1506
383.8871,158.4991,61.8895,62.5164
388.4804,175.7483,62.3954,61.9329
377.3466,171.8664,63.2729,60.8289
373.5180,170.7400,63.0410,59.5648
351.9169,162.1397,61.3173,60.4573
363.6328,169.6105,61.4587,60.5125
348.5897,160.1420,61.1845,60.8585
349.8399,148.7834,58.7521,63.5912
364.2634,143.9744,58.8812,62.8965
354.4730,143.8099,59.5377,62.7156
361.1861,149.1796,59.9326,63.5510
362.0581,149.0088,59.9299,63.5524
361.8766,150.9982,59.9234,63.5490
