1
282.9021,131.4786,86.1778,63.7014
280.4486,133.3241,88.6189,62.5507
279.5523,135.6799,92.0627,62.1112
279.5523,137.5415,94.6743,61.9591
279.3680,139.3053,97.0072,61.5293
281.1227,139.6952,98.3481,62.2435
282.7875,142.1003,99.0618,62.5252
285.7200,143.3106,98.1642,62.5952
289.5905,145.2285,97.1491,62.1301
292.4902,144.5837,96.4223,62.7011
295.3383,145.9300,96.2381,62.7264
297.6289,144.4131,95.9560,63.5823
300.4054,144.9519,96.4725,63.1001
301.6704,143.7147,97.9137,63.0659
302.2043,144.1583,99.7266,63.3014
306.0359,145.5280,101.7750,63.4119
312.1990,147.7588,103.3768,63.1974
319.9701,150.6241,101.5041,62.2333
324.2847,153.1588,99.6940,61.3492
328.6653,154.4867,99.3017,60.8163
330.9527,155.5936,99.4432,60.5560
331.5138,154.6927,101.1294,60.5042
332.2167,159.9844,103.2896,61.5562
336.1414,156.7191,102.6290,62.5514
333.7936,155.6272,103.2629,62.8166
332.7470,154.4120,103.5834,63.0520
343.4573,145.3154,105.0235,63.1827
343.0666,143.9874,107.8043,63.4041
343.6216,140.9766,110.3314,62.7809
342.4514,141.1871,113.3973,61.5954
342.2955,141.9719,115.8097,61.7909
343.1689,144.9525,116.4556,61.6548
344.4729,146.9005,114.4497,62.5152
343.6977,149.1430,111.9386,63.0883
345.6493,149.7985,108.9243,63.1198
348.8549,150.5560,106.3101,62.9329
352.7086,149.1476,103.3991,63.0886
354.9966,148.5241,101.7285,64.0650
357.6509,149.1402,101.1532,64.6302
358.1236,150.2936,100.3321,65.0877
358.6389,151.7855,99.6662,65.0980
359.7934,151.7700,99.4063,65.1296
361.7149,155.1317,98.6436,64.6485
362.9731,156.6907,97.3922,64.3814
365.5882,158.7690,95.8322,63.6103
368.4310,160.3713,93.8411,63.1679
371.5690,163.3998,91.0937,62.8710
376.2384,164.6860,88.1587,62.7762
378.3119,167.0069,85.8834,62.6737
382.7023,167.5849,82.4534,64.5998
384.6326,167.5394,80.6017,65.8793
386.4090,168.8457,78.9497,66.6343
386.4551,170.6238,78.9838,66.3229
388.1328,170.5463,78.5505,66.3660
387.5616,171.2801,78.2719,66.1178
388.0616,171.1736,78.0127,65.2316
388.5153,169.9605,76.8557,64.3832
385.9778,167.7359,76.7366,63.1057
384.9738,168.1542,76.7000,61.1354
382.6864,165.9309,76.4784,59.6145
382.6905,165.7982,75.5294,57.9182
378.8791,163.9451,75.2549,55.8742
375.8735,162.3136,74.9353,54.5278
374.0151,161.6116,73.9472,53.4037
369.0727,160.1586,73.4666,52.5627
366.4156,156.2718,72.3034,52.4549
362.6468,153.1349,71.6191,52.9080
357.5121,151.0623,71.4231,53.0272
354.9659,149.4577,71.1695,52.5300
355.1721,148.9520,68.8888,52.3970
357.7813,151.0220,66.8527,51.5562
358.5507,152.5173,64.0589,51.5209
358.2738,151.0224,61.3536,51.6779
354.4165,151.3430,59.2278,51.8300
351.7928,150.5135,57.2405,52.0798
351.1519,147.4841,54.4662,52.5819
346.6026,145.8922,53.2465,53.1843
341.7117,145.3568,52.5821,54.2640
345.1608,143.5379,50.5776,56.3912
349.8642,140.7293,47.1714,59.5688
348.1659,138.3845,45.3430,61.7188
347.0923,134.6067,43.4637,63.7775
340.7365,131.6131,41.5180,65.0014
339.2285,127.6775,40.2797,65.7886
338.0013,125.7156,39.1992,66.1657
336.9789,125.6098,38.6606,66.0007
335.3765,125.0685,38.1167,65.8509
334.0137,122.9370,37.2758,64.4777
333.4197,121.6003,36.6228,62.6874
333.0603,119.4323,36.2265,60.4326
333.4898,119.0585,35.5692,58.4118
332.6841,119.0659,35.0940,56.6366
332.4360,118.5857,34.6795,55.0696
332.6410,117.5729,33.7834,54.6022
332.6030,118.2514,32.8546,54.1547
333.5767,120.0507,32.3720,53.9542
332.7543,120.2723,31.9629,52.7139
332.0828,120.5580,31.7263,51.6320
331.2376,120.4108,31.3017,50.8097
330.2843,121.0988,31.3726,49.8267
330.2395,122.4609,31.1840,49.1703
329.4403,123.5478,31.1572,48.7159
328.9399,125.5362,31.3776,48.2768
329.2133,125.4296,31.1023,48.1208
327.5483,125.5274,30.6257,48.0718
327.3826,126.8191,30.4140,47.4824
326.6569,126.6558,29.7127,47.0110
327.3322,127.9951,29.5795,46.3336
327.0927,129.6144,30.2721,45.3827
327.8388,130.8633,30.8747,44.6462
328.0180,132.2524,32.1651,43.4107
326.7679,131.7085,31.5103,44.6025
325.6499,129.7853,29.9770,45.8480
326.1938,129.9328,28.4336,47.5269
325.6258,128.9250,28.1514,47.6927
325.6850,127.8824,28.0479,47.8086
325.9182,127.6372,27.9652,47.6747
325.4627,127.7960,28.2678,47.3638
325.5048,127.2946,28.6817,47.1725
325.8093,128.9214,28.7531,47.0192
326.2250,129.6730,29.0854,46.5098
326.1810,131.4057,29.1051,46.8572
326.3831,132.2843,29.1633,46.9097
326.3210,131.6868,29.4531,47.1034
326.7673,132.9887,30.1292,47.9166
327.8492,132.9763,30.7068,49.2204
327.9987,132.4996,32.6914,49.5174
327.2582,131.9351,35.7295,48.8386
325.6901,132.0612,38.9764,47.4335
323.7323,133.2894,41.9297,46.3965
321.6915,134.3560,44.9160,44.9843
321.2715,134.4150,47.2185,44.1430
319.5516,134.1555,49.3473,43.6583
319.5370,135.2103,51.5620,42.8379
318.4358,136.0434,53.5297,42.0591
318.4513,136.3827,55.5038,41.1093
321.0896,135.4321,56.0549,40.7989
320.1922,135.6028,57.5922,40.0025
318.3774,135.3826,59.1643,39.7184
317.0909,135.4775,60.2715,39.7159
315.5783,134.6968,61.0194,39.8596
312.3141,133.9579,61.8163,40.2083
310.5851,134.2957,62.4582,40.3443
309.8313,132.9545,62.8778,41.1291
308.2258,132.6190,62.5958,41.1063
307.8522,132.2987,62.2904,41.1325
305.7109,131.1394,64.0465,39.5582
303.9226,132.3673,64.8847,38.0811
303.7896,133.2413,65.5371,37.0029
302.8429,132.7297,66.3677,36.6948
303.2233,133.0365,66.6950,36.3367
302.9926,132.9870,66.6102,36.1050
305.8197,133.1880,66.0663,36.7341
308.8474,133.9488,65.1465,36.9413
308.7101,135.6577,65.0836,37.0073
307.9271,136.9852,65.2167,37.2456
307.6067,137.5401,65.6456,37.2758
307.0243,138.1049,65.8739,37.6733
304.6532,137.9605,66.3901,37.8590
302.8603,138.1097,66.4639,38.2560
301.9964,137.4533,66.9740,38.8281
299.4096,138.9646,67.8651,39.0124
300.9883,138.2959,68.2070,39.8785
305.4215,139.1080,66.8800,40.4454
307.4498,139.0466,66.1690,40.4062
306.3368,138.0293,69.4158,39.5852
304.5444,136.5600,73.2995,38.8246
299.0574,136.7417,76.2242,39.1426
254.8021,136.5618,74.9648,39.0118
251.6230,136.5673,75.0806,39.2992
249.9493,135.4836,73.5644,39.6287
2
0
0
0
0
1
345.6885,121.1045,69.5947,28.7600
345.1082,120.7759,69.2589,29.7080
343.5150,120.7186,69.4518,30.5908
345.6969,119.6695,71.2063,30.7219
355.4996,115.2633,72.5030,30.2661
358.9155,115.5324,73.4211,29.3290
363.6250,115.7012,73.8269,27.6178
364.8347,114.5597,75.5860,26.4773
367.6177,113.9557,75.9169,25.9759
370.8472,112.0917,76.6168,25.6872
373.6180,110.5521,77.3535,25.6996
375.4556,109.6497,78.1969,25.6809
377.1573,107.8439,78.8730,26.1292
377.7986,106.5250,79.3573,26.1580
379.8760,105.5002,79.9955,25.8542
382.8919,104.1182,79.5847,25.9417
383.0397,103.3251,81.7572,25.8194
383.3287,102.4581,83.7122,26.0897
386.0168,102.3554,84.9184,25.2310
389.0969,100.4414,85.2350,25.8666
393.5852,98.1152,84.5870,27.2533
397.1016,96.0146,83.2382,28.2118
396.8521,96.5330,83.9467,28.1423
396.1731,98.1367,83.9045,28.7216
394.9085,99.8111,85.0318,28.9230
390.8376,100.4875,86.3685,29.2236
387.2758,103.3413,87.2526,29.6619
384.3658,105.7905,88.0381,29.2964
388.1109,106.4088,86.6012,29.7768
389.5932,106.0368,86.0643,30.6531
388.9692,105.0005,86.2268,31.5570
386.0142,104.6069,86.9104,32.2583
383.1039,105.7466,88.8392,33.1847
381.0977,105.3453,90.4559,34.0123
386.6526,107.7431,90.2052,33.7598
383.9861,108.6709,91.4644,34.0028
383.5628,110.4718,93.0470,33.8833
394.2435,111.3500,89.4980,34.4426
397.1933,111.1483,86.6055,36.1045
398.5210,111.7909,84.3122,37.9307
401.3210,114.2826,83.1385,37.8230
402.0610,115.0907,83.0060,37.9432
404.4199,117.0515,82.2901,37.8994
406.0662,117.6608,80.7397,37.5698
407.6244,117.9704,79.7548,37.6825
409.8690,119.8668,79.0744,37.1956
410.9223,120.5023,78.6275,37.1338
412.2095,121.1254,78.3948,37.0749
413.3532,120.7337,78.6443,37.0556
417.3932,121.9743,78.4588,36.6922
418.9516,122.1243,78.3184,36.4236
420.2314,122.8556,77.7192,36.0635
423.0222,122.7605,77.0055,35.8844
424.3535,122.0503,76.7974,35.7636
422.4326,120.7968,77.1426,35.7267
422.0535,120.3818,77.3917,35.6366
423.2647,119.4926,77.0219,35.6043
423.3036,119.4164,76.5434,35.5289
423.5840,118.7741,76.0275,35.4926
423.9400,120.5780,75.1865,35.2501
426.7659,124.4336,73.5543,34.5749
427.4588,128.2406,71.5834,34.0251
426.8600,129.0990,68.4793,35.2713
423.3734,130.0527,67.2933,36.4735
422.0846,131.8441,66.2708,36.6946
423.6990,133.4210,64.9578,37.0209
424.7298,134.8848,63.5953,37.6900
430.7583,134.6207,58.9659,42.0606
429.3911,136.3688,55.7963,45.3074
434.6209,134.9709,51.6238,49.0538
434.3357,133.9589,48.3809,51.8103
433.7656,141.5739,47.2610,50.4844
432.5264,144.9795,46.1574,50.2438
432.6444,146.3784,44.9101,50.9170
439.3974,145.9693,41.6725,54.0053
437.0650,144.1396,39.5387,56.1158
435.4887,146.0353,37.8770,57.1318
435.4495,145.8943,36.5740,57.8593
434.2178,147.0036,35.8321,57.0868
432.4856,146.5762,35.5506,56.2710
429.4636,149.5065,37.5907,52.9400
422.3187,178.7781,41.2296,46.8200
416.8606,181.9247,44.9683,42.0074
412.8669,180.7934,48.1448,38.7919
409.0272,180.9102,50.9341,36.6886
406.7079,180.0390,53.3988,35.7800
404.9851,178.9061,58.2122,33.6517
401.0283,177.5171,62.1479,32.1628
397.8658,176.5404,65.9352,31.5835
394.9763,175.1920,69.0260,31.3899
392.2807,174.3878,71.8370,30.9676
389.5947,172.6236,73.9025,30.8173
385.7617,171.6634,75.6831,30.5484
381.2176,169.3936,76.8053,30.6788
378.6859,168.3290,76.0537,30.2841
376.1543,167.0257,74.1766,30.1679
371.9704,165.3383,70.8923,30.3561
369.5146,165.4404,69.0519,29.9293
369.2490,164.5723,68.1691,29.5051
367.6226,163.2813,67.9058,29.5809
366.0295,163.2188,69.1416,29.5587
362.5166,163.3372,70.8327,29.5124
359.6617,162.5406,72.0247,29.6830
357.1319,162.7895,72.9532,30.0559
354.0871,162.0545,73.8650,30.7842
350.0704,161.6519,74.0951,30.7915
349.1167,160.8618,74.2280,30.9552
346.1516,160.6737,74.4458,31.4955
344.2023,158.8593,73.9781,32.1276
2
0
0
0
0
1
394.7581,187.0506,46.0798,61.7721
394.1167,187.2243,45.4831,66.2800
391.7693,186.5888,44.7269,68.9648
392.5476,187.6907,45.4716,69.6724
391.4267,189.8071,46.8776,70.1869
390.1778,192.2995,48.0225,70.1430
388.7640,196.5737,49.3395,69.6176
387.3219,196.5958,50.1611,69.4869
386.1532,197.5584,51.6033,69.6757
383.6896,198.4879,53.5166,69.7791
382.0426,193.8770,55.9690,70.2140
366.9523,194.1886,58.7821,71.5667
365.9512,193.4781,60.2009,72.4734
358.7811,188.4921,60.4406,72.9157
360.8151,197.0208,61.9959,72.1983
368.5355,211.5975,62.4276,70.5432
367.4900,214.9099,63.1106,70.7582
