1
34.7979,57.8592,68.8290,85.8528
39.6620,63.1894,67.8286,84.9989
44.4892,69.7599,67.9445,83.0394
51.5250,74.8005,69.0074,81.3217
59.6666,78.0689,70.6335,80.6177
70.1419,79.6424,70.4897,80.6145
78.6162,81.9041,70.4156,80.3840
86.9634,85.8164,70.0839,81.1330
96.9062,89.2673,70.5506,81.4192
107.5312,91.2604,72.1066,81.4752
117.2133,92.3066,71.6358,83.2962
125.6272,92.1800,70.7137,85.5454
131.8975,90.4951,69.9105,87.8732
137.3007,88.6140,69.1494,91.0032
140.9336,86.9068,68.5867,94.4594
145.4330,84.5948,69.5909,96.0988
149.7704,82.8244,70.4562,98.0679
157.7734,79.5120,71.1145,99.3369
168.9003,77.6934,71.5714,100.4272
184.1077,77.0520,75.1928,99.9044
197.1780,75.9134,75.6154,101.8278
210.7913,75.8319,76.1195,102.1160
224.6693,75.0473,77.1398,103.2680
237.2709,72.8101,77.9088,106.5990
249.5305,74.0071,79.1316,107.7914
261.5660,74.4010,80.1453,108.3305
272.6864,73.4511,79.4745,112.1885
280.2896,72.5053,77.5935,115.3075
281.3434,72.2728,76.1799,117.4626
278.0487,75.5319,74.2168,118.7418
272.6615,76.1053,71.1698,120.2093
260.7834,75.6971,68.9150,122.6406
248.1549,74.3984,68.3790,122.7104
237.4101,74.3286,68.4444,122.4897
226.8646,73.8031,68.2976,122.9147
214.1535,73.7499,68.5955,122.1068
201.1325,74.6363,72.0523,120.3441
189.7845,75.8897,75.7871,118.3716
179.4037,78.7884,78.7988,115.8412
169.3652,79.4271,79.4704,116.3641
158.6419,78.1092,77.2706,117.2263
146.5254,78.4927,75.0187,117.3255
134.6842,77.4198,74.0498,116.9449
127.3927,76.9484,73.5062,117.3127
121.4536,79.7944,73.1411,116.3616
117.6797,81.5099,73.1577,116.8540
113.4873,81.4622,72.9427,116.6401
109.0444,80.6403,74.4751,116.0714
105.7661,79.0884,76.3567,116.6490
104.2777,80.1256,78.5375,116.6003
106.6584,82.2289,80.1662,114.6090
115.1994,81.3249,79.9442,113.7754
126.6487,80.3461,80.1643,112.2013
139.3414,81.9858,82.0993,111.3949
154.7481,81.6097,84.8315,110.7619
168.9343,79.2011,86.4012,112.1963
190.1121,78.9601,84.9052,112.3441
202.9751,81.3340,85.6244,112.7055
215.4437,79.9804,87.1061,116.4018
227.7507,79.4644,88.8385,119.5708
240.6189,79.4287,91.0686,121.4043
251.8133,74.1191,91.7677,126.8676
264.2321,69.4969,91.6701,130.1909
276.5166,66.1004,90.9545,133.3875
284.1920,62.7431,90.5164,136.7190
288.2558,60.5252,89.5423,139.3113
287.5773,61.6654,89.0104,140.2074
282.1740,65.5887,86.8891,140.9850
270.8512,67.7509,83.8033,142.4618
258.4373,68.5490,82.2911,143.1348
240.2444,71.2039,82.1742,141.0389
223.8528,74.1374,84.4565,136.1676
206.5879,76.7034,86.7141,132.8486
193.8847,78.5646,89.6629,130.9325
174.1290,81.2399,93.9838,129.7946
159.1449,78.9800,94.2792,132.6971
152.0698,77.4372,91.3194,136.5365
146.1766,76.4881,86.3944,140.9620
139.6326,73.8964,82.6595,142.8933
2
0
0
0
0
1
3.1891,83.5215,53.0112,92.3477
1.2949,80.7930,55.3670,95.0153
1.4438,81.1182,55.6216,97.1427
1.0411,80.2063,58.0126,97.0709
1.5597,80.5962,57.9714,99.5748
2.5599,82.8378,58.4350,100.3010
3.8475,83.9572,59.1376,102.0574
3.5116,85.9957,62.3654,99.3354
3.3980,88.8892,65.0643,96.1835
2.9114,90.8715,65.4161,94.9885
2.5749,91.1250,65.7798,97.1683
2.2693,91.2599,68.0830,97.3651
3.0075,90.6110,69.6977,97.4791
2.0518,90.9994,72.8783,97.2509
0.9588,89.3818,75.1534,98.1509
2
0
0
0
0
1
221.3396,105.5191,64.4314,48.9393
237.5813,106.5597,65.6082,49.1355
252.4941,107.3598,65.1543,49.6786
266.8178,107.7065,63.8350,51.3570
274.4840,107.8643,62.3878,52.7293
281.6526,107.7349,61.1269,55.3961
284.8594,107.2620,62.5616,55.9328
2
0
0
0
0
1
307.1966,71.4881,84.4043,95.5233
296.7553,66.9716,84.6555,99.8624
287.4883,65.9391,85.1899,102.5148
281.4947,65.7698,83.6458,105.1068
277.4988,69.9685,82.3202,107.8013
271.2714,71.4220,81.4431,110.9261
265.9999,71.0018,81.7898,113.5318
263.7711,73.7226,82.1042,113.0803
253.8466,77.6804,86.5897,110.7389
244.4446,79.6090,89.2834,110.0908
237.2854,77.4622,90.1713,111.8522
233.0251,74.9772,90.5290,114.7137
228.4026,75.4993,91.9789,114.0537
224.5525,72.0058,91.7075,115.5678
222.5137,67.2665,89.4835,119.6558
221.2282,65.3431,86.1479,122.3312
223.3816,63.4875,82.6813,123.7126
222.9455,66.3229,81.3196,119.3774
226.4171,72.8765,80.0616,114.3274
233.2871,79.7300,79.0538,114.2462
240.5290,82.2757,78.6656,111.1358
246.4786,86.8779,79.2456,109.5062
247.4964,92.6432,80.1828,107.1500
246.5276,97.6048,80.0550,105.5052
243.8056,98.8365,79.5885,103.8999
239.6355,101.1343,78.3786,102.3139
234.3984,102.1347,76.5910,99.8668
229.0696,102.6104,75.1701,98.5759
225.2572,102.3385,74.0631,98.5809
219.6818,98.6709,72.9846,98.9840
218.8241,95.6774,73.1615,100.4197
225.7417,93.1299,73.5110,102.4829
236.4774,92.5147,74.2138,103.1603
249.8191,90.8671,75.0429,104.9534
263.0985,88.1745,75.2354,107.6781
277.2711,85.6869,74.3447,110.4146
289.6107,79.5027,73.8118,115.2492
297.0121,73.9863,73.6848,120.5183
301.2077,69.3344,73.9298,124.0426
301.4529,69.0848,74.1376,125.2868
299.0768,70.6208,74.0956,126.6357
294.5533,77.6926,74.0259,128.7400
290.0353,82.7533,73.4432,130.1905
283.4972,87.1580,72.7919,129.9005
276.1566,90.6869,73.4146,130.4746
269.8908,91.1163,74.4366,131.2179
269.0239,91.4244,75.3661,131.0585
265.6976,86.2130,77.3382,133.7220
255.7667,83.4220,78.1390,135.2124
247.3211,78.7278,85.6264,132.4707
238.9595,74.2340,92.5248,132.4313
230.5880,71.5560,96.9625,133.4971
224.8608,67.9715,98.0842,135.9417
225.1164,69.0245,99.0060,134.3481
224.8234,68.6539,99.0590,134.6311
218.0340,68.3557,101.2820,134.8288
207.8363,69.1424,104.9183,136.3000
205.7463,67.0734,103.5740,137.9737
201.2387,65.4805,105.4285,137.6140
197.2355,64.3291,104.8091,136.2177
195.3876,63.2721,101.2397,136.4062
193.6359,61.6676,99.4890,137.3251
184.3226,60.8580,103.5545,133.9584
176.5767,60.8091,106.6082,131.7792
179.4988,58.3049,103.8918,132.3227
184.2006,54.2932,99.7867,137.6209
184.0252,53.9371,99.9821,137.0194
181.8227,55.1002,101.7064,137.2404
182.2595,58.9259,104.7424,137.0026
186.6727,65.5212,108.2762,135.0360
187.3281,67.5427,108.3683,135.5218
186.7250,73.8452,105.2832,135.4279
188.2570,76.7266,107.8655,135.5945
195.9436,76.2196,108.3772,138.7204
202.3459,72.9713,111.7783,141.0498
210.0033,68.2568,115.1888,143.5060
217.7510,64.8648,120.0360,145.2160
222.4969,58.0903,125.3214,148.8989
225.0188,53.2032,128.7273,151.5577
223.9040,50.2503,130.6123,153.3606
224.6841,50.8512,130.6451,155.4494
228.2841,54.8201,127.0059,155.3285
238.4232,54.9412,117.9034,157.7729
254.2053,53.3097,108.1532,161.0141
264.5977,47.9307,102.7233,165.2788
258.3706,42.8736,106.1581,166.9465
255.1546,40.1051,105.5339,171.9343
253.2640,41.5386,105.5834,173.6292
254.0617,42.2794,103.8089,175.7355
252.0283,48.0733,100.3859,174.8171
243.7527,46.5141,99.5913,170.6379
233.6788,46.4338,98.2781,168.4923
219.0396,46.1533,97.1200,165.9443
205.0836,47.2211,95.4753,162.1276
186.1306,46.9404,97.4742,160.8778
171.2676,47.0051,97.4397,164.2941
157.6532,47.4675,98.1145,168.0022
148.8882,46.6705,96.7383,170.2072
147.0978,46.0918,97.6728,168.7251
148.1660,43.3986,99.8923,169.8689
150.1495,40.5620,99.5333,173.4749
154.2837,35.9398,98.5067,175.6035
160.5771,30.8973,97.0927,175.3028
167.9339,28.2723,98.0319,177.0063
175.6036,24.8459,99.0058,182.7581
185.8264,30.9267,98.3045,183.6129
198.0116,30.6928,98.3147,189.0550
205.5972,37.8352,98.9323,188.7903
212.7856,46.0608,98.2253,187.5812
217.5071,54.3770,96.8818,185.5248
219.4019,63.0710,95.9891,179.9384
214.9294,69.9061,95.1476,177.7232
205.6314,75.7576,97.1807,175.6259
198.1136,76.6754,99.2041,170.5381
190.5515,78.9331,101.3474,169.3124
185.5752,77.4097,102.7701,171.0615
179.5193,78.5059,108.6073,167.4097
175.9843,74.7403,111.3299,168.4418
176.2924,65.5124,111.6751,173.4503
179.7360,57.8943,114.5067,177.9300
183.3613,49.5129,117.0650,179.0334
189.9665,47.1147,118.1017,182.4036
193.4544,41.8342,118.9280,181.7386
197.0544,43.2513,118.4566,182.0031
199.8067,46.3189,118.4361,178.8504
209.7764,48.5564,115.2046,176.4933
215.7869,52.6759,113.1223,174.4877
218.5756,53.1721,109.9352,173.0229
217.6902,54.5124,106.7256,170.8783
212.9014,56.6578,104.3605,169.7403
206.0335,63.2489,103.4377,166.4233
200.7375,66.2703,101.3865,163.0254
193.1991,72.1216,100.0890,160.5973
185.8374,75.8090,100.2050,159.0988
183.6764,79.1183,97.6620,161.8776
182.8943,83.1214,95.8775,164.4101
183.8799,85.0824,95.9559,165.7010
183.9834,83.7085,97.2555,167.6066
188.2290,85.8109,99.0524,168.5217
195.1571,84.1352,101.0995,170.6555
200.8315,82.4510,101.7052,173.0791
203.1504,79.7475,102.1921,175.2217
201.3054,74.5911,100.9400,175.9163
193.6026,71.5224,101.9101,176.4239
186.5544,70.0217,102.9415,180.4116
181.5051,65.5623,103.2545,184.0396
180.6816,60.0700,107.1184,187.6252
184.9535,58.1715,105.5463,187.0992
192.3594,54.0889,103.3655,185.5079
197.1436,53.5303,101.1982,185.1037
195.4875,47.6679,101.4766,185.8300
196.8450,46.4993,100.2875,186.2405
197.1618,48.3593,100.3524,184.4623
194.9422,47.0249,100.9006,182.6079
193.5017,47.4904,103.1129,183.3315
191.1099,49.3810,103.9936,182.3967
188.0281,50.7708,102.5065,183.3084
185.3254,51.5624,102.3456,185.3473
183.2820,50.2947,103.1079,187.0791
184.6807,48.2789,101.7795,186.3984
189.3001,46.0531,100.6940,185.5275
194.9542,44.8390,99.6012,186.7565
199.8584,44.6641,100.7468,184.1424
204.2361,45.1720,101.8943,181.9894
214.0833,45.5053,99.3715,182.4597
225.6416,51.6933,98.4518,180.7507
238.3887,55.3985,98.9757,176.3941
250.7694,57.6630,98.8777,171.9047
262.3027,57.5581,98.3589,168.6729
269.8214,55.8219,97.5268,165.0196
262.8993,50.7418,98.4851,165.8832
256.2160,49.0593,100.1516,166.7629
251.1257,44.9978,101.0544,168.3672
248.3903,46.9359,100.9999,168.3755
246.8052,48.9601,101.0391,170.9513
247.8785,52.5695,100.1622,168.6345
245.5190,53.0247,101.6898,168.7423
244.4550,53.0451,103.7803,169.2368
242.5148,51.4738,105.2014,170.5916
239.7341,49.5632,105.5463,170.8456
238.3485,49.7345,103.7803,169.9910
235.8583,51.6081,100.4794,170.4273
226.8693,54.6409,100.6670,166.9614
221.3405,59.4710,98.4655,159.3368
223.5263,69.5166,98.0010,154.2317
228.3564,72.5940,97.8077,154.8145
233.9664,76.4786,98.5302,153.9711
231.1332,78.5598,97.3512,154.8688
229.0804,78.2575,95.7654,155.4199
228.3849,78.5543,96.1387,153.0555
231.1022,77.6802,96.7683,152.9782
232.9623,71.4449,96.4336,155.2038
225.3439,64.7582,96.4773,155.7868
216.3154,57.4538,97.5426,155.2222
210.4493,52.6351,97.5144,156.7646
206.1208,51.0495,98.7588,157.3134
210.0957,53.0674,98.0866,158.2899
218.5601,51.5448,95.7260,157.1457
224.9041,53.1880,94.8174,155.4837
236.2933,57.9809,92.0235,152.4091
260.3224,57.0900,98.2394,152.2616
268.8294,55.2052,104.5039,148.0004
268.0963,54.5794,107.7672,146.3705
254.1327,55.8477,103.6634,147.2744
230.3347,56.5536,107.7760,151.5219
220.8203,53.0634,109.0500,152.8136
209.7044,54.6998,107.5159,151.9234
204.5134,58.9990,103.0386,151.3589
199.0109,64.7706,102.1090,148.2287
196.2113,68.0110,102.3821,144.3286
196.9498,71.3883,102.5757,140.5547
207.7416,73.3330,99.6832,140.6810
219.1864,74.0494,100.4471,137.4805
224.8633,71.7508,96.9636,140.6752
219.6453,66.9379,98.2189,142.2035
212.5352,66.5020,97.5453,144.8960
201.7711,71.7776,99.4720,139.7913
197.2653,74.7170,98.9777,137.1836
207.3826,77.4473,94.3074,135.1420
219.5179,79.7562,93.3177,135.7184
234.5345,79.6816,96.5165,137.6396
258.0771,80.8016,102.4972,136.7086
279.3208,81.6841,106.8384,136.3147
289.0123,76.2743,109.6626,136.7574
283.3904,70.9943,107.1115,137.1715
266.9981,64.7280,101.7950,141.7545
248.0489,58.5689,98.4923,145.3889
224.6142,55.7053,100.6353,145.0988
208.0692,47.0146,101.8264,148.9181
194.9011,41.6334,99.3283,153.6085
179.1782,45.8739,101.4570,152.9423
172.1133,52.6342,104.4749,149.7585
171.0021,61.2880,107.9201,143.7013
176.0429,68.4816,102.7892,144.2228
181.0087,74.3562,99.3393,142.8793
185.9204,76.6993,98.1126,142.2300
185.4031,80.5984,96.6357,143.1435
177.4189,82.5872,98.8234,142.0751
166.8441,77.1022,104.7525,141.8894
152.9914,75.4480,112.3315,142.4937
142.2080,75.7478,115.9486,142.5955
136.5362,74.7105,115.4281,146.8731
137.5030,71.3363,112.3032,150.7097
142.5276,66.8709,110.9081,150.1346
152.5131,61.5455,106.5773,151.6162
