1
494.7858,402.2831,41.9355,42.5548
495.4303,391.3040,43.1640,41.0565
497.3266,381.0893,43.2901,40.4473
497.9880,373.5211,42.6149,40.9922
498.3735,367.9378,41.8571,41.3190
499.6697,367.2019,41.8775,41.7055
500.2002,368.7611,42.3608,42.3081
501.2044,373.6848,42.5330,42.1112
502.2939,380.4659,43.0376,41.9752
503.0159,388.0037,42.6843,43.4192
506.0580,390.8139,40.6354,47.4265
509.0110,387.7859,37.7268,52.4392
513.2424,378.5692,38.6304,53.1890
517.1755,357.5617,40.7777,50.3082
517.0992,339.9284,42.4249,49.1443
508.5969,346.4530,44.4153,46.9158
508.5516,340.7205,45.1080,46.9310
509.1158,329.1841,45.7572,46.6317
517.6027,334.7360,43.1570,49.1905
508.0116,331.2550,43.7092,47.7062
507.5049,297.1444,44.7186,47.0326
508.0945,294.8077,45.1234,46.0106
507.9744,291.9962,45.8910,45.3143
508.6682,294.9976,45.8506,44.9064
509.8494,292.1384,45.5028,44.9909
511.4910,297.5690,45.4178,44.3624
512.3640,298.6564,46.0242,45.1372
2
0
0
0
0
1
519.8854,388.4102,42.4258,40.8166
522.8375,370.8464,41.8274,40.6132
525.0327,357.7423,42.6287,42.2760
528.1042,345.5858,42.8080,43.5177
530.3391,337.9663,42.8490,44.3657
533.5674,330.9953,42.3071,43.7886
535.4285,327.6743,42.0609,43.7678
538.6604,328.7309,42.2640,44.2071
542.2808,332.3403,42.6410,43.9463
544.5797,337.5300,43.3880,43.0168
547.0518,345.5373,44.7016,42.2517
550.1809,358.2938,43.4893,42.7801
555.2188,372.7793,42.8845,42.9147
558.0660,393.0727,42.6657,43.4477
556.6692,374.3293,42.3228,43.8561
548.2139,349.2386,42.8670,44.6956
541.8378,326.9045,42.1302,48.3983
534.7928,307.0132,42.1467,49.6885
527.5034,290.0048,43.1181,51.6084
520.0201,273.9755,41.8927,54.3197
513.6506,262.9457,41.8770,53.9950
508.0863,254.7208,42.2584,55.2540
501.9571,247.6798,43.3954,55.1906
495.0138,243.1901,44.7847,53.5279
486.5614,240.8680,46.9375,51.3737
476.8925,241.1598,49.8899,49.8057
469.2302,244.6231,51.5435,49.7958
462.6143,251.1730,51.9710,50.4213
455.7447,263.0697,51.6579,50.9141
450.4458,276.9675,51.0512,51.7755
446.0580,296.0850,49.8115,51.9338
438.0694,319.2773,50.7369,52.7118
435.4120,327.5779,50.5588,53.4288
2
0
0
0
0
1
400.0064,339.4820,45.2956,45.4109
398.8288,338.9895,45.4918,45.3701
396.6467,342.6244,46.2983,45.6661
395.0396,348.3098,46.3109,45.9787
393.1068,356.6995,46.2187,47.6203
392.4517,364.8605,45.2116,50.5588
392.7623,368.5289,44.0612,53.0585
391.7111,374.9090,45.7224,52.1763
2
0
0
0
0
1
389.3214,385.0636,42.1353,41.6849
389.4113,377.2281,42.3860,41.7204
389.6638,372.2472,41.5521,40.9752
390.9362,370.1102,41.2985,40.4549
389.8730,370.2676,40.1215,40.2081
393.7056,374.5036,39.8780,39.9908
393.1135,380.5021,41.4203,40.2597
396.0923,387.0704,40.5294,42.8784
396.5788,398.3293,40.6016,44.0168
397.4879,415.8168,42.0906,43.8142
399.0352,434.1189,43.0765,42.8915
401.8344,447.4294,43.7906,41.5039
406.8461,427.7392,43.0056,43.3934
411.7333,409.0807,43.7300,43.3447
418.1678,390.9055,44.1521,43.6925
423.7836,377.1485,43.5060,44.9469
426.3179,364.2195,44.2115,46.1658
430.3307,356.6279,45.7245,48.1723
