1
699.9324,241.1272,34.4034,72.0721
696.4285,238.2138,35.3719,73.1825
692.9810,235.1667,36.3376,74.2091
689.4452,234.8268,37.1750,75.2639
685.9030,234.1203,37.1659,76.5384
684.2621,231.2387,37.1035,78.5510
682.4888,229.8897,36.5634,79.5010
679.4977,229.0998,36.6626,80.8618
678.1335,228.8953,35.6720,81.6539
675.9847,229.6735,35.3527,82.8782
674.7477,232.5812,34.2303,85.2722
672.8990,233.1444,33.7254,85.8937
668.9566,233.1521,33.0709,85.5697
663.4222,233.3343,33.4023,84.3023
659.2922,233.0382,33.0531,83.5137
656.1187,232.9165,32.2130,84.2286
651.9042,233.0238,31.7770,84.5622
647.2745,234.0191,31.8395,83.4635
642.8328,234.9023,31.5473,83.7212
640.1210,235.5225,31.8288,82.5327
637.1650,236.2425,30.8972,83.5642
633.3169,236.3051,31.6621,83.3990
630.2985,236.7631,31.2874,82.8230
627.1014,237.1809,31.5488,82.2357
623.1298,237.3466,31.2760,81.6594
617.8708,237.5233,32.5537,80.0903
613.5090,238.0755,32.3584,79.7540
611.2450,237.7240,31.8487,81.1442
607.7867,238.1281,32.2278,80.4572
602.6171,239.1587,32.7120,80.9630
598.0345,239.5032,32.8746,82.9722
595.6104,238.6444,33.2594,84.6516
593.2556,236.4500,33.2330,85.9311
590.9945,235.4742,32.9010,87.7458
587.8683,232.1270,33.2663,90.2944
584.8168,231.4342,33.5195,91.6893
581.1954,229.8280,34.1234,92.2590
579.1155,228.4264,33.6840,94.5088
575.8596,227.8833,33.3547,94.3012
571.5137,227.3868,32.5324,92.9590
566.2711,226.7897,32.9723,91.3872
564.5005,228.1297,32.6178,89.9193
563.1668,229.0845,32.4970,89.4862
559.5339,230.1940,32.7623,88.6227
556.3583,230.4223,33.0227,87.9155
552.8625,231.2510,33.7305,89.4524
548.8981,231.3459,33.7445,88.8209
545.8826,235.6410,34.3772,85.9897
541.3889,234.7577,35.0285,84.7104
539.4229,234.2742,35.2040,85.3177
538.4230,234.7937,34.6034,86.6355
537.1578,233.9589,34.3179,86.5635
536.9692,233.0982,33.8009,88.0171
536.6020,229.9334,32.8704,85.8929
534.2930,228.8468,33.2103,86.6177
534.2990,229.6777,33.3967,86.8818
533.6685,231.9545,33.6636,87.2432
532.2569,231.6141,33.9665,85.9348
531.3563,231.4189,33.8052,87.1282
531.2958,229.5211,33.2246,88.0523
531.0439,227.1053,33.0582,89.3075
530.6647,224.7784,33.0922,91.1188
530.4680,226.0106,33.4263,92.0355
530.3835,226.1664,33.5351,92.0602
530.5484,225.9147,33.8250,92.5994
530.2386,226.9689,34.5299,91.2763
528.5375,228.0758,35.6735,90.7425
528.1907,225.7983,36.2341,91.5114
527.4581,225.4382,36.6357,90.9689
527.5117,225.8743,38.6530,89.5788
527.4426,225.7542,40.4466,88.1945
527.4175,225.9068,40.9436,88.6250
527.3661,225.0865,41.9508,89.6425
527.4874,225.4122,42.8245,86.5355
527.4392,226.0193,43.7486,85.9842
528.2877,225.9576,44.0533,84.2554
527.5314,225.8755,45.0982,84.4764
528.5396,227.4163,44.5734,82.5564
531.0810,226.9544,44.4687,81.0894
533.3748,226.5036,44.4113,80.5488
536.5435,228.6323,43.2154,79.9884
539.8034,227.4040,42.1267,79.6350
540.6339,227.5477,42.5722,78.0750
542.8566,229.1876,42.7712,79.0656
544.0717,228.6780,41.6499,81.3513
545.3000,228.7910,41.6271,81.3711
546.1397,229.9161,42.2029,80.0236
548.3071,230.2090,42.7196,80.4840
549.3297,231.9255,42.5770,79.9168
552.8904,231.6803,41.9340,79.9606
556.4150,231.5850,42.3335,79.3670
561.0568,230.5636,41.8708,78.1318
564.8678,229.7819,42.3850,77.4943
568.7331,230.0355,41.7050,78.4666
571.6209,229.4537,43.5248,78.6842
574.4206,228.2983,43.6731,78.5461
576.1665,228.0800,44.0821,79.5280
577.8184,228.0585,43.6856,80.1951
579.1241,227.6623,43.8326,80.5857
581.0955,226.9073,44.1386,80.8700
583.3641,227.6195,44.4301,81.0017
585.1580,228.9561,45.0940,80.1958
587.3311,229.2324,44.5690,79.0668
588.8149,229.2668,43.9840,78.2768
589.5490,229.7847,43.1183,78.3461
592.2610,230.0975,42.2760,78.8350
593.1897,230.5483,41.9962,78.9414
595.8054,229.0791,41.5047,79.6173
596.1077,230.0217,41.1287,80.3017
597.7368,230.2543,40.9871,80.8417
598.8834,229.5254,41.1870,81.2487
598.8448,230.3097,40.1456,80.1045
598.5227,229.9214,39.4015,81.1983
596.7682,229.0733,38.3380,81.9153
593.1473,229.0677,37.1307,82.2808
587.8272,227.5657,36.5653,81.2115
582.6665,227.5020,36.2056,79.3819
577.1555,226.2263,36.1371,79.2887
571.1937,225.6936,36.4590,78.5273
565.0223,224.2041,36.7448,78.4772
558.1707,223.0924,36.6432,76.8764
551.1567,222.8033,37.2926,77.3837
543.9531,223.3792,38.2695,76.4608
536.5942,223.1476,39.3937,76.1133
530.1783,222.9432,39.8675,75.8633
524.3597,223.8717,40.6971,75.7946
519.6027,222.9693,40.6233,76.8408
515.4399,223.7431,40.7918,78.3738
511.2227,223.8021,41.2600,79.0350
505.2162,225.2611,41.6968,80.2576
498.9951,225.8407,41.9994,80.4812
491.5250,229.7845,43.7888,78.8391
484.1588,233.8029,44.9947,78.2050
2
0
0
0
0
1
375.2670,248.1565,29.1066,41.1158
368.7646,246.8106,28.9529,41.4250
2
0
0
0
0
1
224.9987,250.6667,26.3421,39.1542
215.2649,250.0500,25.9060,39.0060
2
0
0
0
0
1
95.5014,255.8781,30.9887,44.9589
88.2545,255.0953,30.4660,45.3374
83.9262,254.9079,31.3103,45.1345
81.3665,256.0577,31.3810,45.6300
80.4917,255.8222,31.3419,46.2232
80.8797,255.6097,31.8458,45.9164
81.5123,255.4195,31.9752,45.9773
82.9066,255.1521,31.5776,46.8045
85.5230,255.4758,31.6082,47.1437
89.3968,257.1555,30.8704,47.4660
93.3075,258.6743,31.8230,47.1121
93.0817,261.2719,31.7542,46.1572
92.4979,263.6003,32.8299,44.9049
91.7244,265.0410,33.2282,44.0169
92.0214,265.3936,33.5880,42.9400
91.5939,264.3622,33.4969,43.0772
93.4269,264.8354,32.8183,43.4458
95.2977,265.6307,32.0375,44.4244
97.9334,265.6579,31.7012,45.3934
101.0187,267.5578,32.0442,45.0110
103.5375,268.7701,32.1219,44.5514
108.8137,268.8189,31.7953,44.6800
115.4576,268.6085,31.7747,44.4546
123.1958,267.3316,31.8524,44.4117
132.0013,265.3163,31.6677,44.7156
140.4586,264.5593,31.4748,44.4610
149.7804,264.8303,31.2449,43.8112
158.7993,264.2721,30.5645,44.2985
167.3174,263.1500,29.9447,45.1220
175.5907,263.8840,30.1232,43.8829
183.2186,263.1887,28.8648,44.6995
185.6801,264.7658,30.1843,43.3824
188.3765,266.1385,31.7298,42.3670
192.4786,266.6504,32.5815,41.2254
195.7350,266.3303,33.6270,40.7531
200.7314,266.2346,33.9956,41.0054
2
0
0
0
0
1
284.5021,261.2725,22.5709,52.6635
288.1671,259.4196,22.8166,52.6105
295.7737,258.2667,23.2070,52.3377
303.9389,258.0046,23.4358,51.3795
312.6441,257.3586,23.8143,50.8130
320.5736,258.1971,23.9492,49.6794
328.8217,258.1925,23.9410,49.4496
336.8281,256.6123,23.7559,49.5066
341.9690,256.8595,24.4184,48.7166
350.7077,257.4036,24.7954,48.8232
356.1173,258.0751,25.4255,48.4914
364.8161,257.8885,25.1972,48.6593
372.8838,257.3271,24.8131,49.8975
377.8226,257.3307,24.7634,50.6970
382.4865,258.6459,25.5386,49.9688
387.1551,259.8232,26.3410,49.0355
391.2194,259.5405,26.5231,48.7287
393.6146,259.2708,25.9620,48.9552
396.7342,256.6862,25.5172,49.4929
400.7617,255.3219,25.4483,48.7409
2
0
0
0
0
1
477.3306,260.4863,21.6517,47.0057
480.1224,261.1063,22.3813,47.0131
482.7328,261.3298,23.2726,45.9917
485.1146,262.6941,23.7793,46.4984
486.7299,263.3581,24.3082,45.6885
489.3495,261.0329,23.9332,46.6526
491.1940,258.3411,24.4765,47.0507
492.9601,255.3406,23.9903,47.5225
493.1032,251.4125,23.9364,49.0669
493.4046,249.7985,23.8392,50.5124
494.1954,249.0594,23.6564,51.8880
494.1377,250.9641,23.7021,52.9450
494.0643,251.8375,24.3278,53.7010
493.7768,253.9851,25.4000,53.2282
495.3283,255.6585,25.8464,53.0948
495.5750,255.9931,25.6653,53.3102
496.0077,255.1735,25.4750,53.8629
492.4460,255.4414,25.7470,54.2585
484.2778,255.8644,26.0087,54.0672
476.0587,252.1874,25.8650,53.6526
462.9609,251.8606,25.0874,54.4685
449.6661,250.8999,24.0403,54.8841
440.2481,251.1073,24.5580,52.3722
431.4237,251.1769,25.3829,51.4026
2
0
0
0
0
1
309.9012,266.5663,32.4246,44.9623
305.0179,266.9077,31.5114,44.7205
297.0005,266.4984,31.2984,44.7734
292.4707,267.6315,31.0329,43.6202
289.6896,267.5852,31.3303,43.4321
286.2188,269.5070,31.6969,42.1291
282.4554,271.6024,31.3942,41.6571
278.0837,274.3858,30.5258,41.1008
272.2432,278.1533,31.7389,38.8520
269.3315,280.2515,31.2749,38.1517
261.0038,282.8823,31.3447,37.1525
258.2692,284.2452,30.2607,37.5459
248.8230,286.8566,30.3871,36.6001
240.5900,287.5792,30.4359,36.3699
232.3089,288.0998,31.0665,35.6035
224.6034,288.6555,31.4441,34.9998
213.6674,290.3689,32.3814,33.2781
201.7858,291.3367,32.5197,32.2994
2
0
0
0
0
1
186.9902,302.0569,32.0053,33.4972
189.4621,302.0880,30.5447,35.1888
191.3461,301.3130,29.6874,35.7832
202.1945,297.3159,29.5688,36.2407
207.3040,293.6109,29.5445,36.0705
213.7361,294.1119,30.3394,35.3511
217.6364,296.0266,30.4108,33.9465
221.3879,296.5743,31.4813,33.1006
226.1277,296.2386,31.4546,33.6320
229.5347,294.0839,30.1387,35.1484
232.7968,292.6003,28.9619,36.2503
234.9231,291.5548,28.1445,37.9990
236.9034,290.2846,28.4623,37.9823
239.0951,291.2806,29.1889,37.5881
241.4280,291.6988,29.7514,36.9691
243.9175,291.8583,29.2057,37.6215
247.3111,293.0826,29.0285,38.0710
251.2286,293.9203,28.7614,38.7551
255.9253,294.9525,28.5191,39.2552
259.9116,296.6064,28.9380,39.6807
266.6218,298.0365,29.3911,39.8427
270.8427,298.0083,30.7106,38.7808
274.9458,298.8535,30.7594,37.8598
277.8996,300.4059,31.1509,37.1366
282.0310,300.6143,30.8757,37.2113
284.0932,301.2307,31.7964,37.1784
287.1445,302.9378,32.6591,36.5868
2
0
0
0
0
1
354.4845,302.3643,31.4732,35.7587
357.9085,303.9257,31.0064,34.9072
360.6519,303.9915,29.8442,35.1719
363.7254,303.7491,28.9504,35.3800
366.4689,302.9981,28.9314,35.5697
368.0417,301.1803,27.9575,36.6764
368.9584,300.7143,27.5767,35.8683
370.7782,299.4943,27.5651,34.3394
373.1111,298.3879,27.7169,33.1532
377.2169,296.5481,27.2188,33.7331
381.1716,294.2765,26.3140,34.8286
384.3969,292.8386,25.8654,35.2658
387.1954,291.0714,25.6401,36.1683
389.1612,290.1916,25.4120,36.0687
389.4544,291.3134,25.9581,35.3525
389.5096,292.3759,26.2234,35.7737
389.8173,293.2661,26.4324,35.1284
389.7808,293.2114,26.4680,35.1811
388.9226,293.2901,26.7334,35.7203
387.7027,294.7507,27.5035,35.1586
385.3558,293.8006,28.1555,34.1417
384.9464,293.7231,28.7802,33.0841
384.2896,295.1995,29.4978,32.5174
384.5785,295.3483,29.9204,32.7217
384.6290,297.2860,30.0405,32.8448
385.3501,297.3257,29.7652,33.3159
386.0306,296.6628,29.2910,34.2414
386.1270,296.0661,28.9529,34.8497
386.7317,294.6854,27.8646,35.1469
387.9857,293.0615,27.0481,35.2719
388.2980,291.7901,26.3259,35.6421
388.5321,290.5598,26.7873,35.5263
387.2577,290.3366,26.9656,34.9927
385.2235,289.8503,28.1153,34.8074
383.1758,289.5411,29.5009,34.7752
381.9402,289.1301,30.0794,34.7037
381.8534,289.5642,31.0177,34.6104
381.1376,290.3064,30.8511,34.9014
381.2906,291.9779,30.7570,34.7508
380.0347,293.8070,30.5367,34.4435
378.3224,294.5803,30.5316,34.6039
377.0392,294.9530,30.8494,34.3365
2
0
0
0
0
1
291.1654,299.0698,24.5167,19.6226
279.7781,295.8240,24.1590,19.5013
274.3565,297.9669,23.1961,19.5237
260.8411,298.1849,22.1065,19.9460
248.1254,300.3083,21.3667,20.1285
251.2594,317.3275,20.9438,21.0720
2
0
0
0
0
1
160.3408,296.3697,36.5074,39.0572
156.0001,297.4246,36.4975,38.5572
152.7474,298.0182,37.1078,38.0154
150.7304,297.8655,36.5426,37.2347
148.2110,295.0424,37.0525,37.8032
147.6328,294.4752,36.2920,37.9991
145.4635,296.6231,36.7807,36.9811
142.4764,295.9650,37.6202,36.4943
142.6827,297.2866,37.4019,36.5357
143.1764,296.4548,37.7155,36.7719
144.4754,297.4607,38.3265,36.3438
144.3105,299.1767,39.2090,35.4174
142.9006,300.1903,39.6736,35.0511
140.5826,300.6722,39.5210,35.6592
138.3102,299.3211,37.6944,37.1507
136.5616,297.9587,35.7566,38.5402
135.3586,298.1541,33.7685,40.6950
135.2324,298.6249,32.0602,43.5268
134.0211,298.2386,30.8063,44.1776
131.7341,298.3897,30.2174,43.5160
129.6430,296.8633,30.1839,42.6065
128.8923,294.3450,30.3124,42.2346
129.6402,293.0974,31.0898,41.6374
130.9288,293.1885,32.0371,39.6543
133.3841,292.7623,31.9167,38.4074
135.4378,291.2307,31.7006,38.3300
136.7777,289.3483,32.2069,38.2717
137.4708,289.1061,32.4397,38.1713
138.1372,287.8693,32.0937,38.8764
137.4779,287.0822,31.7193,39.2417
133.5417,287.1900,31.1821,39.2938
