1
161.2849,59.8972,50.2442,169.8604
163.8812,59.4095,55.3055,171.7168
161.5850,60.0264,59.0781,172.9212
161.2323,57.4756,62.6130,174.3163
159.7298,58.3044,65.0557,175.0164
160.8874,56.2682,65.4674,175.5327
159.9162,59.5241,67.3671,173.9369
159.3062,56.9275,66.0696,175.1195
159.3050,56.5149,64.2604,176.0386
156.5750,52.7959,61.8526,175.9113
156.8022,52.1547,59.9798,177.8134
150.8128,53.4555,58.8168,175.7072
152.3300,53.3158,57.5252,174.8186
147.7880,53.0471,56.9792,173.5465
148.1072,53.6824,56.0092,173.1164
145.0466,51.2848,54.6627,172.8598
146.6038,47.9489,53.9767,173.9231
144.2252,48.2926,53.6096,174.5627
144.3721,47.0176,53.6431,175.1981
142.7957,46.0397,53.8950,175.3217
142.5911,45.9437,54.4932,175.3786
142.7392,48.8577,54.2579,172.4024
144.9459,51.0142,53.7501,171.1741
145.5575,54.2547,54.0009,167.9843
145.8326,56.0757,55.8874,165.1392
145.5695,57.6524,55.8645,162.4642
146.2039,57.4588,57.5635,161.7071
143.6733,59.4231,55.6862,159.7895
143.9770,59.3349,54.2089,159.8417
141.4649,60.2014,52.2047,158.2192
142.5815,60.7644,51.3582,157.9165
141.7266,61.1931,51.6411,157.5950
142.2129,61.2667,51.9209,157.3889
139.4410,63.0565,52.8213,156.1385
138.3056,63.2652,53.2882,155.7677
135.4674,64.3344,55.0337,154.6252
134.0583,64.2023,56.5846,154.1856
128.5608,65.3646,59.0373,151.9826
126.4944,68.6066,61.6705,150.2121
123.2230,69.3818,63.8175,148.4994
123.3046,68.6573,64.1365,147.9458
125.8719,66.6793,63.9387,148.4939
125.7311,67.0635,64.3233,148.4264
127.8617,68.2864,63.0569,147.7006
129.3728,69.8950,61.4874,146.9490
129.3935,72.7504,59.6752,144.6444
130.0176,73.8279,58.5725,143.8302
134.6973,74.1773,57.3126,144.1050
135.4608,72.6106,56.6834,144.3165
137.8723,74.3668,56.3067,143.7337
138.2716,73.1276,55.7328,144.5452
141.8453,72.5196,57.4531,144.8158
142.1683,72.7807,57.9165,144.3830
144.1466,72.2772,60.2873,145.9935
144.9978,72.2397,62.1346,146.8699
145.2274,70.9783,65.7535,148.4134
144.1365,71.6267,68.1488,148.5358
146.8871,69.8625,70.6626,151.0984
146.3406,68.3419,72.8201,152.6100
148.3444,69.4233,75.6939,153.4615
148.1272,69.0574,76.6809,154.1794
149.6873,67.3268,78.4196,156.7563
149.2375,67.5700,80.3705,157.3203
150.4159,68.1146,82.3121,157.9747
150.8024,67.3245,83.0294,158.5456
150.6533,67.9879,84.3990,159.6611
149.0097,68.6477,86.1477,159.4314
149.6302,69.1343,87.9165,160.9765
148.6901,69.6676,89.3108,161.2746
153.5354,68.8072,90.4749,162.4412
153.5313,68.8610,91.2346,163.6898
159.9620,66.7350,92.4081,166.0367
161.8630,67.3432,92.9811,166.9565
172.2894,66.3213,91.9976,166.2060
172.9685,66.1454,92.3280,167.5138
182.5969,67.5828,91.0827,167.8460
184.8687,67.3030,91.0349,168.1151
194.2649,65.5106,91.5823,168.6086
193.9107,64.1015,91.7280,168.0501
201.6637,61.9685,92.2309,169.4853
202.6322,62.0547,93.5235,169.8090
203.1149,58.7630,94.0581,170.7988
202.5744,58.6100,94.7833,171.7503
204.7374,54.8776,95.8463,172.5114
202.6622,53.5892,97.2346,172.0936
201.9556,50.0231,97.4828,171.5799
203.6269,49.2763,96.5854,170.9793
204.2637,49.0536,97.1368,171.9871
204.2092,47.7763,97.2792,173.8845
200.9465,52.3469,95.9443,171.1375
202.8777,54.9117,96.4925,171.5181
203.5303,57.1782,95.9512,171.5815
203.6368,59.0576,94.8502,171.1332
202.1848,62.0409,94.4006,168.6833
202.2853,64.2015,94.1650,167.0575
195.4378,69.0360,94.3874,163.4309
194.6380,70.1704,94.6934,162.0867
185.5061,74.9492,95.4733,158.2544
178.2853,76.2413,95.4530,155.0843
172.6238,80.2773,95.2422,151.2486
168.8262,83.4429,95.3104,148.3424
161.0953,89.0223,102.9299,140.9058
156.7844,92.4092,108.0083,136.3263
154.3714,94.9464,110.5945,133.2044
154.8745,97.8244,112.6610,130.2901
158.8534,99.8580,113.2658,128.9675
161.1327,99.7948,113.4435,128.3865
163.6284,99.7017,111.1917,127.3631
165.1685,101.9365,110.2336,125.0602
167.9091,100.6160,108.7652,125.0203
170.9686,99.1404,107.4093,127.2197
172.4594,96.3384,105.5435,128.8684
177.8984,92.3317,102.3791,132.2899
185.3552,91.7594,100.1213,132.8167
197.6559,90.1061,97.9332,134.2185
203.6462,85.6160,94.8265,136.5852
200.2685,83.3531,93.0842,140.1826
201.0946,83.2537,92.9416,140.7195
198.4902,82.2790,93.7440,140.8631
186.4671,82.3629,92.7316,140.1167
175.9442,77.6148,88.3952,142.6749
166.2251,71.2862,84.9958,143.5411
156.3345,62.1424,84.7122,145.4406
148.6721,50.1798,84.1838,147.6497
145.6930,37.9868,83.0502,148.6102
146.6419,29.7746,83.0111,147.5130
146.0912,24.4370,81.8708,146.1158
143.1589,25.7128,81.8239,146.5866
139.1136,23.3318,81.4828,146.0400
133.6753,22.0743,82.1205,148.4075
132.7261,17.1233,83.0186,150.8072
134.9509,11.9272,83.9146,151.3069
135.5221,16.8907,82.7097,150.2972
138.0725,22.9015,81.0730,145.6688
140.2558,22.3193,79.5448,147.1667
145.5656,23.6781,78.1182,148.1331
152.6371,27.4447,76.7514,146.8158
157.4090,32.3445,78.4483,146.3151
163.2185,43.0713,79.1969,143.1121
171.6809,55.0899,78.3764,137.8128
179.3647,65.1070,78.7272,136.4481
187.8459,72.4445,78.2675,136.8677
198.1646,73.6176,76.2190,138.6153
205.2656,74.6141,75.0824,138.7297
213.3392,76.7627,74.4247,138.7786
219.4308,78.9703,74.8674,137.9067
223.7140,80.6114,74.5539,137.2323
228.0714,79.7911,73.2122,136.4744
233.6381,79.6722,71.2825,135.2066
237.5994,82.2886,70.1280,133.0586
240.5852,84.5163,70.7026,130.7144
245.2140,85.7276,72.0123,130.6571
245.4465,85.2606,72.7483,132.4241
243.2511,84.6183,74.2982,133.6895
241.7480,84.9630,75.4000,134.8555
239.2139,84.4681,75.3374,135.3666
238.7616,84.2832,75.0502,136.0320
238.4682,83.9920,74.6939,136.3353
237.6342,84.2178,73.6223,135.9339
234.8367,83.9836,73.8635,134.5400
233.7630,83.5083,74.5296,134.4205
232.7309,82.9291,74.8706,136.7420
229.9066,83.2529,74.8357,137.8952
227.6083,79.5726,74.9050,140.0944
223.2117,78.1941,76.5752,140.2049
216.3560,74.4857,78.1696,143.4000
203.3313,71.3432,82.8733,143.4223
189.8081,67.6871,87.2309,146.0019
181.0514,66.1993,89.5534,149.9788
174.6911,63.0590,91.0660,153.8015
169.0836,61.9925,92.4931,157.3682
167.5718,62.4271,95.0112,158.2159
163.7672,62.4233,97.3208,160.0993
162.9544,62.7126,97.3477,161.4532
163.0514,60.7575,96.5920,164.9335
161.1760,63.4279,95.4039,164.6661
159.9494,65.6073,94.3717,164.5379
158.8291,67.1180,93.7700,165.3044
157.6396,68.4218,93.3108,164.7032
158.8839,68.9371,93.4243,164.4165
157.1169,72.4182,93.9051,163.4870
155.4653,76.3415,93.9428,161.0166
155.7398,80.5124,94.0275,158.4940
153.6250,84.8422,93.0206,155.0624
150.6730,87.9789,93.9267,153.5056
147.6893,90.1930,94.1643,151.5893
143.9789,92.0937,93.7352,149.5364
140.3392,92.3814,93.3813,148.6478
140.4005,93.6769,93.3253,146.5984
141.1389,95.9050,92.5357,144.6001
144.2825,98.4808,90.9957,142.5967
148.0070,97.5666,89.1582,141.9187
152.6743,95.9944,86.1506,141.3869
158.6634,97.4182,86.1587,138.7816
165.3719,96.9102,86.9697,138.3792
168.9610,96.2815,88.4766,138.7778
172.9182,93.1087,89.7169,140.4708
174.3415,92.8452,91.0981,141.3077
173.9599,92.5193,91.9549,140.9951
172.6001,92.2567,93.5908,142.1812
173.5889,92.1081,93.2281,144.3383
174.2889,91.6850,92.2547,144.6981
176.4463,92.3517,91.5269,144.7144
177.0639,92.3667,91.0777,144.8027
177.6084,92.5531,90.3473,144.4317
176.8693,90.8827,89.4282,145.3655
174.7695,90.6193,88.8988,146.6938
172.2896,91.4308,88.1620,147.7942
170.9475,93.4012,86.1469,145.9601
167.6790,94.1946,84.7300,145.8677
165.0246,94.1611,83.9026,145.8210
165.1504,91.3488,81.6843,145.1647
166.0411,90.4512,79.9346,143.5449
167.4141,88.9942,77.6620,141.9114
168.8182,88.6597,75.3506,140.0332
169.5836,86.8686,73.6200,138.8376
169.5448,84.7321,71.3416,137.5041
169.8112,81.3598,69.7993,134.0765
171.3233,75.7186,67.9083,132.9562
172.4255,71.8307,66.3638,132.4566
172.3805,66.6995,64.9410,132.5035
173.3760,63.7009,63.4043,133.2044
173.6774,60.8234,61.3028,134.6856
173.8951,60.0622,60.8840,134.6974
173.9687,58.3910,60.3238,133.9711
173.9886,59.4953,60.7094,131.7890
172.8457,60.1919,60.6637,129.6393
171.9798,60.7416,60.7500,128.1095
171.4930,61.5505,61.1328,126.6762
171.0507,63.8431,61.6737,125.0435
172.1321,66.1880,61.4924,124.2277
175.0788,66.7069,60.3709,123.5143
177.9589,67.1060,59.4681,122.7799
182.0984,66.8819,57.9096,122.9505
184.4205,68.3370,58.1846,120.0912
187.1609,69.3826,56.8068,118.8732
189.0002,70.4274,56.4891,116.9269
190.6343,72.1564,56.5341,114.6413
192.1960,74.6565,56.6229,112.0913
192.4802,76.7236,57.0677,109.5065
192.3914,78.5952,57.0548,107.3305
191.8435,79.2072,57.0102,105.6568
191.2833,79.7519,57.3370,103.4159
193.3694,80.9658,57.3226,101.5192
195.2151,81.5305,57.3402,101.3273
197.6688,80.8262,56.6202,100.3365
199.1490,81.1343,56.0732,100.1951
199.0508,81.4522,55.2369,100.3236
199.6886,81.1129,54.1581,100.9008
199.6654,79.6351,54.4965,101.5841
197.9544,78.7717,55.8768,101.4361
197.0914,78.2145,56.8785,102.2398
199.3487,77.1047,58.6701,102.5176
200.6255,74.5289,59.3574,103.2015
200.4500,72.8824,59.3560,104.3054
198.2590,70.9046,60.1475,104.6674
194.6446,69.7406,59.4510,105.0197
193.0311,67.5078,60.2484,104.9919
194.7728,66.8790,60.5606,104.6743
194.9113,65.9538,59.5021,106.2040
193.2478,64.2033,60.3961,106.2268
191.7970,63.3200,61.3706,105.4568
191.9621,61.6379,59.9983,105.8047
189.9533,62.3739,59.7272,107.4424
189.5584,60.6598,59.5281,108.9717
188.2477,60.9566,60.1900,110.1590
188.1875,58.9143,61.0241,110.5647
187.5349,60.7575,62.1779,110.7123
188.5663,61.0632,62.8667,111.6358
188.5830,61.7101,63.3043,113.8738
188.5178,62.8141,63.1149,114.1292
190.3312,63.9947,63.8189,114.6021
192.6198,67.7832,63.8851,116.0591
193.8566,70.1876,64.2978,118.4562
194.4603,71.6428,64.5703,118.2057
195.6627,74.7563,64.9255,118.9123
196.5771,77.8799,66.0108,119.6424
195.6295,81.0012,66.4166,119.7631
196.3548,85.0887,67.4782,119.6451
197.9797,87.2220,68.4832,121.7789
198.8038,89.8801,71.1424,126.5155
200.8858,92.9029,72.1887,126.3506
199.1189,92.9524,72.8061,129.1901
198.8662,92.0127,73.3727,131.9029
197.4951,90.7707,74.5509,135.6825
197.5529,90.8780,75.3139,137.2085
195.4463,88.8420,77.1985,139.6930
199.9533,86.9448,78.0769,140.6253
199.4176,84.4472,80.0324,143.8293
200.0186,83.8638,79.8237,144.8739
201.7268,82.3503,81.0171,146.1465
203.2579,81.7916,82.8505,148.1915
204.3672,81.6893,84.9338,150.6976
203.7059,77.8246,86.3195,153.0300
204.2961,74.4079,86.6340,155.6131
204.1878,73.3990,86.6422,156.6427
204.1934,70.0887,88.0101,158.3690
201.5402,69.5723,89.0078,159.6186
197.5977,69.5079,90.3070,160.6088
199.8727,69.3752,90.6895,161.4016
198.3654,69.4340,90.4668,161.3646
199.2512,66.6166,90.7859,163.8310
200.8600,63.3988,89.3418,167.0289
200.7586,58.7255,89.6227,171.2867
199.5248,57.7844,90.4549,173.6083
199.7140,56.0996,91.4516,175.6105
195.1941,55.6182,93.5266,175.9668
191.6046,53.9948,94.2492,176.6740
189.5497,53.4589,93.9055,177.1792
186.2157,50.4945,94.3642,177.9819
186.6307,51.7621,94.2974,178.0398
187.2749,50.9866,94.2560,178.5816
186.1168,53.6450,95.2523,177.9613
188.3913,51.1329,95.6201,179.0152
192.1707,48.7009,95.5080,180.8454
191.7725,49.6398,95.3613,180.6629
190.3005,52.9218,95.2993,179.6336
190.7210,51.1209,95.4036,180.3358
189.0557,51.6199,93.8836,180.7476
191.1161,53.2504,92.7864,178.9917
191.1385,57.3254,91.6469,177.1602
194.2125,56.4324,91.6711,176.7543
193.4982,58.2968,92.6367,176.1534
192.5267,62.0831,92.6673,173.9511
193.4269,63.1631,91.9008,173.6913
194.1614,64.5776,90.6307,171.6938
190.4588,64.5120,90.3281,170.9084
192.4489,64.3197,89.2886,171.9309
193.4269,64.7503,90.2051,171.0466
191.9952,66.1823,90.6856,170.9820
192.8590,68.1046,91.5110,170.5054
194.1583,68.8630,92.8313,169.9841
192.2365,70.2189,92.9406,168.9714
190.8164,71.9131,92.7072,167.3776
189.7844,72.2557,91.8496,166.5504
189.7586,72.8458,91.2702,165.1205
192.1781,72.7593,90.9983,165.2647
193.5005,75.1440,90.9483,163.4097
196.9135,75.9505,92.3624,162.4744
198.7949,75.7290,94.7970,163.3170
198.9515,72.6024,98.0056,166.6047
199.8671,66.6784,100.5592,172.0159
203.9152,63.2346,101.9617,176.5776
207.8320,61.8976,104.2984,179.3863
211.3505,58.0201,105.8072,183.2561
218.4144,54.4883,105.7936,186.4034
219.6438,50.9382,106.0751,188.8562
221.4529,47.9417,106.6394,192.4451
221.9578,49.2742,106.8831,192.6445
224.6499,48.1180,107.4106,195.8628
228.0325,47.9179,107.9387,197.5411
228.7863,46.1274,108.8003,198.9025
228.3676,46.2066,110.4150,199.1266
230.0530,45.5183,110.3493,199.2935
233.2899,45.2976,110.1554,199.2133
236.3311,44.0317,110.9732,198.6515
239.1934,42.6169,111.0367,200.4303
244.4988,39.8429,112.3971,201.4422
247.7641,39.3320,114.3283,201.7442
249.5771,35.0620,115.7133,204.3874
252.6190,34.9887,117.2618,207.5431
254.2365,32.3734,117.8799,209.0893
251.5496,31.6654,116.9695,211.4745
244.4818,31.4386,116.7451,212.4069
239.4537,32.0268,115.8902,210.9552
237.3510,28.2046,114.8454,213.2921
234.6644,29.0914,114.1845,213.9073
228.0780,28.9497,112.4693,213.2374
221.4020,31.5977,110.4796,211.2165
214.7381,33.5323,110.9513,210.9278
207.0342,36.4386,109.9153,207.8382
202.5696,38.0100,110.6188,205.6385
194.5424,38.6408,110.5852,206.2718
184.3874,39.7259,110.6977,204.7950
177.1606,42.5603,110.6182,201.3863
166.8521,44.2960,110.7036,198.7162
158.0063,45.1769,110.8628,196.6773
153.3134,45.0807,110.6475,194.0558
149.0558,45.5645,111.7473,193.1431
144.9266,47.3561,111.4271,192.2183
142.1588,46.4641,110.2366,191.0823
142.0652,47.4035,108.4838,190.5435
145.3889,49.9281,106.2925,189.5486
146.3732,54.9509,105.6598,187.2670
142.0910,56.1410,105.3383,185.0167
139.6602,58.6407,106.7914,182.6695
138.6518,59.9918,107.0085,179.9604
135.6746,59.1627,107.1454,179.8511
133.7728,56.1776,107.0873,180.5376
132.4551,54.9824,105.1689,181.8464
131.1131,52.5048,107.2359,181.5172
125.9644,55.3859,109.4434,178.4330
126.6954,54.5616,107.8901,179.6442
127.2957,56.0077,106.3867,179.5413
128.2882,55.2115,104.9148,180.7869
131.2609,54.5285,103.3566,182.0461
133.2137,54.2811,100.5964,181.8192
132.7411,55.5102,103.8108,176.2806
134.9919,55.7514,100.2116,178.6850
135.9142,56.2720,101.6740,175.1329
138.7613,59.8910,102.6939,172.6935
139.2207,58.4944,104.7693,171.5234
140.0304,59.0569,105.0151,171.0220
141.1907,57.9543,103.3199,172.3712
137.2990,56.2427,105.3418,173.2870
136.6438,54.5895,107.9589,174.5544
135.8766,50.2669,110.3909,177.0070
133.6752,49.2852,109.6429,179.4589
133.7298,48.4826,109.6175,181.4964
134.3301,44.0591,109.5144,184.8011
134.2936,40.9454,110.4301,187.2358
134.6404,38.0285,110.6373,189.8959
136.2315,36.5489,110.9888,190.6622
138.1558,38.8514,109.4713,190.8633
140.6547,40.7428,108.0235,190.8181
141.1380,46.9120,106.2296,187.9577
140.1577,51.1523,105.8388,187.0326
135.1495,54.9556,105.8390,183.4561
132.2916,60.6507,106.4003,180.3404
135.8802,66.3985,106.2957,176.8673
137.7351,71.8727,105.1221,174.9358
140.4255,77.5595,102.6384,171.1780
143.0961,82.9472,100.8740,167.3273
142.8495,87.2219,100.0843,163.5339
143.3298,89.6617,99.9684,160.3973
142.9829,90.3975,99.7858,157.8312
142.1845,91.9233,99.3006,155.1596
138.6821,93.7684,99.0127,153.9389
138.0426,94.4237,97.9775,152.7947
137.8134,94.4008,96.6319,152.0345
135.6276,97.2414,97.6687,150.9140
136.1594,99.1384,97.1793,149.5632
136.7399,100.6149,95.1138,147.0959
139.1342,100.6084,92.9574,146.2752
142.1249,99.0292,90.1524,146.5630
146.7698,96.7262,86.9076,146.9050
149.6527,93.2549,85.1501,148.8555
153.3383,87.3964,83.1739,150.8027
153.7347,86.9141,82.7562,149.7921
156.2932,88.6311,81.0394,149.4878
160.3067,89.3840,81.8838,148.8579
166.6182,89.4183,81.8099,149.5501
173.1866,89.3977,81.4939,148.9822
178.5359,92.0175,80.5201,147.7836
179.2233,95.3205,80.4608,144.5220
181.0731,93.9859,80.8684,143.5109
180.2691,92.7356,80.4322,142.7503
182.4769,93.0697,79.2370,141.5093
185.5350,91.4428,78.6600,141.8530
187.3406,92.3526,78.2126,140.8547
189.4778,92.5441,76.6971,140.3484
193.2110,90.5951,76.5810,138.2262
199.3612,92.8762,75.9063,135.3466
202.4334,93.2036,75.8272,133.7038
206.5370,93.5146,73.3575,131.5245
210.9769,91.7030,71.8571,132.9460
212.8668,91.7439,73.3689,133.4269
216.5997,90.4679,75.7618,134.6919
219.6454,88.0064,78.0284,136.1679
223.4827,85.8251,78.1891,137.8616
226.4941,82.2925,78.4391,141.8195
226.4316,79.2798,78.0357,143.5169
223.0497,75.6166,77.8685,145.9429
223.3520,73.8431,77.2814,147.8894
219.6562,72.8539,77.3211,147.8204
215.2102,72.6530,76.8773,147.5277
209.4152,72.3312,76.8518,146.8874
206.3046,72.7893,76.9320,144.9426
199.7576,75.0960,77.4484,142.6127
194.6896,76.6712,76.5038,141.3489
190.1149,79.3631,75.1099,139.4673
188.1581,81.5637,73.2447,136.7456
185.6101,83.4930,71.4588,133.8496
184.9464,87.2272,70.2766,129.8411
184.0235,90.7994,69.2533,126.4152
184.3676,94.3524,68.6566,122.9623
185.5391,96.9418,66.9667,120.7572
187.5184,99.7961,64.4181,118.1858
186.9083,100.4912,63.3824,115.5929
184.5842,102.5255,63.7618,113.5319
185.7315,103.6399,63.8432,112.0588
187.7915,104.1113,63.7073,111.0987
189.9478,104.8199,63.6372,110.0254
190.2363,105.3958,63.5572,109.6026
188.3086,105.4732,62.9499,108.7555
185.1794,104.8710,62.4467,108.0659
179.0748,103.2209,62.4596,108.1436
175.8585,104.9023,61.6217,107.9157
174.5386,105.7780,61.7361,107.2124
176.4154,106.7543,61.7398,107.0331
179.0766,105.8240,61.3976,107.4660
181.6405,106.9257,61.2658,107.3992
181.1322,106.6728,61.6814,107.5767
179.5587,106.8257,61.2096,107.7417
178.4678,106.4474,61.2337,108.9882
177.5354,106.8855,60.7401,109.2975
178.2448,105.2984,60.1786,110.9451
179.1384,108.3325,58.8097,110.5890
180.5488,109.5661,59.1999,109.6140
184.9740,111.9261,58.9341,108.1547
187.3496,114.1578,57.6771,105.5229
188.5944,115.8415,56.9298,104.2551
189.9870,117.2335,56.3569,103.3628
193.4646,117.4604,56.0085,102.9000
193.6792,117.3145,56.2407,102.8096
194.1398,119.9965,56.2719,101.8108
196.8981,119.8314,56.9092,102.2432
199.2881,116.7967,58.3978,103.5215
198.4327,115.0236,59.8095,104.7072
198.5314,115.0353,60.1176,105.2887
197.1152,113.3489,61.4056,105.8213
194.2218,112.4975,63.3931,106.3628
192.4849,106.7102,64.9477,109.1582
186.8621,102.8283,65.3749,113.0485
180.3156,99.3474,66.7673,115.7201
177.4984,94.9694,67.6681,118.6827
179.4337,91.6280,68.0507,119.6876
180.1574,91.1860,68.7420,118.7010
178.5745,91.3745,69.4576,117.7313
179.1950,91.7992,69.5889,116.7748
180.6941,91.1496,71.0813,114.6227
181.9923,91.6213,72.6470,112.2236
183.3043,91.3705,73.3420,111.8267
184.6156,89.8547,73.0104,113.2239
183.6440,88.2402,72.6536,114.9560
187.1184,87.9096,71.2581,116.9139
189.6053,86.5474,70.4760,120.1325
191.4814,85.0299,69.6856,122.8782
194.5743,81.3944,68.9032,126.4195
196.6323,78.8521,69.0280,127.8174
201.4039,78.3061,70.7393,129.6026
204.3177,80.6615,74.5439,129.2510
207.0976,82.2555,77.8442,129.3192
212.1484,80.3357,79.3861,129.3693
216.6982,76.7483,79.4892,129.1147
219.1547,76.2388,79.1103,129.7115
223.3521,75.0859,78.4841,130.0113
227.9529,73.4708,78.9621,130.5067
234.4592,71.1471,79.6075,131.0455
239.0868,71.3092,79.6163,131.4791
242.3036,70.3214,79.9838,131.5347
244.6414,69.0364,80.7566,132.1192
248.2299,69.1556,81.4567,132.2413
251.0951,68.6188,81.8401,133.4423
252.0054,66.6477,81.3373,135.5109
252.3777,64.7334,81.2984,136.8680
251.9335,62.0371,80.3531,137.8708
252.1346,61.3321,80.2044,138.0264
255.3729,60.6903,78.7133,137.9635
258.7516,60.9518,77.4883,138.4731
262.4941,60.9167,77.3105,139.4700
264.2388,60.3598,78.6603,140.5304
266.8804,59.3633,79.5327,141.3859
267.7645,55.6788,80.2653,144.3335
266.7319,49.6196,82.2042,148.3374
267.3182,47.3279,82.1571,151.6503
265.4376,45.0763,82.4162,154.3122
263.6101,38.7281,83.9191,159.2328
262.1577,34.0466,84.1485,163.6599
259.0796,33.9095,84.6272,165.0511
256.2404,34.2524,85.0518,165.7141
250.6765,35.3586,86.1830,166.3037
245.0330,36.0043,88.2530,167.3978
241.3136,39.5985,90.4753,168.4185
236.0271,45.0183,93.4457,169.4960
233.9199,46.7247,96.0096,173.3710
232.7292,50.8265,98.4901,176.1929
234.2304,54.4437,100.4454,177.7695
229.9741,55.8537,101.4147,180.1601
223.0332,52.5803,103.3475,185.0114
215.7442,52.6404,105.1823,189.8439
207.6423,53.5889,107.0294,193.6484
200.4830,54.6527,107.3932,196.3586
194.4443,52.2433,110.4938,200.8600
192.1107,49.2525,111.2282,207.8850
188.1086,47.1880,112.4073,215.5488
184.5701,43.8929,115.2599,220.0821
174.9960,37.4585,119.3668,227.1226
161.2226,34.9793,122.7013,232.1915
148.4725,32.7037,126.1060,236.9892
133.9003,29.0833,127.6739,242.1235
117.2635,23.2484,127.4959,246.4520
100.2827,16.7874,125.9953,247.9456
87.1946,12.1106,125.3255,248.9731
76.3840,9.4231,126.9784,250.7038
66.0346,9.8583,128.6954,252.1066
60.1225,12.2074,129.0836,250.4359
57.1998,15.6514,131.9177,250.3888
53.0352,15.8916,134.5941,251.9394
52.0943,21.6082,136.4173,249.5790
55.0206,29.5212,133.8783,245.6914
51.1919,35.3081,132.0418,241.0559
50.0998,39.7268,129.4948,236.2254
48.8200,44.0471,129.6896,233.0186
45.3198,50.4956,130.0525,227.8161
40.0052,57.4089,130.8011,223.4045
35.7893,62.7275,128.9382,217.7658
33.2329,68.7539,126.0437,212.5862
36.5689,71.9578,122.8733,207.2625
42.6381,75.4404,119.1437,201.8838
47.4548,79.1951,117.2435,199.2314
53.8383,82.6221,113.7721,193.3379
57.3978,83.0250,111.4852,190.4629
59.6976,85.6560,108.8647,183.5939
58.9798,88.6769,107.6188,179.1634
62.0052,87.9896,104.6871,172.1954
63.8676,90.2968,102.9575,168.1195
68.2722,88.0253,100.7817,162.7179
70.0139,90.0123,99.1578,158.6719
76.8093,85.1273,96.5640,155.2229
79.9226,86.7958,95.2862,152.5752
88.2165,82.5297,93.0150,149.6655
91.0520,83.0975,91.1850,147.7964
96.9016,84.5860,87.8774,143.2569
96.6222,84.5621,86.0972,141.3706
96.2787,82.8964,85.3719,138.3319
96.3172,83.8529,83.8208,135.9918
95.9403,83.5171,84.0301,133.1520
94.7854,85.6438,83.0740,131.0196
98.0358,83.9612,83.0572,129.7946
97.0751,84.6165,82.2264,128.9309
98.8339,83.0349,81.4034,127.7165
98.0590,83.0075,80.7097,127.9112
98.3366,83.0616,79.7036,127.1327
99.6632,81.9162,79.5985,127.1042
104.3461,84.3527,78.0490,124.5884
105.7520,85.9177,78.2637,122.9251
109.5556,86.1711,77.2503,122.0785
111.7524,85.8005,77.5317,121.8837
112.1649,85.2173,77.0739,121.7874
112.5567,84.4522,77.2487,121.5649
116.4636,83.0646,77.1170,122.6152
116.5219,80.1426,76.6901,123.9398
120.8648,81.5967,75.8530,123.3911
120.4397,85.0127,75.5979,122.1826
124.8601,83.7481,74.8616,120.7169
127.1343,82.8252,75.8105,119.8764
132.1329,80.2625,76.6205,120.1814
133.6761,80.5467,76.8275,120.0838
136.1945,81.8220,74.9850,119.7980
135.2253,82.0275,73.4956,119.2066
136.3884,81.7280,72.9234,119.1921
135.3183,81.6014,71.8343,118.3157
141.1823,83.5285,71.9010,117.6289
143.6909,83.6544,70.9573,117.3470
149.4662,87.0893,70.8203,115.8103
150.2351,87.7299,70.6606,115.2334
150.6631,89.0409,71.7285,115.3087
148.7221,89.4451,72.5173,114.8566
147.7503,88.0322,73.9688,115.6797
146.2980,88.1319,74.1297,115.9476
146.6856,85.5229,73.9141,118.0928
144.5523,84.7734,74.1724,118.8207
146.0390,83.9045,73.9036,118.2689
147.9465,82.3407,74.2025,119.4702
151.2231,80.3948,74.0253,119.8353
153.4029,78.4624,74.5132,120.9568
156.4174,76.7548,73.5667,122.0308
156.1502,74.0593,75.2336,124.9324
159.7089,70.4538,74.4833,128.1315
