1
700.5939,240.5372,34.5697,71.7136
698.3027,239.2510,34.7898,71.6873
694.7119,237.3857,34.7917,71.8603
690.7798,235.8848,34.5914,72.3464
687.4794,235.0580,34.4182,72.0349
685.5369,232.3488,34.4947,72.0283
684.1555,232.7753,33.9798,70.9856
681.0132,233.4836,34.9898,69.6848
678.3853,234.4643,35.7376,68.4982
675.9341,237.0321,36.1876,67.7743
673.7395,241.0083,37.0728,67.0885
671.1619,242.8670,37.4049,65.9788
665.1107,242.9403,37.7700,64.3257
658.7385,242.1439,38.1915,62.1091
651.9696,242.5742,38.4693,60.1256
647.0013,242.5996,38.8753,59.4670
642.8149,242.6695,39.5339,59.0648
637.6385,244.5691,39.6649,58.1438
633.1500,245.4219,39.8200,58.1492
630.5904,245.7686,39.7879,58.5667
627.5862,245.5108,39.6433,58.3336
624.0930,245.3401,39.3677,58.8348
622.0150,243.9618,38.0428,59.1226
619.3455,242.9989,37.9034,58.7689
615.7455,243.5490,37.7979,58.2340
613.0026,242.7486,37.1866,58.0271
609.1342,243.5736,36.8256,57.5894
607.2562,241.6668,36.6520,56.8740
603.8687,242.3828,36.6416,55.5633
601.1424,242.6574,36.1076,55.1591
597.3979,242.6769,36.1136,54.5619
596.0911,242.1543,35.3456,54.6112
593.5984,241.9982,35.1301,54.6235
591.9169,243.5347,34.8024,53.8893
588.4291,242.8007,34.7788,54.5859
585.7057,243.6518,34.2595,54.6210
582.4391,242.9189,33.5988,54.9277
579.5204,242.9452,33.5068,55.4426
576.6524,243.9729,33.2377,54.8846
572.5731,243.8733,32.7192,54.7936
569.4666,242.8098,32.4774,55.6505
566.5312,244.1165,31.8701,55.0236
564.4885,246.2415,31.0468,53.5319
561.1741,245.1620,31.2801,53.6911
558.6179,244.9158,31.3434,54.8716
553.7679,246.3700,32.1959,55.0211
549.8822,247.7418,32.4191,54.8188
545.9988,247.1881,32.5668,54.9565
543.2823,245.4121,32.7090,55.7575
541.4932,246.8402,33.1715,55.6191
539.7293,245.6820,33.5106,56.1662
538.1514,244.0781,34.1409,57.3359
536.2501,243.1996,35.0280,58.6973
536.3571,241.3613,34.9969,59.4586
535.2987,240.0954,35.4510,60.3843
534.1765,239.9328,35.9199,61.3569
533.2116,240.8814,36.3010,61.9211
532.6155,243.1290,36.3648,61.0633
530.9057,243.4139,36.4449,61.3522
530.7024,244.3195,36.5759,61.1500
530.9020,242.0752,36.6830,61.0902
531.4636,240.7076,36.5966,61.3378
530.8019,240.7370,37.0197,62.5965
530.2354,239.4419,36.9827,63.2717
530.4093,237.2689,37.4603,64.3145
530.7189,237.0830,37.5159,64.3669
530.2043,237.1083,38.1943,64.1705
530.3419,234.9236,38.5697,64.5801
530.2424,233.2338,39.3031,64.6565
531.3710,232.5026,40.2874,64.9537
530.9685,232.7959,40.9114,65.1178
532.0117,231.7921,41.4048,65.4355
532.9248,231.0304,42.3432,65.6921
533.2254,231.1328,42.7275,66.3906
533.2890,230.4547,43.3542,66.9301
533.0512,230.9709,43.6408,67.2690
532.9476,230.7328,43.3976,68.2548
532.7451,231.2147,43.4098,68.4313
535.2849,229.7956,43.3810,67.7435
539.3028,230.8195,43.1806,67.5634
542.2183,231.0306,43.2622,66.7948
545.8482,230.4284,41.9491,67.7578
547.5433,230.4105,41.2313,67.4352
550.2376,230.8188,41.0184,67.1516
551.9315,231.4823,41.4299,66.6347
553.6283,231.7672,41.9175,65.9225
554.8925,230.9353,42.5340,65.1018
558.5881,231.2417,42.4010,65.1583
559.8593,231.9100,42.4603,65.6475
561.2126,231.4497,43.4990,65.0670
561.8018,232.1559,44.0203,64.8107
565.2701,231.8519,43.2670,64.1818
568.2773,231.3743,42.7271,64.1083
572.1256,232.5193,42.1206,64.1349
574.4898,232.8825,41.2998,65.1389
576.3926,229.9399,40.6842,65.2781
577.7545,229.4578,41.0128,64.5134
579.9082,229.5878,41.2724,64.0518
580.4285,229.4095,40.9389,63.0413
582.8164,228.8719,40.6394,62.5516
584.7236,230.1715,40.7557,62.7675
586.1562,228.8334,41.0073,61.5486
588.4564,230.2365,40.5490,61.5472
589.5848,229.7388,40.1384,61.7885
590.2776,230.6040,39.7729,61.5561
592.6842,233.4334,39.7913,61.1684
593.2465,233.0458,40.0281,60.5552
595.1855,233.2835,40.2004,60.1352
595.8848,233.5625,40.3464,59.8576
596.9227,234.1502,40.5066,58.8552
598.2245,233.8263,40.3299,58.0364
597.2915,233.7249,39.3235,57.1787
597.8333,232.9238,38.5276,56.2935
596.8451,231.8133,37.3151,55.6869
593.5625,233.4550,36.3311,54.8301
588.8048,232.9014,35.4223,54.1789
582.4157,232.3846,34.3795,54.1424
576.8895,231.5290,33.8965,53.7237
571.1843,230.7591,33.1854,53.0708
565.2135,230.7069,32.6485,52.5791
559.5299,229.7319,32.2183,51.8895
551.9282,229.4667,31.5454,51.5132
544.3430,230.2073,31.5877,50.1750
536.4103,229.9734,31.7150,48.6967
528.1488,229.6241,31.5648,47.7714
520.1394,229.1639,31.5795,46.6654
512.3851,227.6316,31.4311,46.4708
504.5212,227.3299,32.0320,45.5232
496.4973,227.3541,32.3850,45.0333
486.7552,228.4343,32.7581,44.6093
475.1564,228.2787,32.5273,44.5673
463.7843,230.5357,32.4297,44.3547
451.0084,234.2159,32.4882,44.1934
439.2084,236.0594,32.4025,43.9004
426.4579,236.8442,32.4720,43.8156
412.7834,238.0025,32.8994,43.3993
398.6044,237.6264,33.2674,43.3831
383.4990,236.7300,33.3020,43.9562
369.8598,235.2612,30.3449,47.1446
355.4541,236.5727,28.9051,48.9525
336.8330,236.1170,28.9479,49.4705
317.0673,237.1186,29.3121,50.0141
294.5104,238.4315,28.9148,50.6643
277.6530,239.6343,28.2106,51.3056
261.9879,242.4179,27.4829,50.4961
244.1273,245.6976,27.1165,49.0872
226.3775,248.0196,26.8389,49.0468
207.4807,250.6244,27.0414,48.3083
188.4381,251.2430,26.6638,47.1258
169.3280,251.0388,26.0591,45.9447
157.6078,251.4774,25.3952,44.6372
146.6698,252.3966,24.4402,44.0046
135.3479,254.3946,24.1406,44.1908
124.4202,257.0681,23.4432,45.7597
110.3210,257.8381,22.8344,47.2986
96.9840,257.9010,23.5511,47.8698
89.2355,256.8593,24.0014,48.1883
85.3416,257.1622,24.1751,49.0404
83.5747,258.5771,24.5300,48.7413
83.6764,259.1277,24.6189,49.1670
84.1690,257.1497,24.7408,49.6566
84.5958,256.1761,25.1092,49.7862
86.5377,258.0000,25.1459,49.3846
90.8850,260.1382,25.2204,49.8776
94.8864,263.0001,25.5557,49.3912
97.5746,264.8055,25.6679,50.2473
97.8920,268.3362,25.7931,49.5513
98.2621,270.2445,25.7464,49.8699
97.5155,270.1793,26.1207,50.4604
97.2857,270.1298,27.1793,51.4893
97.4957,268.8182,28.1271,52.7005
99.0072,268.1611,28.8841,53.7056
100.2800,268.9406,28.9562,55.4151
103.4021,270.2997,29.7739,56.4310
106.9042,272.2435,30.3777,56.6141
111.6162,273.9511,31.0589,56.4298
118.5117,272.8517,30.2284,57.5546
126.2312,271.8524,30.1860,57.7842
134.9478,269.8504,30.3020,56.6674
144.7915,267.9423,30.2734,56.1084
154.4088,268.4352,30.0364,56.5552
165.8487,267.6631,29.7247,56.0186
177.4471,265.7075,29.5854,55.5097
187.6515,265.8433,29.5101,55.4746
195.8468,264.2927,28.2860,55.2621
202.6690,264.3430,27.8862,54.0629
209.1088,266.0314,28.1186,52.8766
215.4751,266.8196,27.9056,52.0106
222.2201,267.2910,27.2145,51.6125
229.7518,269.4514,26.9743,51.2959
236.6939,270.5417,26.8064,51.4484
243.7981,270.9815,26.0049,52.5033
251.6304,269.6806,25.4193,52.2687
258.5154,267.4482,24.4726,52.2895
264.3451,263.4386,24.1548,52.6847
271.1051,262.4361,23.6073,51.9425
278.7793,261.3185,23.3775,51.6513
287.0457,260.2976,23.2406,51.0173
295.3212,261.3084,23.1051,50.6959
303.8340,261.4362,22.5693,50.3293
312.0961,262.6225,22.5023,49.7286
320.5509,260.4452,22.2773,49.6159
328.0088,261.8050,22.6963,49.2591
335.3613,261.0333,22.5717,48.4915
341.9518,259.4161,22.3336,47.7965
349.4157,259.7355,21.4352,48.3782
357.0435,258.8223,21.6736,48.8151
364.7353,258.0414,21.5049,49.5846
372.2253,258.0794,21.7389,50.2292
379.7324,256.9695,21.9655,50.8554
385.8494,257.4497,22.3080,50.6533
393.2130,258.6424,22.9163,51.0802
397.4187,258.1802,23.6104,50.9384
404.1330,258.8370,23.9985,50.0507
412.1993,260.3979,23.8660,49.6007
421.6839,260.3846,23.7288,49.6091
430.8248,259.1673,23.4895,49.7033
439.1371,258.4688,23.7327,49.6344
446.5969,257.3226,23.7359,50.1826
453.4424,257.7454,23.9018,50.3662
458.6823,257.9445,23.8061,51.2320
466.4224,258.5818,24.1796,51.3491
473.7232,260.9573,23.8686,51.5389
481.4236,260.4615,23.2829,52.4826
485.6841,261.8209,23.1833,53.7330
489.6432,261.9083,22.4561,54.4441
491.5253,261.9280,22.4855,56.4415
492.8423,261.3018,22.5021,56.9536
494.2436,258.5584,22.5175,57.3732
494.7988,253.6745,22.6268,58.8147
495.0516,251.0433,22.9185,58.5397
494.0042,250.4812,23.3065,59.6154
494.0095,251.7594,23.9318,61.3902
493.3925,251.0623,24.7302,62.7069
493.4982,252.4707,24.8947,62.6825
493.7460,253.5152,25.4500,63.2438
494.3636,255.0166,26.3041,62.6194
495.7592,257.8283,26.5013,63.4679
495.8550,259.0731,27.2534,63.1481
495.2846,257.4445,27.7042,62.7794
490.1481,256.7062,28.5726,60.1394
480.9818,257.3005,28.5108,59.3967
467.4950,256.8793,28.6811,59.2562
451.2106,256.1821,28.5207,58.0523
434.6695,255.2667,28.1328,58.4670
419.1683,253.3557,28.6080,58.3935
404.0502,252.8897,28.4953,58.6540
390.9620,251.9941,28.7943,57.5994
377.1680,255.2055,29.0386,56.1778
363.4641,257.5328,28.9972,55.6746
350.2769,259.5834,28.5257,56.2719
338.0454,260.7651,28.0802,56.3986
325.5881,263.3311,27.5897,56.1629
314.0743,263.0842,27.2128,56.8584
303.9202,263.9894,27.2493,56.4399
294.7799,265.3683,26.8348,57.3050
288.4510,266.7645,26.7558,57.9517
285.6197,268.3528,27.0887,58.6167
282.2644,271.4050,27.0226,58.3217
276.9778,273.3245,26.8500,59.1677
271.1894,276.5065,27.0405,59.7297
265.9472,279.0841,27.1322,60.6325
259.4886,280.2989,27.3827,60.3168
252.5816,283.3064,27.5449,59.7115
242.8220,285.0507,27.0161,60.6199
232.1491,289.1857,27.3366,60.8194
220.8019,292.9503,27.7458,61.6300
210.0587,293.6810,28.7795,61.6294
199.2765,294.5943,29.5801,61.1373
187.9291,295.6482,29.9255,59.3385
177.8813,295.7167,29.5436,58.2007
170.4562,295.8900,30.0963,58.3862
165.7245,294.0189,29.5014,58.2453
167.6096,293.4976,28.8223,56.9149
171.2688,294.7053,28.4110,55.2481
175.8188,295.8851,28.8007,53.8535
176.6293,293.0211,28.8841,54.5937
179.8262,286.6799,29.5089,52.8494
189.9464,292.6955,29.4485,52.0919
191.3744,288.1189,29.0844,50.4149
202.3197,288.8579,28.8102,49.3633
203.2549,290.3253,27.8915,49.9449
208.8592,296.6778,26.1472,50.4254
216.8079,300.7862,25.2827,51.4606
223.4266,302.1625,25.8023,51.5748
229.3047,303.9682,25.8039,51.8516
232.1193,301.8788,25.9124,52.6336
240.1123,300.7923,27.0357,52.5309
243.1548,299.0109,27.4308,52.4542
241.0491,298.1869,27.6871,52.8024
249.4361,297.9901,28.1035,52.9209
253.9239,296.7422,28.7136,53.5489
259.3929,296.4182,28.7779,54.0934
264.2850,295.6852,28.7184,55.3216
269.2320,296.2386,28.4695,56.6092
273.0963,295.5676,28.8519,57.2620
277.5658,294.9778,28.7331,58.3630
284.7752,296.9011,28.5887,58.2868
290.9475,296.7470,28.6800,58.2954
296.7056,297.1088,28.6899,58.0367
301.8819,293.9855,28.8842,57.6862
306.8387,293.5943,29.0472,58.0027
310.3944,294.8617,29.1174,58.2024
316.5526,295.6589,28.5645,57.0713
324.2185,292.7682,27.8078,56.3326
333.4723,293.0838,27.2428,55.5990
339.5747,292.9977,26.9437,56.2119
344.1926,293.2102,28.1379,56.7108
348.4470,291.8741,29.1206,57.3370
354.2291,291.5490,29.9623,57.8648
357.7198,293.2334,30.9409,58.3178
360.0155,294.0432,30.0122,59.3826
362.4133,295.2654,28.8507,59.6403
365.3280,287.6180,28.3337,60.7578
372.5337,291.9180,27.5723,60.9719
372.6109,289.7148,27.1387,61.0897
371.7342,286.6935,26.8139,61.5511
368.7949,287.2262,26.5594,60.3475
366.8760,289.9433,26.8963,58.5984
365.5504,290.6992,26.9995,58.2316
370.8906,288.3470,27.3587,57.9864
375.8995,291.2828,27.1131,58.0434
379.4462,290.6871,27.2711,58.7830
380.7385,286.1590,28.0429,57.9989
381.1768,287.9168,28.7961,57.5486
381.6219,287.7279,29.0698,57.9270
382.3896,278.9871,28.5640,59.1606
383.8676,271.7210,27.4775,61.4160
385.6753,273.0505,27.4029,62.1557
385.5870,269.4710,27.1877,64.3008
384.8048,268.2613,27.6504,64.6628
383.9328,266.7831,28.1318,64.4417
383.7541,267.4147,28.5409,63.5292
383.5193,263.6036,29.0332,63.6138
384.2728,263.5748,28.7267,62.8914
386.6881,266.4614,28.2758,62.1754
392.3781,272.4005,27.6777,61.0729
396.8922,275.9322,27.2209,59.2514
396.6270,278.6851,26.3004,59.0094
390.4532,289.2760,25.9693,59.4818
399.7950,307.1674,25.7017,58.5550
399.4169,310.6998,25.0695,57.1234
399.1672,307.0271,24.5243,55.8786
2
0
0
0
0
1
361.7603,292.8710,19.7285,21.9169
358.4656,292.4147,19.2968,23.5679
354.9791,290.2212,19.1832,24.0544
349.7145,290.0129,19.3534,23.5788
342.6628,288.1850,19.3034,23.0809
336.0584,284.2413,17.9671,24.1247
327.9020,286.0235,19.5782,22.2169
318.7180,284.7049,20.2484,21.2442
299.7791,285.4801,20.1636,21.2464
288.6858,286.9682,20.0788,20.9581
277.7103,289.0570,19.5040,20.8243
265.5393,291.1549,19.0456,21.2803
253.9541,293.5724,18.8076,21.4985
243.3001,295.2910,18.6554,21.6218
233.5480,294.6268,18.3454,21.7707
224.8361,290.8525,17.8791,22.5931
216.8222,289.6803,18.1369,21.9669
209.1340,289.9282,18.0783,21.6790
199.3900,290.2834,17.8881,21.7580
189.5802,290.4420,17.8790,21.6256
182.9753,291.8096,18.1828,21.2059
175.0774,292.2509,18.0078,21.0669
163.1492,296.8474,17.8634,21.0597
156.2957,296.0393,17.7725,21.0965
153.3839,297.2326,17.7238,21.1777
151.5545,296.8100,17.3194,21.9705
152.9309,297.0781,17.2389,22.1222
151.7641,297.0773,15.7468,23.5134
151.6772,295.2788,14.7648,24.2497
153.0850,295.3248,14.0403,24.6339
155.2346,292.7211,13.0971,25.9315
156.3640,293.1848,12.3529,26.2771
159.4556,289.1709,11.7214,26.9618
153.4516,293.7043,13.2562,24.8530
154.7347,293.3092,12.6708,24.8969
153.1780,291.0670,12.4444,24.6631
152.5170,291.3467,12.3864,24.8723
149.3182,293.8265,12.2955,24.9676
147.8123,293.5965,12.3423,25.1423
143.5168,295.0816,12.2196,25.4961
138.6984,296.8817,11.7662,25.9697
133.4422,299.7956,11.5909,26.7398
131.0471,296.9100,11.9690,26.8314
134.1043,295.7596,11.9094,27.4350
137.9581,296.8603,11.0745,29.4148
141.1230,296.1533,11.8301,29.0040
143.8050,294.9694,12.0997,29.3156
148.1964,295.0044,12.5690,28.8588
149.6597,294.8277,12.7812,28.8085
149.0171,293.4835,12.8718,29.0413
147.1075,292.9773,12.7477,29.5311
142.1256,292.5060,12.6296,29.8196
