1
536.7944,242.0262,41.1959,15.5607
540.1405,245.6492,40.0509,15.8682
543.0867,248.3450,37.6655,17.6895
545.4393,252.0671,36.3520,19.1860
546.9539,256.3331,37.0458,19.2831
549.6739,265.8275,36.7313,19.3299
550.8538,268.4615,36.4528,18.7407
551.4070,271.8922,36.2536,18.4059
553.8858,275.6044,36.3455,17.8832
555.7600,278.1003,36.6230,17.3885
559.3647,282.5257,36.1064,18.1099
560.2053,285.3312,35.5253,18.8965
560.8247,289.3855,35.7594,18.8649
562.6078,292.9635,35.6134,19.0437
563.9476,297.0482,35.3709,19.0195
564.7216,303.2658,36.8610,17.6700
561.9595,305.9132,37.5827,17.8004
563.2869,306.6807,36.7253,18.1942
560.4203,310.6335,35.8493,18.5087
557.4675,315.8954,36.1964,18.1913
558.4810,325.9164,37.0648,17.6372
561.0021,331.4844,37.6633,16.5707
562.2681,334.3088,38.3547,16.2820
561.6156,336.9132,38.1363,16.5114
560.5120,340.2835,36.2682,18.0602
560.7831,348.7154,36.1246,17.7497
560.4341,352.5092,38.2049,16.4005
560.1527,353.6812,38.2036,16.5023
561.9003,353.8976,34.3651,20.3664
562.8323,358.8251,32.3104,23.0161
565.2515,361.9451,31.7763,23.8913
566.3997,364.2481,31.1954,24.5971
566.9700,367.1851,29.6746,26.2674
563.5382,366.4233,28.9322,27.1367
562.1055,364.0903,28.1203,27.4888
573.6674,354.9639,28.4093,27.6936
576.2355,345.5769,29.1857,27.9687
576.7209,339.7703,26.2424,32.0605
584.9446,344.4733,28.2371,30.7912
582.5159,345.8109,30.2026,29.4939
570.7656,338.7860,27.0391,34.6345
562.1407,338.8555,26.9369,34.8045
561.6697,336.4942,27.3716,34.2366
562.9336,334.0513,26.8903,34.8735
560.7426,331.3881,29.6753,32.6825
549.8801,322.7312,31.0775,31.7024
547.9037,316.3819,31.8681,31.5157
549.2021,313.4341,32.8944,30.7202
548.5632,309.2243,33.3189,30.7170
546.1899,310.0652,36.5236,27.4493
540.4980,312.2964,40.1350,24.1518
549.6230,311.4302,40.1446,23.2920
533.3614,308.5498,40.1165,23.0135
533.3510,307.5627,40.3148,23.2021
533.1929,309.2143,40.7944,23.1447
534.7990,315.8442,43.2910,20.9351
531.5867,318.0749,44.0083,20.6816
534.3690,319.6314,45.1108,20.1180
536.4095,317.6428,44.3320,20.6122
534.7662,323.4460,43.9256,20.6206
531.6281,329.0680,44.5700,20.7779
533.8061,333.5249,43.7388,21.9904
536.8777,340.3647,43.7968,22.8448
539.1051,340.9956,43.2507,22.9299
539.0845,338.4024,39.2796,27.9715
540.4083,352.4983,40.8681,26.6535
538.1326,358.6981,43.9371,24.2330
540.8569,359.6120,43.2313,24.1891
536.6035,353.2353,37.9368,29.8963
541.7335,361.9872,36.2136,32.1234
542.0601,363.1335,35.7352,32.0628
542.4306,359.5276,35.4174,31.9755
542.9191,354.5766,34.7142,32.3770
542.6633,348.2690,33.5879,34.5207
543.5458,350.8835,34.6032,33.2707
544.6418,349.3302,38.7207,28.7342
543.3305,349.6876,42.2852,25.0390
544.9312,348.0453,43.3856,23.0524
544.0261,345.7074,42.9082,22.7570
542.6486,340.2581,42.9234,23.5473
544.5235,340.9769,43.2253,23.1898
548.7972,345.2598,45.4791,21.2723
554.2427,347.0654,47.4383,20.3995
556.6334,347.1550,47.4453,20.6417
559.9838,345.3131,48.7477,19.6407
564.1953,344.6259,48.4352,20.6166
571.6974,327.2822,42.4830,28.0280
583.0709,333.3622,41.9392,29.5046
584.6588,349.2849,46.1231,26.3066
581.5087,355.8130,47.8486,24.1505
573.5359,358.5968,46.6159,25.5510
575.7254,358.1916,43.5913,30.2288
574.0160,361.9646,42.9331,31.7229
574.4487,369.5320,46.5700,29.0352
578.4438,374.2759,46.7556,29.4078
583.1041,379.9463,44.2283,33.5276
575.3256,381.1195,47.0062,31.5942
585.4131,390.0183,49.7552,29.1048
590.2394,391.3043,50.7449,27.4822
596.4156,391.1443,49.2026,27.6590
595.9298,392.8256,45.6881,30.2943
597.3799,391.0612,44.0796,31.5533
596.6548,389.9898,43.0584,32.0054
599.8336,384.5064,42.0309,33.6025
599.3829,378.0597,41.2444,35.0165
608.9972,364.7846,39.3718,38.0531
612.9379,365.6985,41.2165,37.5237
605.4966,368.8482,45.9892,32.6093
606.9064,367.2463,47.7374,31.1973
611.3242,356.1428,48.3707,30.7383
613.7123,356.9499,49.5981,28.7269
608.0072,357.2368,50.2311,26.8901
607.5240,348.5226,51.1242,25.7413
612.4043,342.5365,50.1834,26.3331
616.9160,334.5793,47.4565,29.8113
611.3627,315.0703,40.4164,37.9029
613.4986,310.9171,39.6612,40.5080
611.6749,311.5403,41.3777,38.6068
612.0212,307.6268,43.0823,36.5287
612.6209,302.2632,44.2834,35.4096
606.1778,291.8947,42.3467,37.7182
603.1864,280.2791,41.2520,39.6379
602.2501,281.2124,42.7470,38.7651
603.4662,281.5692,44.4626,37.0595
602.9697,279.8902,45.3475,35.4490
601.1834,268.3665,44.2533,37.7600
600.5343,267.1665,42.3282,39.4871
600.3784,265.6519,41.1641,40.5514
599.5386,263.4188,40.7154,41.5633
602.8252,261.2365,43.2961,39.5842
601.3370,251.0917,42.7446,40.4353
594.9127,250.9550,41.6949,41.0139
593.4144,253.5161,41.1391,40.9380
591.8220,244.0931,38.4640,43.3959
593.4592,240.2756,39.1996,44.2377
583.2252,254.8260,45.8546,36.8404
584.8177,250.1544,50.5004,32.5213
582.7690,248.0738,52.6633,31.1601
584.6708,244.0950,48.4311,35.7657
590.3682,239.2151,46.7595,37.8233
593.0234,250.6180,51.6021,33.1816
588.2870,259.5083,54.0963,31.0314
594.2585,259.2076,56.3670,28.8396
591.2640,254.5754,58.2540,26.8555
591.3561,252.7833,58.3479,26.2347
593.3652,256.8662,56.4954,25.7813
593.7953,259.7669,56.4018,25.8347
591.3002,262.5646,56.6381,25.9880
589.9657,267.7832,57.7334,24.9140
585.6041,273.0631,57.9205,24.6099
583.4652,280.6970,57.9021,25.0994
583.5190,282.0216,58.0823,25.7576
584.0606,284.4461,58.6018,27.1850
583.8751,288.7699,57.9911,30.0892
586.7246,297.7391,59.5675,30.0697
587.6810,319.2154,62.0154,28.9815
591.3483,325.5880,64.1195,27.2164
592.8664,328.8788,64.1317,27.5088
590.5116,333.8572,65.9121,27.4266
596.3328,340.9031,65.9147,27.6863
601.0684,354.0068,65.1618,27.5464
609.9025,360.5268,66.5419,26.5389
607.1375,362.4559,66.7183,26.3475
610.6161,367.4868,68.2946,25.2818
617.9219,374.6500,66.2725,25.7980
617.4916,373.7600,63.3910,28.0913
615.8798,364.0432,57.7150,35.0491
623.1290,372.0948,59.3227,34.9793
624.1863,382.9071,61.2698,32.6611
624.5513,377.6144,60.4436,33.9417
625.3995,375.8813,53.4088,41.2622
626.8978,376.4800,51.3804,45.5488
630.1213,385.0417,52.9402,45.2701
622.3323,395.2303,54.6986,43.3993
622.7052,385.3524,54.4329,44.7889
614.0133,374.7917,51.6192,47.3313
621.6268,378.5776,53.8853,44.5996
618.1884,382.5146,58.0441,39.2725
613.0702,383.1380,57.9974,38.9148
607.1706,367.5726,58.9270,38.0833
605.4114,364.1783,58.0222,38.6777
606.3895,366.3069,56.9251,38.5926
603.1574,366.6356,55.6179,38.2095
599.4974,365.4380,57.4840,34.1136
596.4222,350.1412,58.2762,33.7002
595.4171,336.8132,54.2051,38.1352
596.0458,335.4919,55.0693,38.1745
595.0023,336.6021,53.9365,38.3605
590.2605,335.3098,58.7454,32.9059
594.0790,323.4005,58.7377,31.1333
583.5956,315.0009,58.3986,32.7132
583.9855,304.0816,52.9463,38.8685
588.9127,302.6017,50.9260,41.6017
592.9428,304.9183,53.6806,38.6794
592.1694,306.2521,58.8367,33.4195
593.8472,305.1598,60.2176,31.3882
593.2418,301.6960,61.2604,30.1452
587.1771,294.0647,60.2730,29.9752
584.6005,291.4998,57.6698,31.6511
587.4967,292.9596,57.6709,31.6886
586.9312,296.6996,61.0361,28.1871
589.3041,298.7877,61.8368,26.5484
592.0734,299.4852,62.6733,24.9963
590.8376,297.3279,62.2378,24.5177
587.3923,291.1556,55.9800,31.2486
588.6705,296.0002,56.0130,31.5173
588.0656,302.3123,59.3690,28.3055
586.3339,310.4434,59.2242,27.4219
588.8187,313.3612,59.7806,27.2419
580.3857,311.2715,58.7667,27.1509
576.2869,312.0401,57.9897,27.0824
579.0127,314.8622,57.3247,27.8117
584.3134,322.0531,57.9796,27.4138
588.5728,329.5515,59.2527,26.3131
587.1574,330.3693,59.1397,25.8750
582.0032,325.5127,53.3481,32.3695
586.1776,328.4838,51.8269,35.1320
594.2327,335.8853,53.9206,34.0648
595.4376,343.5799,57.8697,31.5980
595.4635,349.5408,59.8012,30.4338
590.5354,348.3822,57.1844,32.9016
592.4156,355.9044,58.8526,32.6982
603.0217,362.7185,62.1335,31.1160
600.2737,371.1448,65.0875,28.9574
602.2961,374.8035,64.8564,29.6380
604.9730,375.5077,64.7858,31.1305
604.1270,381.3390,66.5760,30.5741
601.7857,391.9409,68.5402,28.9131
604.3549,394.4581,66.7834,29.9657
610.3669,384.0242,59.6303,38.6288
613.0245,391.0622,60.4069,39.2439
618.5328,393.3952,58.7554,40.4906
618.6005,393.6567,57.4140,40.9402
616.8041,386.2566,60.3682,37.4477
617.2112,382.8680,61.1073,37.4108
614.5462,384.6328,63.5918,33.9257
617.3754,384.3365,60.4487,35.0015
617.5566,381.0291,61.6201,32.7881
615.2903,372.2438,59.7459,33.4233
610.2434,368.7836,58.9097,34.3747
607.8951,369.6258,58.4081,33.9625
605.9216,369.1519,60.2776,31.1911
606.2673,366.8920,60.5080,29.8781
609.9861,359.7880,59.5850,30.0210
605.4542,344.4012,52.3700,37.0288
605.6142,344.1066,52.6795,38.3697
605.1888,343.8448,55.7189,34.4815
606.7833,340.8526,57.4086,31.3474
610.9431,339.6583,58.6157,29.7466
603.7747,320.9780,53.6297,33.7664
606.0945,313.3867,48.6067,38.1447
608.8021,310.4918,48.0859,39.3569
611.4282,308.1530,52.2173,35.2265
608.2145,310.7345,55.0186,32.7247
608.9318,296.8386,54.0737,32.8917
607.8941,297.0038,53.9516,31.6036
612.1276,297.3546,53.2034,30.3207
610.7515,285.5014,48.1738,35.6772
616.9599,277.1883,47.6748,37.8403
615.7460,287.2421,51.3317,34.6089
616.8683,281.0482,50.8458,34.5158
610.4547,274.1415,52.8506,34.4967
604.8459,271.3932,48.8994,38.0475
606.2187,268.6325,46.4275,41.0754
609.5848,269.5061,49.9763,38.4526
607.3716,277.3472,53.5239,34.9713
604.7592,281.3072,54.6712,33.5526
605.1530,284.1776,55.3595,31.3627
600.0797,280.7114,56.6258,31.2062
598.1840,287.3984,58.2359,31.5616
594.9678,297.8758,61.6828,28.0936
594.8498,304.8513,60.3577,30.0917
597.6649,310.5773,58.4740,31.7445
594.7817,311.4664,61.0596,28.8020
592.7393,315.4543,59.2879,31.1323
596.1461,324.0357,60.1900,30.0828
593.1592,332.9079,63.6007,28.4163
591.1710,340.4544,64.1743,28.4881
591.4701,344.1623,64.6181,28.8213
592.4593,352.9696,63.9011,27.8584
595.0568,360.8930,63.4910,27.8833
587.3195,367.3278,62.8309,28.0417
587.6392,376.7931,64.1832,26.7266
591.4414,379.4563,63.0775,26.2659
599.5442,375.2703,58.6663,32.7873
600.6986,385.5762,60.8391,31.7858
601.3285,395.9115,63.3874,29.1250
603.8621,396.6576,61.7504,29.4717
602.8710,394.6798,59.9276,31.2103
606.5688,397.8535,62.0948,29.4407
609.2432,405.4577,61.8664,29.1100
612.0114,400.0206,60.2541,28.7681
618.6076,392.6557,54.0117,35.4065
621.7297,386.4291,53.1011,38.6242
624.5200,407.4740,60.6222,32.7172
629.1005,408.1432,60.6444,32.0920
632.8940,405.8045,59.6977,32.6044
635.0750,405.2849,58.3938,32.6975
638.1188,405.8309,57.7230,32.1831
639.9781,414.4986,59.9981,30.2833
645.0137,413.5268,58.5050,30.5041
645.0058,409.2182,57.2196,31.1686
650.7460,399.0264,52.7484,35.1348
642.6781,398.3861,56.3290,33.1012
638.3670,416.3717,53.0829,36.0339
645.1334,410.5321,53.9696,34.7904
646.4750,403.3784,54.2267,34.7439
646.2142,396.2768,55.7372,32.3239
645.3531,397.2249,56.5558,30.8435
647.1047,398.7515,55.9458,31.2586
648.5119,400.4107,62.0824,27.1409
635.8392,400.9829,60.7444,29.2263
623.6943,393.3078,61.8599,29.4522
619.3564,381.5197,56.2117,36.0674
616.2393,377.3332,52.0492,41.7770
605.7504,386.6515,52.5796,40.2154
587.7167,394.6659,55.0649,37.1907
569.0792,388.4379,56.1240,36.7354
555.7467,383.5467,60.2702,34.3559
519.1678,386.2029,62.1294,32.5835
502.5550,384.3922,62.7099,31.5095
486.2290,383.4993,63.7849,30.7083
472.3063,386.0206,60.9714,32.2814
447.4927,382.2579,61.5879,32.8787
421.3271,375.6391,61.9646,31.9589
394.7322,374.6009,62.4051,32.1352
387.5803,360.3910,56.1800,36.8242
364.5823,373.3860,57.9775,33.9993
331.4167,368.5240,58.5900,33.2658
292.8950,357.2680,59.0788,31.4882
265.4149,357.6051,60.4095,29.1460
235.4628,358.2520,62.8053,25.9551
216.2263,349.5349,60.1622,28.5967
194.0525,349.5403,59.8146,28.1596
2
0
0
0
