1
623.9244,666.7540,58.7786,28.3174
616.2015,662.8784,60.5961,28.5542
603.6198,659.6008,62.0282,29.4020
582.6025,658.8912,62.2461,29.5563
564.8859,652.5222,59.9951,31.3748
551.7299,647.3409,56.9515,32.1163
543.5388,644.3157,54.5391,33.3421
532.2585,639.3235,52.3559,33.0699
508.3163,633.6744,52.4806,32.5417
492.0798,631.9144,51.6924,32.8184
471.5388,618.5280,49.1265,34.7942
445.5538,600.2934,46.7671,36.3880
425.8580,582.6573,46.4972,36.7086
412.6251,574.9214,45.6541,37.1093
393.1884,561.2369,44.8664,38.4004
368.7003,536.3141,43.2914,40.3104
355.6339,526.5864,44.6415,41.1237
350.7650,521.1808,47.2911,40.2189
337.9311,512.5065,48.8736,40.4981
324.0652,506.2207,47.7741,42.8261
307.3825,505.0325,48.5008,43.0590
285.5984,511.1183,50.4567,43.6040
259.8058,529.6752,52.8545,44.3038
245.2350,537.6353,53.2943,45.7761
242.0706,543.5397,54.9309,46.8543
218.4481,556.8649,54.1569,48.9616
219.0408,566.3279,54.4156,50.5479
217.8527,573.8173,55.4309,52.0269
220.7189,577.4730,53.9419,55.0521
227.2662,617.4568,53.4082,56.4053
233.4790,639.2742,53.0691,57.9435
245.4571,680.7735,53.0412,57.8775
243.2578,685.8949,52.6850,57.6738
248.8096,704.5782,52.2205,56.9847
251.7749,707.6318,51.3119,58.9211
261.4623,732.1171,51.0442,58.3780
260.6302,734.6842,52.4594,59.2770
259.5882,736.9762,54.6453,58.8132
260.0423,736.2976,55.7834,60.3845
2
0
0
0
0
1
391.7537,849.7417,28.5180,48.1279
391.0228,848.5919,26.5878,50.4080
389.9719,847.6845,25.3220,52.9146
388.6999,845.8394,24.9252,53.3078
387.9359,844.9036,25.1252,52.7464
388.0606,845.6808,25.5413,51.9421
389.4054,847.2640,26.0876,50.2496
392.3359,850.3113,26.0710,49.4638
394.7932,854.5578,25.8406,49.1168
396.0908,856.3456,25.3831,49.2169
396.9362,858.2817,25.0489,49.1091
396.6275,860.9510,25.2973,48.1175
396.4061,861.9257,24.6877,47.4883
394.8488,864.0665,24.3165,47.4360
393.4824,865.7366,23.8535,47.0999
392.4156,868.2655,23.5459,46.6907
390.2534,868.4161,23.6465,47.3914
389.8564,868.8599,23.6376,47.1808
390.4000,868.3242,24.0892,47.0584
390.0619,868.8504,23.7661,47.1520
390.5350,870.2827,24.1837,47.4361
391.1245,871.2443,23.6897,47.2570
391.5113,872.5078,23.2792,48.2037
391.4853,872.3693,23.3395,47.8976
392.1261,873.2740,23.2937,47.8177
393.5631,873.7618,23.6076,48.3099
394.6064,872.5833,24.3162,48.0440
395.6195,870.9416,24.5592,47.5768
395.7373,869.7283,26.7228,46.3550
397.0916,867.2751,26.1804,46.0682
396.2102,865.9166,26.8036,44.9544
396.1791,867.6479,27.4701,45.1708
395.7325,869.6163,28.4426,43.6094
397.0268,873.5806,29.4662,41.5473
398.7680,878.6341,33.3932,37.6301
403.9942,884.7954,34.1751,35.8677
406.1948,888.0012,32.9961,35.9865
408.4268,890.5393,32.4755,36.4376
409.7313,893.2849,33.0313,36.8917
411.3036,892.6088,32.6622,35.5084
412.3831,892.9130,32.1189,35.1016
410.6534,895.2379,32.1111,37.3856
412.1263,893.8595,31.6540,35.8079
411.8152,893.0189,30.9688,35.7407
410.3173,892.6124,30.6921,36.0019
409.9512,891.9881,30.6717,36.6140
405.7983,892.2319,31.2631,35.9638
404.9647,892.9814,30.9433,35.1685
406.7370,894.2648,30.0373,36.5874
407.7942,893.6738,30.5302,35.7562
407.8969,892.6345,31.1416,35.0653
409.7341,893.1198,30.3701,35.0044
410.4112,893.0119,29.6131,35.0012
409.3133,893.6089,29.3117,34.7823
408.0572,893.6556,28.7468,34.6697
407.1595,893.4469,27.9998,34.7112
405.6276,893.8267,27.6822,34.6615
405.2820,893.4666,28.2041,34.0161
405.9550,893.8375,28.4272,33.7878
407.7725,892.6454,29.3067,33.8612
409.1144,892.8482,29.1420,34.7469
410.7265,892.7184,32.0353,33.6720
413.0810,891.5357,33.1367,34.2094
415.6577,892.1435,34.0373,34.0118
417.0309,894.0254,35.8317,33.1020
419.6930,893.2788,37.5056,33.3353
419.6485,894.4045,39.2684,32.7163
421.7093,894.1635,40.8428,32.7240
422.5883,894.9180,42.3101,32.5936
425.3393,890.7399,42.9273,32.8295
428.2043,888.7334,42.7091,35.1274
430.2403,885.0109,41.0659,37.6727
431.7273,885.9787,40.8898,37.9188
434.8013,884.9797,41.7797,37.2972
436.3025,885.1931,42.5785,36.8190
436.2901,883.7576,42.7933,35.4512
437.1210,885.5095,44.1040,34.8634
439.0229,884.6169,46.6506,35.0591
445.5233,881.5551,47.3457,36.0343
455.4789,877.8389,46.1641,36.7784
459.5365,873.9799,45.5270,39.2487
463.0006,871.5092,46.8650,39.2948
483.7310,865.1623,46.2732,41.2604
504.5487,858.8236,46.3084,40.3380
527.6556,856.0330,45.7188,42.0059
536.4885,852.8829,45.0951,42.2306
539.5711,851.2881,45.3871,42.8512
541.5923,851.7994,46.2039,42.3417
543.3382,853.1830,46.6227,41.7754
543.4557,854.4584,48.0269,41.3710
544.3106,855.1088,48.7342,41.4930
542.4389,854.7183,48.7806,41.9540
544.2341,855.2744,48.7814,42.0231
546.0073,849.6835,49.5798,43.6025
546.5830,849.2257,49.8909,42.2427
547.6313,848.1621,51.7559,41.8526
547.8212,845.8458,51.9235,41.7536
560.0667,845.9466,51.1923,45.0348
563.2880,849.5493,48.9046,45.3580
568.9107,850.0502,48.0155,46.0378
573.8218,848.9434,48.5120,47.0528
577.8019,846.2893,51.0290,47.9087
577.3007,843.4687,52.9972,49.3182
577.4021,842.2886,54.6916,51.3999
581.0542,839.5867,55.5164,52.3216
583.1568,838.1897,57.3098,53.3012
584.4814,838.3139,59.9566,53.3993
585.7944,837.4920,61.8436,53.7926
588.1688,836.5398,63.0241,54.7538
589.2164,834.7361,63.9107,55.8121
590.8739,832.2789,64.7962,57.2028
2
0
0
0
0
1
696.4128,801.5460,38.5328,33.4768
700.0667,796.0544,37.4143,33.8393
707.1770,776.4704,35.9472,34.6473
715.1061,766.2504,35.0813,35.4287
724.1929,753.5220,34.2072,34.8384
741.9574,731.7769,34.9392,34.7012
753.3907,716.2327,33.1615,37.0426
764.5119,696.8248,32.8556,37.6273
766.7794,690.3586,33.2499,37.7124
766.4664,688.4198,34.0230,36.8304
767.2361,689.2391,35.2512,35.7362
768.2208,690.6323,35.8573,36.2707
768.8527,691.3328,36.0078,36.7137
770.8065,692.5170,35.7428,37.9529
771.3283,692.5067,35.2135,39.0191
769.0944,693.6626,35.3123,39.4839
770.1882,694.1782,35.5469,38.7307
769.9061,694.2313,35.1480,39.4783
771.5366,695.6679,34.6806,39.7952
773.0733,697.0212,34.5659,39.6023
771.3461,698.9949,34.3642,40.7104
772.2761,702.7100,34.6371,42.0551
775.6555,704.7781,33.1326,43.5764
776.4266,706.1227,31.5555,46.0342
778.3505,706.7983,30.6002,47.9721
778.6304,706.6545,30.8401,48.8406
775.4059,707.8702,30.9160,49.8240
771.6262,709.1659,30.8972,51.4245
769.3605,708.8206,31.4505,52.2001
764.6744,707.4521,32.2548,52.8077
761.0632,712.0543,31.5144,53.0998
753.4111,717.6873,31.2011,51.5720
741.2200,723.3046,31.1046,51.2775
728.0724,736.2641,35.6487,45.3650
715.0714,744.2155,39.1963,42.8358
709.6384,748.4079,41.9198,41.1518
708.4957,748.6486,43.3985,40.7077
708.1383,748.6539,44.0410,41.0189
705.2980,742.4449,46.1166,40.6171
705.2581,743.9031,47.7504,39.3104
705.0296,744.8595,48.5753,38.7809
704.5170,745.5771,49.1858,38.7145
699.5231,747.3794,50.7983,38.8839
704.7151,749.4694,49.7411,39.6937
702.5076,749.1265,50.4471,40.4500
700.1640,749.9012,50.9235,40.6357
695.2798,750.2181,53.4875,41.0942
693.8864,750.9200,54.1058,41.2525
694.0062,751.2730,54.6013,41.4200
694.3254,750.9491,54.9999,42.0698
695.2810,751.4338,55.3956,42.8668
696.6845,747.7474,54.8512,43.5718
695.2556,745.6824,55.7080,44.6002
697.1210,743.0115,55.6876,46.1289
700.1072,740.0922,55.2603,47.4949
694.5293,741.6083,58.3609,48.1853
698.1621,738.8083,56.1370,50.7606
692.5063,739.8589,57.9227,50.1833
692.4134,735.6468,58.3122,49.7002
686.2098,733.4860,59.2549,49.0881
682.9443,723.3881,59.5665,50.2280
674.1595,711.0207,59.3465,51.4444
670.9332,705.4374,59.0909,52.0222
670.9146,697.1176,58.8915,53.5384
666.2201,688.6794,60.2806,55.8127
644.7847,680.6699,59.6437,56.8990
634.7249,657.6793,60.8032,57.5285
610.7392,641.1916,60.5872,58.0214
578.8395,637.3798,60.8977,58.0790
542.7131,621.5521,62.5658,58.4394
526.7560,626.7551,64.5745,56.9651
501.0033,626.2221,65.6341,57.0563
484.5409,634.9782,75.6807,51.6943
435.7912,636.4240,74.6998,54.3024
418.7415,640.9586,75.0366,55.4032
398.8858,642.2488,74.1039,57.4500
364.7877,667.5845,74.0253,59.1558
356.7549,680.0845,73.5205,62.1407
344.6077,700.5561,72.9978,64.5468
335.1861,715.4191,71.2659,67.6460
327.0927,746.8370,70.7272,69.8864
329.5166,758.4308,70.1739,71.7832
329.3980,759.0040,71.5836,72.7334
332.0889,761.8479,72.3202,73.0039
337.1371,767.4800,72.7962,73.0209
344.9201,774.2172,72.4671,71.7541
352.3003,782.6396,71.2537,71.0507
360.9126,798.6912,68.2819,69.3499
379.3812,804.3646,66.0934,68.7209
387.7467,808.8212,64.9510,68.4873
396.8181,813.8846,63.8465,67.7934
413.4743,818.8054,61.4076,68.1299
415.5647,820.8702,59.3783,69.1093
417.3633,819.2613,58.4470,69.5767
419.3516,818.9407,59.0330,69.3828
420.6142,823.0870,61.8808,66.4317
418.6756,823.2609,65.5240,63.0719
408.6928,825.0630,67.8620,61.4147
391.8145,827.1292,67.1017,62.7770
379.3420,822.9728,67.0560,65.0761
359.4225,821.4833,70.0581,62.2711
340.3711,817.8262,71.0857,61.4087
319.4797,807.5577,71.7283,61.3205
299.8684,789.5802,72.3018,61.7767
273.4338,770.6412,71.2817,61.3190
243.2457,753.8684,68.6222,62.1263
220.1151,730.8235,71.2241,61.1384
198.1892,706.7251,70.7938,59.4457
181.4350,684.6868,70.0045,61.8305
176.7444,676.0694,70.3354,61.7319
170.0826,670.9368,70.1243,62.0717
169.7045,667.0433,68.9951,62.4131
166.9539,664.7523,68.4613,61.8019
164.6615,665.1805,69.6578,60.5788
163.2416,666.9981,70.8048,59.1654
160.7398,664.9772,66.7239,61.3599
160.8340,659.1242,62.6213,65.7645
156.7110,655.1818,60.5001,67.9778
151.4865,653.0919,60.4471,68.2043
148.4306,649.2688,59.5438,69.8274
145.2207,645.7791,59.2471,71.1542
143.1084,641.9099,58.7065,72.5469
141.9259,631.7366,55.6825,75.7262
137.7088,624.7000,56.1597,77.7069
135.7522,608.1174,55.3357,76.3690
130.0950,595.9006,54.3364,74.8119
118.1193,577.8711,60.0659,70.1611
116.8608,561.8975,63.6796,67.4545
116.7076,552.8135,63.6885,68.8477
117.8800,540.0280,65.8471,67.5308
118.9105,518.9394,64.7227,69.0036
118.2598,497.4875,65.9425,67.5674
122.6215,468.5103,64.2658,70.4721
132.5585,439.0488,64.5718,71.4852
138.5759,408.3198,65.0005,71.4500
144.6722,382.3862,66.3512,69.4301
156.1720,364.7628,67.2794,70.1519
161.6150,363.3223,66.9441,73.4297
162.3417,361.8022,66.3323,77.7597
154.7365,364.4615,69.0117,79.5369
148.6923,363.7623,70.5418,79.5053
144.0228,363.1566,73.2561,80.2915
137.3138,364.6768,76.2370,81.0736
132.1729,365.5834,78.6561,80.1601
2
0
0
0
0
1
212.6955,321.7152,28.6571,51.7083
213.0603,320.0931,30.3995,51.9455
214.4822,319.4053,31.7081,51.4818
214.3735,318.9146,32.6352,51.4174
214.3153,319.0153,33.4075,51.4559
216.4791,317.7365,33.6334,51.3284
221.2189,320.3011,35.0199,50.5688
229.5220,322.3348,36.4571,49.3378
238.1933,323.6650,36.2765,48.3491
241.1481,321.6152,36.1919,48.9164
242.3341,317.8259,36.3002,49.2455
244.8498,312.6599,36.7353,49.8828
248.0978,310.0021,39.4833,48.4752
250.7370,308.9774,40.8783,47.9343
253.4862,309.0375,41.1025,47.9182
257.3194,302.4236,41.3861,47.4231
266.5269,291.8389,40.0392,47.0298
274.3934,287.5696,38.7252,48.0720
281.2624,285.0891,38.7783,47.8018
283.1030,276.6045,39.7701,48.1350
284.9454,268.0722,41.2664,49.5714
284.0332,255.1457,40.2281,49.4393
284.7673,251.6443,40.5055,50.7764
289.2201,246.2952,41.2101,51.6046
294.6828,244.5023,42.5598,52.9994
295.6631,242.6496,43.1452,54.0285
294.9964,241.0226,44.1488,55.3786
294.7800,240.9596,44.5300,56.7446
294.2346,240.1511,45.1835,58.5311
294.0714,238.6477,45.8153,60.7234
292.8863,237.0622,46.6674,61.7230
292.3186,235.2876,47.2222,61.7537
292.1646,235.3081,47.5294,63.7519
290.5779,235.3395,46.1843,65.2263
286.9362,233.6328,46.5728,65.1905
285.1056,231.4965,47.2002,64.8956
283.1330,231.0362,47.8792,64.2585
281.9653,232.1195,48.6971,63.8148
281.5926,231.5813,49.9057,63.4134
280.8883,232.9347,50.3051,64.0529
281.0758,232.7208,50.6184,63.1096
280.4780,232.7011,50.9430,63.7385
277.0004,231.1776,50.4813,64.9614
275.4514,231.2083,50.4009,65.3099
274.5314,229.2677,50.2167,66.5233
272.8179,224.8642,50.0301,68.4686
270.6808,223.9847,50.6219,68.5671
268.8226,224.6712,50.4160,68.9414
267.2120,225.5792,50.7554,70.2517
263.9253,224.0765,51.4942,71.2778
262.7197,226.0941,52.4875,70.4674
262.1060,225.2463,53.6821,71.2531
258.6745,226.9060,55.1416,70.3050
254.2117,230.2442,56.7583,69.0960
250.8407,231.4381,58.1437,68.7536
253.2138,234.1752,58.3379,67.6003
248.2740,235.8309,58.9239,67.2768
233.5963,243.3348,59.9359,62.6390
221.0239,252.2244,60.1939,61.2967
207.8896,265.6367,58.1600,62.2837
193.4669,285.4529,60.6769,59.4165
190.2672,296.4685,59.8164,59.7042
188.3940,300.8156,58.4605,62.0620
190.6920,301.1553,57.7414,62.7130
195.1022,301.6482,56.7503,63.1657
197.1082,301.5741,59.5391,60.8910
195.3723,297.7910,61.3262,58.9686
198.8741,289.1177,59.6534,59.5019
201.7343,276.0098,60.1641,61.3238
211.4379,265.3948,60.7141,61.1246
235.3400,249.8999,58.8192,64.4735
250.0097,236.4809,59.3048,63.9815
274.5454,215.9547,62.1567,61.3092
307.7327,203.8642,62.3049,60.9602
342.2341,193.1060,61.3431,61.3728
367.7209,186.9649,60.3338,60.5403
391.3326,188.9727,59.6444,60.7056
423.8092,205.6157,59.4785,61.1882
452.5367,227.0452,60.5789,60.2398
455.8017,231.5831,63.8107,58.9457
463.0703,235.8325,63.1976,59.6521
474.5852,237.2594,61.7523,61.7248
486.7726,237.8554,62.8155,62.6256
513.5861,231.5448,64.8193,61.3360
556.2305,210.5214,65.5023,62.4245
560.5908,208.8024,66.0232,63.3039
562.6734,207.1233,67.4613,63.3748
564.1733,206.1909,69.2379,63.3318
564.9373,204.6048,71.2177,64.4518
567.4805,201.5399,70.7052,66.4963
569.4091,195.0279,70.2761,69.1507
570.3509,193.7439,69.2025,70.0034
571.2493,191.6139,65.1799,71.8739
570.9811,186.2206,63.8353,75.8310
566.8135,180.0142,64.4481,75.3030
559.5963,175.6464,64.7122,75.2459
536.4479,168.2654,66.6425,74.5193
514.5463,163.8247,69.3775,72.6739
495.2746,163.1489,70.5260,70.8784
492.4335,158.9148,69.1234,72.7556
491.4775,161.1867,69.1929,71.4808
496.5417,156.9499,65.3236,74.7332
505.0710,161.2692,65.5300,75.8501
509.9756,159.9995,64.6231,77.3168
517.4527,159.1469,63.8028,78.3256
534.2958,167.0770,67.1419,74.5817
548.2735,176.9810,72.1279,70.6318
578.9436,191.1840,75.8237,67.7634
618.9240,204.3117,75.7008,66.5369
639.4393,217.3035,73.4843,67.5980
649.8842,230.2079,71.1080,71.7565
666.5389,256.7223,69.6519,71.7211
680.6259,274.6681,70.2037,71.9646
693.9937,277.3959,70.6853,72.4284
697.1843,285.9229,70.1596,75.3616
699.2072,289.4715,71.2537,76.7909
2
0
0
0
0
1
752.8140,586.4844,25.2978,59.8412
740.8730,604.9498,26.7848,56.7557
729.0211,608.7438,27.7798,54.2680
715.7635,610.7408,27.9954,52.2405
693.5067,612.0652,31.8562,48.4908
666.1254,608.8043,34.5330,44.2930
645.2438,598.5446,37.4678,40.4447
623.5625,573.6240,37.8904,39.6667
604.8024,538.6567,39.6692,38.3482
591.4978,503.1052,41.9074,37.2565
579.6508,461.9045,42.2844,36.9231
568.3044,419.9493,41.1883,38.6113
559.8351,394.9943,40.5842,39.4559
559.5192,384.9085,40.6646,40.4644
544.9762,359.2162,42.8681,39.4198
528.6315,319.5885,45.8752,38.4631
518.3019,301.7540,45.0681,40.0797
511.7435,282.9730,44.8990,41.2431
500.2605,254.2245,44.7589,42.2227
501.5207,216.4778,45.0747,42.8843
505.0386,207.5619,45.3155,44.2780
506.1922,204.7815,43.8473,45.6641
503.1109,203.7455,43.4330,45.7587
497.3120,203.2801,43.7132,45.8769
492.2460,200.8699,42.6617,46.0194
486.7810,196.4587,42.7816,47.0385
471.5239,193.7918,41.5913,47.1386
442.7314,188.6991,42.5310,47.3222
423.5232,189.4084,44.2636,46.1453
399.4283,192.6920,45.4900,44.4304
366.6252,210.9696,45.5244,44.8194
349.2727,215.5135,48.2815,43.3605
318.5562,226.5502,48.8450,43.7427
293.7388,227.2518,49.2545,43.8361
284.9876,241.4492,49.5759,43.9797
278.0097,261.9757,49.4676,44.5377
258.6419,287.3362,48.4527,45.8100
2
0
0
0
0
1
244.7363,578.7533,24.4438,65.7093
235.6795,589.9495,25.4133,63.2753
214.5017,608.5457,27.6376,58.4762
181.6412,626.4147,33.2785,51.7508
173.8555,625.9062,33.2352,50.5699
176.2154,624.9710,33.5272,49.0699
177.2649,626.6592,33.4900,48.6623
173.8373,626.9161,32.7991,48.4509
171.4068,625.8602,32.4810,48.3448
171.5588,624.5576,32.2240,48.1064
170.9852,624.8767,32.5493,48.0247
170.3337,628.2086,33.2754,46.6725
170.6676,631.7334,32.6047,47.7321
170.2259,634.9914,31.8079,48.3471
170.5151,645.3973,34.3931,45.4992
174.6920,662.9252,36.1974,43.7902
182.7025,679.4591,36.9258,42.5442
194.2071,695.4658,36.4635,43.0974
214.1353,712.8240,37.2757,41.9088
220.3268,721.8227,37.4934,43.2009
221.9680,723.7071,37.0574,45.2786
231.9972,735.0817,37.4262,44.7626
235.3423,738.3219,37.7187,45.7734
241.0067,738.1237,39.5254,46.0576
2
0
0
0
0
1
477.3190,771.6074,45.3274,31.3914
487.5834,780.4030,40.0908,34.8522
500.3079,799.8252,37.9415,37.1956
507.1924,811.2100,36.0149,40.4602
508.3463,808.7184,34.9592,43.8942
515.1071,808.4008,33.6435,46.2276
517.8561,807.9533,33.0898,47.4837
519.4248,805.7212,32.7049,49.3861
520.5992,803.9001,32.5918,50.8339
523.3727,803.3020,33.2033,51.8092
530.2229,812.9440,34.6750,47.7172
529.0615,814.2416,34.7823,47.4767
527.8978,816.5373,35.6031,47.1617
527.3628,818.0055,36.0079,46.3662
530.6959,818.8273,35.5995,45.5287
531.4582,820.8846,35.8919,44.5642
532.5659,822.5139,36.1147,43.9371
534.9941,821.4467,35.7218,43.4122
537.2444,821.1201,34.9895,42.8626
540.4590,820.0479,34.1264,43.5582
546.1993,816.3004,34.4584,41.4825
547.8670,815.0461,33.7323,42.3358
551.4588,813.1227,34.0336,42.7760
553.0484,811.9208,33.8285,42.8058
553.1951,811.1453,34.2160,42.2936
553.4865,811.2116,34.7205,41.7632
559.4991,808.3997,34.8811,41.1335
568.2128,806.4623,35.5217,37.8211
570.4169,804.0687,34.6262,37.7654
573.3215,799.7601,34.0436,38.0338
579.2505,794.6985,32.5038,38.0251
580.4020,794.2665,32.0533,37.6406
583.1596,794.1031,32.0995,37.7671
587.4731,794.2189,31.9399,37.6810
593.8914,790.5783,31.5778,37.6827
601.2773,789.4721,32.8728,35.1986
605.1985,787.7112,32.3803,34.1197
606.9385,788.2682,32.6550,33.7713
609.6814,786.8566,33.0652,34.4860
612.7036,788.2327,34.0488,34.6429
615.2958,788.9183,34.1700,34.4107
613.1538,786.1545,34.5883,34.8368
613.9608,786.6313,34.5975,34.7013
614.2498,787.3607,34.6884,34.7186
614.8089,787.6130,35.0436,34.3316
616.7538,787.9184,34.9194,34.6962
617.9513,787.1827,34.8235,34.7033
619.1079,785.7907,34.6378,34.9520
620.7168,785.2136,34.5131,34.8083
623.0706,786.3063,34.5318,34.2495
624.9294,786.6354,34.6518,33.6316
627.3881,788.2043,34.9091,32.8341
627.9178,788.5223,35.5429,32.0493
628.9627,788.3865,36.3100,31.2998
628.0298,787.9260,36.2292,30.6590
629.0255,786.1924,36.9788,29.8261
632.2714,786.4196,38.4925,28.9107
633.4142,786.6535,38.2598,27.9333
640.8925,782.2204,37.1909,28.1877
654.5616,780.1098,35.9491,28.7487
676.2191,769.6008,35.3272,29.3147
693.3854,758.0824,33.1596,30.3680
701.4408,746.7905,32.3312,30.8580
705.5576,743.1085,31.5083,31.6282
706.2460,742.7515,31.8429,31.4091
708.7172,742.6328,31.7345,31.4598
709.0928,743.4466,32.2841,31.6328
712.3426,742.4417,31.8513,32.5013
714.3749,740.1954,30.8527,34.1263
714.8109,737.5624,30.0558,35.6957
713.7296,734.4437,30.0467,36.7848
