1
337.1511,118.1330,18.9757,26.1092
333.8474,117.0722,19.5298,26.5842
330.2350,117.5416,20.5401,26.3670
324.0161,117.2304,20.9730,27.0020
318.7839,117.1712,21.7857,27.5961
315.0821,116.3976,22.6330,27.0926
310.1989,116.9988,22.4566,27.6647
306.9132,116.3608,22.8201,27.5179
301.5990,117.4267,22.8789,27.8213
298.2496,116.6365,22.7461,28.4139
294.9601,116.2104,22.5596,29.1771
291.8987,115.8008,21.8883,30.2721
289.4840,116.6890,21.6494,30.6917
287.1229,116.1448,21.5201,31.3275
284.2883,116.9152,21.4685,31.4959
281.2657,116.0885,21.1175,32.0018
277.8062,116.1413,20.9904,31.8038
275.2439,115.7580,20.5394,31.8735
272.3439,115.9913,20.1030,32.1345
269.2111,114.5021,20.1122,31.8396
265.9532,114.6587,20.3315,31.5374
262.1255,114.1298,20.9877,31.3899
258.7141,113.8244,21.2679,31.2227
255.5964,113.6861,20.8788,31.4354
251.4461,114.7701,21.2155,30.7693
245.1118,114.3788,20.6277,31.4902
241.8407,114.5931,20.3043,32.0526
236.1084,114.6916,20.5116,32.4701
232.0834,115.7581,21.1729,32.6311
226.2783,115.7681,21.8935,32.9895
220.3278,114.4449,21.9150,33.1019
216.3520,115.5072,22.5894,32.4685
210.7639,116.4461,23.3614,31.7369
207.7173,116.5942,22.6244,32.4467
202.5325,117.3553,22.4053,32.7306
200.3037,117.2515,22.0152,32.5738
196.9221,116.2796,22.1962,33.2772
190.5000,116.7731,22.1771,34.0539
184.7605,118.1114,22.3070,34.4339
181.4384,117.2300,22.4936,34.8849
177.1462,117.3840,22.9398,35.1013
173.3608,117.4838,22.8470,35.3379
169.1678,117.5557,23.3530,35.2383
165.4785,118.5327,23.6907,35.7390
161.1804,118.6214,24.5777,34.7862
157.8412,117.6939,24.5783,34.2629
152.0909,118.1448,24.3288,33.6017
150.5780,122.2411,24.3219,33.6211
149.7594,123.5926,25.7653,32.8452
148.0103,124.6028,26.5306,32.0391
148.0618,125.7555,27.9445,31.1918
144.0498,127.1173,28.2669,30.9128
145.5115,128.2161,28.7069,31.0312
146.3074,128.2005,28.1411,31.6774
146.8763,128.0793,27.2257,32.3188
148.2043,128.9357,27.1441,32.1528
148.7582,128.4460,26.6178,32.8723
149.0435,129.9443,26.9565,32.1777
154.1723,126.3429,25.2379,32.9965
154.5704,125.8278,25.4632,32.1566
157.9452,126.2168,26.5472,30.8758
157.3705,125.4744,26.2397,30.9522
158.2233,129.2039,26.4253,30.2693
159.0417,130.2982,26.4414,30.2067
160.9700,134.3468,26.1855,31.0522
161.6649,134.9361,26.1698,32.3706
167.3628,136.5038,25.4628,33.9085
172.0656,134.4444,25.7554,35.0939
177.4319,135.7924,24.5511,36.8896
181.6044,136.9743,23.7209,38.7058
186.1812,138.3232,23.5289,39.7916
190.9054,138.4429,23.1734,40.2652
196.1175,136.9002,22.6952,40.3600
200.7115,139.5840,22.8026,39.8102
205.7465,141.7805,22.4750,39.6595
213.3217,140.3682,22.1257,38.8461
220.5424,143.2818,21.7821,38.1365
224.6268,142.1755,21.4468,37.6504
231.5154,144.6279,21.3428,36.8713
235.9852,142.7961,21.1437,36.4423
243.7754,144.6225,20.3402,36.5381
248.3520,144.0985,19.9459,36.3187
252.9115,144.2007,19.6066,35.6843
257.9322,142.8823,19.3048,35.2010
263.5130,143.4473,18.7830,34.8657
268.3613,143.3237,18.6631,35.0776
272.8860,144.1880,18.4237,35.1848
277.2745,144.2366,18.7249,34.5288
281.6922,145.1294,18.9144,34.5427
283.9326,145.1857,18.3733,35.3456
288.8246,144.7316,18.0919,35.8274
290.0439,144.0874,18.5526,35.6801
291.6233,144.7300,18.7752,35.8364
292.4787,143.3567,19.0811,34.9088
294.1732,142.8004,18.8708,35.0697
295.2048,142.5520,18.7155,35.6138
296.1216,143.4588,18.6740,36.0617
297.0691,142.7397,18.6612,36.7684
297.4576,142.8599,18.6354,37.2046
297.8674,142.9260,18.6139,37.9221
298.4179,141.9445,18.5134,38.0196
299.0531,141.8153,18.6919,38.3660
298.8271,141.4965,18.6087,37.4859
298.9080,139.8100,18.3137,38.0508
298.8242,141.0186,18.1777,38.0175
298.5176,139.5794,18.1857,37.4025
299.0926,139.4824,18.1634,37.2600
299.3531,138.4743,18.3641,37.8491
300.2018,139.0290,18.1669,38.1514
301.2405,137.8359,18.4363,38.7328
302.0490,138.5875,18.7863,38.9427
302.0343,137.2235,19.1546,38.9749
302.8751,138.2130,19.2672,38.8618
304.0596,138.0196,19.0488,39.4993
304.9115,138.1645,19.0287,39.9792
305.7339,137.3133,19.3184,39.7021
305.7056,137.6215,19.2792,39.6031
305.4335,136.9973,19.0589,39.2179
305.9982,136.3201,18.7040,39.5580
306.2291,136.4697,18.7287,40.0092
306.4229,135.9460,19.0905,40.3297
307.0786,134.3434,18.6240,41.4542
306.9277,134.2051,18.7195,41.8567
307.6901,132.3764,18.8845,42.4110
308.0657,131.7703,18.8222,43.8469
308.6991,132.0002,18.9642,44.8833
308.9414,131.0799,18.8499,45.3801
309.1024,130.8428,18.8153,45.9733
308.5466,130.0706,19.2050,46.0655
308.6390,129.5394,19.4110,46.5603
308.3132,127.6892,19.7083,46.7639
308.9999,127.6991,19.7333,46.5319
309.7440,126.2012,19.8277,47.0866
309.1345,128.1808,20.2119,46.3552
309.1950,126.2795,20.6267,45.8225
308.1784,128.4462,21.2990,45.0123
308.3474,125.7162,21.5927,45.3330
308.4179,127.4167,22.0264,44.7020
309.4186,126.4773,21.8864,44.8204
310.4140,127.9030,21.6441,45.0203
311.0862,126.7311,21.2185,44.7582
310.9376,126.6811,21.6169,45.2530
311.2015,124.5365,21.4572,45.4136
311.7573,125.9264,21.3164,44.9991
311.7489,124.2660,21.3145,44.7922
311.2116,124.8593,21.2082,44.9652
310.9724,124.0320,21.3106,44.5725
310.8858,122.9617,21.7598,44.1257
310.9668,121.6298,21.7761,43.8010
310.7691,122.7632,21.6183,43.4463
310.7273,122.6761,21.5378,43.5206
311.5909,122.7478,21.3413,43.6367
311.6474,120.6035,21.3797,43.5027
311.3437,121.8168,21.1171,42.8639
311.9198,121.9804,20.8531,42.6837
312.0542,121.5239,20.7612,42.3902
312.4505,120.4974,20.8057,42.0979
312.2124,121.2826,20.6800,41.4386
311.9757,120.8797,20.4186,41.4308
311.5107,121.7130,20.3471,40.8601
311.2424,120.4488,19.8825,41.0886
310.6917,119.9351,19.6530,41.3047
310.0287,119.3746,19.5583,41.0957
309.5359,119.1822,19.6389,41.2166
310.0290,118.7674,19.2142,41.7850
310.1203,118.7895,19.0094,42.0193
310.0098,117.8721,18.9417,42.2271
310.6820,118.9223,18.8348,42.2352
310.4295,118.2712,18.5893,41.9013
309.9875,118.8330,18.4679,42.4308
310.6399,117.7375,18.2500,42.2013
310.4922,118.2512,18.0796,42.9344
310.4405,118.3319,18.1751,42.8863
310.4937,117.7633,17.9970,42.9044
310.2864,117.7573,18.2184,42.2255
310.6322,118.1041,18.3737,41.9257
310.3737,118.3506,18.2519,41.2566
310.3186,119.1609,18.1253,40.9872
310.2253,118.4795,17.7671,41.4756
310.2829,118.6986,17.6814,40.9705
310.4304,118.4327,17.5775,40.8867
310.8134,118.9591,17.3362,41.0389
311.3783,119.0359,16.7956,41.7730
311.0590,119.5352,16.4055,42.6380
310.8137,118.7306,16.6561,42.9877
310.5899,116.9233,16.5490,43.8292
310.7406,116.7902,16.7385,45.2619
310.1259,115.5843,17.0623,45.3396
310.1219,115.0852,17.2551,46.3406
309.3043,113.6245,17.8392,46.2701
309.1090,114.4613,18.0860,46.6468
309.4153,112.5241,18.2013,46.7879
309.5223,112.1008,17.9920,46.6950
309.9921,113.1989,17.5916,46.8179
310.6405,111.9947,17.6624,46.2609
311.6944,111.9821,17.8108,46.0684
311.9261,112.2588,17.5505,45.8429
313.1007,112.0126,17.3783,45.1998
312.9695,111.9053,17.7750,44.4026
313.0637,111.2925,18.0878,44.5818
312.3378,112.1909,18.5571,44.8822
311.6645,111.9954,18.7561,45.6148
311.8417,112.5414,18.2347,47.0523
312.4395,111.9204,18.4558,47.2399
312.4012,112.5980,18.5382,46.8329
312.2423,110.7678,18.4185,47.2294
311.8586,112.2890,18.4903,47.5765
310.7063,109.8309,18.3322,47.3840
309.7520,106.2863,18.7094,48.3558
304.8006,104.9144,19.1833,48.4852
304.8311,105.3576,19.2102,49.1899
304.0480,105.1028,19.5075,49.9717
303.5834,104.8925,19.6716,51.6638
302.8713,104.5105,19.8242,53.0456
302.3047,104.9750,20.3652,54.0938
301.6844,102.4210,20.6091,55.6568
300.4306,104.5974,21.0364,56.4442
299.5303,106.5690,21.6165,57.6079
299.1393,108.3093,21.6662,59.8826
298.3532,110.3270,22.1933,61.3808
298.3369,111.9374,22.4539,63.1681
297.8471,112.3375,22.8722,65.4753
297.3149,113.4459,23.1953,66.3977
296.8653,112.8320,23.5262,67.6904
296.4029,113.8704,23.3058,68.8621
295.4893,110.5085,23.4811,69.4301
294.4452,110.6905,23.7578,69.6522
292.2970,110.9004,24.0672,70.2731
291.0915,111.1666,24.0430,70.8234
290.1074,107.0333,23.8650,71.7049
288.6653,108.6111,23.4333,72.8712
288.1442,108.1164,23.1392,72.6393
286.7117,110.7676,23.1386,73.3453
286.3389,106.8303,22.9449,73.7200
284.9971,108.7615,23.4252,71.9117
283.8509,108.3722,23.4861,71.2532
283.5434,110.5248,23.2415,71.0936
282.9247,107.1433,24.0530,69.6792
282.1338,109.8732,24.2531,70.0500
281.3448,105.8302,24.2056,70.4991
280.7354,104.6494,24.1479,72.4474
280.2059,102.3372,23.9910,74.2986
279.8557,100.5742,24.0925,76.5318
279.2680,99.3386,24.3902,76.9219
278.2891,99.4689,24.9130,77.1467
277.5558,100.5442,25.1541,78.4225
276.3639,102.1186,25.2654,79.6008
275.6601,102.8900,26.0134,80.0784
274.3248,102.4110,26.4683,81.5769
272.6043,103.2719,27.3983,80.5135
271.2601,104.7927,27.8564,79.4082
269.7267,105.5949,27.9938,78.8557
267.6990,104.6912,28.0963,78.8256
265.6739,104.8014,27.8637,78.6861
264.9966,104.3480,28.0535,77.9357
264.0195,104.1716,28.2440,77.9499
263.1370,101.3671,28.5576,78.1215
261.9134,101.9084,28.6828,78.5730
261.1529,101.8721,28.6225,79.4291
260.2661,101.5217,29.2227,78.5670
259.2992,101.5309,29.1939,77.0165
259.0644,102.4963,28.7272,77.7440
258.0491,103.6551,28.9249,77.5315
256.9939,103.9567,29.0881,77.6969
255.1933,102.7287,29.6197,76.9149
254.3416,103.2303,29.8282,76.4706
253.7361,105.3943,29.6800,76.1381
253.6324,105.4428,29.9682,75.2927
253.6725,104.9992,30.2442,74.7506
253.2364,104.2097,30.5222,74.6654
252.8381,105.0667,31.4424,74.3938
252.7486,104.5012,32.1225,74.0599
252.3820,105.8090,33.1830,73.4088
252.6712,106.6787,33.0840,74.9066
252.6387,107.1103,33.1144,75.1737
252.0975,108.8575,34.3514,74.4525
252.3122,108.7031,35.3914,73.0061
252.0508,108.7139,35.9866,71.6383
252.3132,108.7917,35.5016,71.9248
252.9615,107.5700,35.6030,72.1111
254.0559,106.4064,35.0024,73.2665
255.5557,104.5001,34.1699,74.9611
248.5800,106.3581,33.9977,74.3760
248.2881,107.7425,34.5396,72.9260
247.6239,108.5097,35.1158,71.7215
247.2774,108.8739,35.4679,71.0422
246.7149,109.4001,35.7427,70.8353
240.5225,113.5220,34.7521,69.5238
239.8913,112.9514,33.8614,68.3867
239.7048,115.8823,32.8022,67.3320
234.2850,117.6889,31.9083,65.9344
235.2990,116.8508,30.9999,65.6296
235.8866,118.2948,29.9043,65.0714
236.5416,119.1905,29.6092,63.9583
235.1863,117.6641,29.3912,63.5386
233.7610,117.5090,29.1612,63.8242
232.8899,117.1197,28.7352,63.4192
231.9413,116.2032,29.2060,63.1281
230.8554,110.3603,28.7412,63.2035
226.6734,106.3794,28.2470,62.6254
227.2463,108.2317,27.7555,62.9636
215.3784,109.9326,32.5759,57.6106
216.6271,107.2966,31.6382,57.5717
224.0484,118.8214,30.0673,57.6477
220.8466,115.5845,29.3438,58.0721
221.7475,116.9078,28.2654,57.6003
222.3531,120.0494,27.7734,58.0227
217.7103,118.1816,27.5843,58.4833
217.8567,117.9336,27.0746,58.8865
217.3527,116.2778,26.9171,59.7022
216.1780,116.9773,26.7245,59.6356
214.9632,118.1140,26.4819,59.0970
210.6702,114.6425,26.5590,58.4906
206.4203,117.3604,26.8977,58.9580
200.5379,116.3496,28.1106,58.1088
201.6067,116.0629,27.6647,57.9297
201.9152,119.5387,26.5294,58.4871
197.1898,121.5455,26.3234,59.4863
195.7419,119.7833,26.4117,58.9857
191.1468,123.3063,25.9092,59.7098
189.6306,122.1926,26.0825,59.6410
183.9868,125.2415,25.8800,61.5595
179.0889,119.6215,26.0924,61.1408
174.3566,114.5036,26.5223,59.3013
169.3829,114.4366,27.4209,56.9691
167.9175,113.7038,27.7117,55.7081
165.9013,113.8826,27.6653,55.5182
161.1680,114.4061,27.8554,55.5849
160.0212,113.9453,28.5481,55.0403
155.7307,114.1270,28.8551,55.5563
156.0154,113.1691,29.4407,55.6699
154.9702,109.6241,29.5573,55.5305
153.4838,111.0022,29.9771,55.5436
157.6602,110.2061,30.4787,56.5627
150.8556,116.4888,30.5763,57.3152
145.2316,117.8022,30.6741,57.5383
141.1051,128.9377,29.3711,62.4550
140.8016,127.7708,29.6454,63.7792
139.3857,130.2543,30.6898,64.1205
137.9874,127.4118,31.2188,65.8295
136.8062,123.2135,31.5810,67.1103
130.5307,124.0087,32.1567,67.9168
130.6818,125.1983,32.1987,68.7958
125.6070,124.9206,31.7189,71.4538
125.7013,123.9602,31.6474,74.0499
120.3239,120.0533,31.3386,74.4488
120.4322,121.6418,31.0050,76.3067
114.9626,118.1282,31.2332,75.3230
114.4231,117.0115,31.4704,74.7535
112.3125,116.6314,32.2578,74.0840
105.7208,115.2532,32.0565,72.1730
102.9337,115.3941,33.1094,70.5479
100.3700,115.6045,33.6710,69.1499
98.0650,111.2878,33.1414,68.9896
90.0708,113.7198,33.3090,68.1610
88.2259,113.7118,33.6470,68.1166
86.5639,112.4876,33.6482,68.2293
84.2270,112.9508,32.6327,68.1725
82.4338,111.8022,32.0918,67.9116
80.3552,110.9655,31.5047,67.2643
77.9282,110.8163,31.1855,66.4035
76.6220,111.3325,30.8065,66.0443
69.6781,110.4704,30.3824,66.2819
68.5670,109.9012,30.7621,65.7727
61.8289,109.5451,29.9876,66.7484
55.7677,109.3152,30.0966,65.8090
54.0553,108.6216,30.5915,65.7283
46.8602,107.9279,30.7762,65.3866
43.6545,106.6901,31.8671,63.3769
36.3369,107.5238,31.4157,62.3101
33.8992,107.4576,31.3437,60.8366
30.5582,106.7293,31.3946,59.5331
28.5610,105.5314,30.5821,59.2218
25.7316,105.7034,30.3861,58.9089
17.7765,105.3834,29.4596,57.6414
14.0544,106.3491,29.2777,56.9261
