1
184.0674,21.1903,49.0399,37.4106
182.3127,24.0073,49.0394,37.2829
182.5851,24.8910,49.6156,36.8297
182.2367,27.0457,49.5601,36.2909
181.4225,28.6688,50.0211,35.6732
180.5738,29.3100,50.1022,35.1126
179.4906,32.1274,50.7048,35.0980
178.6001,32.9868,51.0832,35.0343
177.1807,35.2071,51.4244,35.0501
176.2000,37.6809,52.6440,35.1795
176.2681,38.3016,53.5209,36.0109
175.6961,40.4615,53.5258,36.2837
175.1539,41.3500,53.7502,36.5195
173.7852,42.0967,53.9282,36.3176
174.7219,42.6253,54.1775,36.2635
174.3716,44.9315,53.6657,36.4771
174.6517,45.1122,53.5960,36.9703
175.4755,46.8292,53.8557,37.0504
174.9817,47.5232,53.7814,37.2134
174.0207,48.9969,53.8089,36.8671
175.0759,49.3488,53.2478,36.7976
174.2486,50.6176,53.3064,36.3845
174.7214,53.4645,53.8906,36.5048
175.1360,54.3474,54.2880,36.3527
174.5757,55.5155,54.5414,36.4707
174.0506,55.9892,54.6653,36.5162
174.1465,56.6607,54.8573,36.5983
174.0575,58.4373,55.5579,36.5799
173.7828,59.6515,56.2555,36.7668
173.3370,59.8003,57.1474,36.6303
173.4683,60.3294,57.5129,37.0268
172.8256,59.9155,57.4893,37.0865
171.9985,60.0976,57.4649,37.2669
171.5338,59.4736,57.6050,37.6155
170.7130,59.4651,57.3233,37.0144
171.4788,60.0549,57.0643,36.5812
172.6659,60.1691,56.7805,36.5003
172.7397,58.9427,56.3964,36.3291
173.9356,58.9456,56.9763,36.2939
173.9417,59.0711,56.5021,36.1886
174.1838,59.3113,56.1325,36.3815
175.1400,58.7495,55.6183,36.4372
175.5101,58.8755,55.1587,36.5650
177.3771,59.1647,55.0212,36.6943
177.4212,59.1926,55.1320,36.5303
178.2771,59.5927,54.8868,36.6525
180.4910,59.7608,54.5305,37.1625
181.1413,59.9087,54.3834,37.6200
182.9685,59.2535,54.6828,37.7777
183.2057,58.4863,54.4670,38.0167
183.6079,58.4147,54.2384,38.3134
184.9337,57.3801,54.1167,38.4634
185.3491,57.7728,53.5466,38.3349
187.0489,56.7426,52.7824,38.1284
187.6087,55.5461,51.0808,37.9434
189.3754,55.3293,49.6616,37.6755
192.0443,54.7971,48.7524,37.3433
193.8873,54.7383,48.0299,37.1043
196.5257,54.2652,47.9655,36.6363
197.6917,52.7746,47.5100,36.0807
198.4977,52.3746,47.1330,35.8015
199.5533,51.8770,46.2055,35.5246
201.0286,51.3280,45.5073,35.3343
201.6228,50.3984,44.7659,35.1848
201.0524,50.8166,43.9419,35.0840
200.2480,50.6489,42.7973,35.1029
202.1811,50.3966,41.8673,34.9734
201.4732,50.5156,41.1632,34.8904
202.7106,50.3030,40.5486,34.6894
207.8462,45.9981,39.5586,36.1313
205.5344,48.7860,37.0352,37.8257
204.9668,49.5434,35.1545,39.1811
206.1609,48.9436,33.6542,40.1649
208.5464,47.9256,32.6566,40.9347
209.1907,48.0987,32.4497,41.1152
209.5618,48.2079,32.5211,41.6626
209.4941,48.8845,32.4240,41.9646
210.4414,48.8367,32.2456,42.1494
211.3117,49.0686,32.3468,42.0265
213.1971,48.9979,32.2618,42.1051
214.6589,48.6639,32.0617,42.3030
214.8212,47.9092,32.0138,42.6503
216.1798,48.0921,31.9755,42.3904
216.7949,48.5023,31.9465,42.1563
218.6747,47.8720,31.6629,42.3226
220.6202,46.6198,31.3357,42.5548
222.4283,47.3893,31.3538,42.2400
224.5008,45.9757,31.6274,41.7062
224.0696,46.4900,31.3525,41.5079
225.2425,46.0281,31.2614,41.2176
224.3480,46.1929,31.3227,41.0776
224.7632,46.7701,31.3333,41.4315
225.0037,46.4938,31.3788,41.5050
225.3050,44.9779,31.5449,41.6653
225.2979,43.8466,31.7474,41.9581
224.3492,43.1042,32.3641,42.0075
223.6165,41.8272,32.9356,42.2712
223.0466,40.1901,33.4232,42.8887
221.8676,38.4148,33.8650,43.5486
221.4038,37.4693,34.3996,43.8282
219.7493,36.4540,34.6674,44.1266
219.3219,34.9821,34.7028,44.5078
218.9682,33.6011,34.8260,44.0360
218.2048,31.8880,34.9302,43.3040
217.0762,29.4549,34.6618,42.9957
216.0474,27.9435,34.5140,42.7511
215.3388,26.8921,34.4578,43.1176
214.3429,25.5320,34.4447,43.1618
214.9719,23.8902,34.3440,43.7383
214.4132,23.4050,34.5566,43.6961
213.9273,21.8500,34.7970,44.3297
213.6357,17.2301,34.8583,44.3739
213.4807,17.4262,34.5604,44.4122
213.9729,17.5031,34.3873,44.5822
213.8807,16.7873,34.2808,45.0568
213.8505,15.1540,34.1434,45.2286
214.1170,15.2887,34.0589,45.3639
214.7202,11.2977,33.0928,46.1194
213.8420,10.5724,31.3539,47.1250
213.0969,9.4149,29.7066,47.5836
212.5163,5.7801,28.4052,47.4559
212.0406,3.3100,27.2726,47.2492
211.6653,4.1229,26.0604,47.1422
215.6089,4.9076,25.4275,46.5072
215.0039,2.8347,24.2288,46.1850
215.5487,4.2049,23.4494,45.2456
219.9228,5.4721,22.3649,44.8517
223.3171,4.1671,21.9571,44.0685
223.8403,4.4805,21.4866,43.4100
223.5822,2.9554,20.5827,43.1215
224.3484,4.5429,19.7113,42.9550
225.9003,5.2558,18.9643,42.8306
227.7962,4.5237,18.1173,43.3381
231.0595,4.4620,17.1356,44.3769
231.9538,8.6161,16.7699,43.9987
233.4418,10.4477,15.9491,45.0426
235.6640,12.8053,15.6316,45.9371
234.8056,14.8961,15.4881,47.1112
237.2766,15.8612,14.8709,47.9003
240.3271,20.6327,14.4269,48.6346
240.4704,22.3385,14.2896,48.4331
240.7163,22.5182,14.4050,48.2223
243.6823,19.4465,14.1750,49.2590
243.7756,33.1784,14.6841,48.9448
244.0677,43.3514,15.5023,47.7279
244.3296,46.5196,15.6484,47.7096
244.1125,56.4909,16.3003,47.3245
246.1958,65.7323,16.8754,46.9324
245.2814,71.1022,17.3037,46.6546
242.5639,74.9282,17.3943,46.8052
243.2153,74.4753,16.7172,47.8146
244.2225,75.9654,16.7322,47.5925
243.5817,76.3619,17.5529,45.7554
243.1073,77.6692,17.7470,44.7418
241.9786,83.7622,17.1928,45.8458
242.2417,83.7110,16.8819,46.4122
244.2970,90.4765,16.7647,46.6183
246.6892,96.1113,16.6261,47.3697
247.1032,96.3183,16.6153,47.7453
246.8354,98.3313,16.4345,48.4413
246.4843,101.8382,16.2768,48.7544
245.6160,103.7860,16.0327,49.0450
245.7736,108.5351,16.0006,49.1130
245.4478,111.8905,15.7467,50.0630
244.6336,117.8538,15.8596,50.6399
241.2301,119.9649,15.9251,51.2214
240.7568,126.6452,16.2689,50.9712
240.1818,129.2601,16.4423,50.8495
239.0029,131.6447,16.4331,51.4930
237.0002,134.2213,16.3989,52.4329
235.1117,136.8200,16.6278,52.5189
232.7924,137.0145,16.9801,52.9770
230.9303,140.2306,17.4586,52.7794
228.9639,142.2180,18.0620,52.4370
226.5815,142.2644,18.8941,52.2613
223.7223,143.6431,20.3803,51.6409
221.7409,145.0794,21.7910,51.0264
220.7999,144.9957,22.8469,51.2416
219.1520,148.4160,23.9357,50.5659
219.0370,150.3949,24.6709,50.5302
218.3177,151.8997,25.2997,50.8457
217.1655,154.2428,25.4680,51.1949
216.2510,157.4262,25.8589,51.1189
214.0266,160.0603,26.3931,51.0759
212.8814,162.6348,27.0382,51.1489
211.4572,165.5263,27.8744,51.3091
210.0914,167.4224,28.5758,51.8918
207.3194,170.9419,31.7389,51.0011
205.3680,174.1746,35.1981,50.4959
202.7620,175.6135,37.9497,50.4215
201.7014,177.3966,40.4200,50.1918
200.4394,178.7818,42.3555,50.5109
199.3757,179.6373,43.9854,50.8903
196.7485,179.6166,45.6887,51.6678
195.1946,179.7874,46.7821,52.5707
193.7424,179.8341,47.7279,53.1145
192.5137,179.9816,48.4859,53.7640
189.8425,179.8543,49.6731,54.5812
187.1745,180.1735,50.7066,55.6373
184.7900,180.7753,51.8870,56.6961
181.6499,180.8305,53.2432,57.8318
178.6554,180.5964,54.4329,59.0242
177.0917,181.3272,55.1527,60.9083
173.4211,182.9700,56.2279,61.9529
169.1779,184.2166,57.6078,63.0032
166.3841,184.9357,58.2463,64.0879
163.1166,186.5385,58.7675,64.9785
160.4943,187.1768,59.5255,65.3607
157.8511,189.1889,59.7489,66.4425
156.1007,190.9198,59.5730,67.0480
153.2365,193.0543,59.8257,67.4026
152.2999,193.1362,60.0217,66.7819
152.3723,194.4914,59.5192,66.3876
150.1714,196.0920,59.3268,65.9982
147.3455,197.4881,59.8722,66.2027
144.3954,199.9225,60.2778,66.5925
142.7122,200.9547,59.7696,66.4852
140.4619,202.6470,60.1019,66.9596
138.6597,203.2427,60.6529,66.9628
136.2102,203.5862,61.2988,67.4467
134.6542,204.3131,61.2322,68.2622
133.6015,203.4726,61.5885,68.5634
132.7730,203.8835,61.6608,69.5493
131.3961,205.2760,61.7240,70.4806
131.8250,204.6549,61.9360,71.0520
130.9830,205.1995,62.2305,72.4830
131.2897,205.1562,63.2906,73.7284
127.8144,208.9276,69.4845,69.8205
123.3082,211.6440,73.8445,67.0525
118.7746,216.5497,76.5811,65.2388
113.3345,218.7701,78.1818,64.7268
110.6724,221.4636,78.6624,64.9246
109.7746,221.4254,78.3964,64.4613
105.8158,222.5005,78.4236,64.0032
102.9679,223.2102,77.8232,63.3589
101.9034,222.1030,77.5742,63.1254
102.4096,220.0182,76.9855,63.1613
101.1576,219.9293,76.1181,63.2967
99.3320,219.3412,75.1038,62.5322
101.0130,218.1968,73.8872,63.3451
97.8896,218.2232,74.3246,63.0343
96.7146,219.1678,74.1500,63.2460
95.2704,218.4135,73.9519,63.2898
96.4948,216.4893,73.3687,63.3959
94.7308,215.2685,72.3382,62.7610
95.1619,213.2387,71.1676,62.3078
95.6729,212.2535,69.7952,62.5746
93.5304,212.0017,69.0382,62.0638
91.3080,212.9731,67.6108,61.4644
88.6499,212.8863,67.0147,60.5345
88.7769,210.8794,67.4812,60.0724
85.7940,210.6516,66.6039,60.4699
82.9035,210.4728,66.0104,60.1315
79.1120,210.8756,65.3913,59.7660
76.9864,211.7324,64.8280,58.9954
75.8389,213.6842,63.4973,57.7281
73.2642,214.2480,61.9562,57.3491
70.7679,215.8771,60.2932,56.0799
69.1510,216.9245,58.7349,55.1499
68.9537,217.3538,57.1844,54.4921
73.6257,214.7672,55.6109,55.0225
79.5007,214.9916,54.5949,55.3988
76.9583,217.1377,53.2225,56.3422
81.6725,218.5930,51.7454,57.4497
86.1620,218.5905,50.8446,56.5550
91.1002,217.3231,49.7251,56.1128
95.9622,217.1386,49.3685,55.4521
100.9977,219.5789,48.5778,55.4160
105.4472,217.0962,47.0021,55.4186
105.3777,214.9146,46.1894,55.1273
105.3490,218.6257,46.5396,54.9555
102.7992,218.4276,48.6920,53.9973
94.8366,226.7194,50.8144,51.8571
94.3108,228.9782,50.5016,50.1527
95.4223,232.6237,49.5496,47.8177
95.7153,233.8961,48.1620,46.2429
2
0
0
0
0
1
172.5063,224.1309,45.5083,42.6149
172.6401,221.3012,45.9400,42.0963
169.7388,220.5949,47.2252,41.4969
169.8173,218.6317,47.4159,40.9587
169.5874,216.3788,47.4485,41.5080
170.0933,215.6509,47.7856,41.6183
171.2447,213.9308,47.8575,42.2734
174.0910,212.2729,47.9155,43.1954
176.5780,210.7220,47.9287,43.8788
176.7878,211.4212,47.9582,44.7336
176.4214,212.2639,48.2289,45.6006
178.1811,209.2601,48.5864,46.2780
179.5261,211.0274,48.8216,47.0030
181.1248,209.5354,49.0105,47.4064
182.3997,211.0038,49.3633,48.0477
185.9939,209.9947,48.8729,47.9526
187.2289,206.9129,48.7060,48.3036
191.4823,210.2192,48.2172,48.1133
194.0252,209.0428,47.9346,47.7353
195.0146,210.4830,48.0419,47.7072
195.0899,209.6208,48.5296,47.5011
196.4585,209.7819,48.5417,47.5852
199.7108,209.1301,48.7685,48.1828
200.6795,209.3839,49.5457,48.5541
204.3703,210.7161,49.9537,49.1804
206.3879,207.4841,50.8910,49.4929
207.9060,205.1417,51.2372,49.9764
209.1426,202.7426,51.9143,50.3871
213.4637,197.7052,51.4829,51.3464
216.0871,195.1292,50.8322,51.5890
218.1855,191.9182,50.4943,51.9867
221.7676,190.6087,50.1412,52.3580
223.5284,188.5161,49.2672,53.2613
225.6812,186.4544,49.2981,53.8388
226.6040,185.7139,49.1228,54.5520
232.6385,185.3407,48.0243,54.8818
237.0796,184.7191,47.3098,54.3740
241.7719,184.6816,47.4271,53.4751
244.5040,184.9699,48.1456,52.9884
248.9261,184.8482,48.5538,52.1670
251.6777,184.1715,49.1958,51.6640
255.2386,182.8049,50.0817,50.9808
256.7166,182.0228,50.6238,50.4346
258.7962,182.2230,51.4879,50.0787
260.6816,181.6118,52.8246,49.5788
265.2777,184.3953,54.0749,49.2120
266.5344,181.4880,55.5620,49.3167
267.3784,178.7233,56.7796,49.4143
273.7691,176.3952,58.4004,49.7757
276.5542,173.6901,59.4607,49.9989
281.7530,171.5435,60.2602,50.6728
290.0749,170.1781,61.5587,50.7039
297.1412,160.7874,63.9985,51.6554
298.0936,157.9883,66.5845,52.7219
303.9308,152.8718,68.1992,54.3767
308.4032,147.5770,69.8224,55.8191
312.0949,144.1989,70.8352,57.0449
318.0623,140.3235,71.4707,58.6472
323.8600,136.1263,72.3756,60.0305
328.4063,132.8664,73.0736,60.9674
336.6254,130.3134,72.9720,61.4978
340.3858,127.5505,73.6443,62.1152
344.5576,127.0876,74.3349,62.1977
346.9410,124.9853,75.3544,62.7940
351.3255,123.7454,75.5853,63.6185
353.5770,122.6912,76.3533,63.9792
356.9329,121.8063,76.5261,64.4343
359.4388,122.1821,77.1101,64.4787
362.7255,121.7755,76.9842,64.6276
363.6713,121.3678,76.5580,64.7853
365.2531,121.3967,77.0976,64.9107
366.0048,119.8158,76.7269,65.8569
365.3757,119.2146,77.0910,66.3467
365.0718,118.2159,77.8295,67.1083
364.7759,117.5102,78.2157,67.4598
365.8092,116.8171,78.0354,67.7342
365.5332,117.2302,77.8719,67.9585
365.3755,117.3157,77.8386,68.0327
364.1015,117.7457,78.0039,68.3714
364.5912,117.6036,76.9451,69.4567
363.5587,116.3602,76.3601,70.3367
362.8319,115.1887,76.4106,70.8935
363.1883,115.2539,76.3993,71.1921
