1
242.2482,165.1396,118.4525,114.4935
234.2044,177.7462,118.8962,113.1444
216.8467,197.1894,120.1429,110.8315
209.5808,209.2026,119.8295,111.0980
214.8698,202.6008,119.4066,112.1955
215.5586,192.2203,118.0632,113.5006
214.1496,190.4685,117.3924,115.0398
172.1496,212.8402,125.0692,109.9158
147.9150,245.1328,124.2466,109.5673
164.6232,251.3469,123.5482,109.3710
234.7421,227.1594,127.0910,104.2144
220.4318,208.2102,125.2738,106.7951
213.5810,200.4878,122.3970,109.7338
202.9045,199.0383,121.0152,110.8927
187.8386,203.0690,120.0329,112.3592
189.2605,213.0585,119.2157,112.1896
199.1161,211.9123,121.2392,110.1620
215.2955,189.1677,123.2467,105.4216
214.0976,148.2752,122.6953,106.9251
196.8467,141.9127,121.3035,109.5202
203.1231,158.3936,122.1200,110.5150
225.2133,194.2549,124.6521,108.1259
254.2652,228.9147,125.0553,107.0920
268.4919,237.8008,121.6442,109.5477
254.0395,239.5891,120.1735,111.5184
239.7015,242.1930,119.6140,113.5754
236.1136,245.4436,118.8580,113.1887
230.4105,236.7498,118.3388,111.7324
224.7327,221.7735,118.1440,111.9833
222.7666,211.9339,117.9109,112.8911
229.9643,200.2398,117.9790,115.5757
240.8512,191.2038,118.0353,113.7492
236.2280,169.6610,118.8713,113.1210
225.1604,154.1348,119.4626,110.3599
218.8682,133.5156,120.1507,108.9394
222.8258,119.5564,122.2981,110.2206
240.4788,126.1390,122.2991,109.9733
250.1539,129.8788,119.8922,110.5466
251.3990,137.3992,119.8704,109.6953
261.0119,177.5206,120.5806,107.5909
265.3165,218.5622,120.7244,104.9676
271.1580,233.2950,119.5125,106.9950
274.7321,234.9913,118.5191,109.9889
271.0810,231.1211,117.3640,109.7423
263.1618,216.7004,117.3350,110.5547
262.7938,209.0533,116.3144,111.9324
263.3003,199.6002,118.0027,108.5660
264.7493,161.4262,118.4144,110.5707
267.0927,157.9045,116.9380,110.4149
270.0335,176.9903,116.3125,110.3408
266.1855,181.2773,115.9105,110.5156
265.5948,175.7199,115.7987,111.5641
269.8466,176.8635,115.7027,111.3970
274.0172,183.8183,116.4871,110.0645
282.1998,192.0260,116.3742,109.9429
281.9007,205.6226,116.2920,111.0052
256.2004,210.9755,115.5391,111.6248
219.0222,210.1127,117.3434,110.7353
199.8062,207.0818,117.1660,110.5745
203.6031,203.8620,116.9225,111.1554
227.8977,207.8657,116.4925,110.3572
265.0515,209.8389,115.5804,111.2998
305.2981,212.9067,115.3902,110.6478
333.3719,215.3263,115.8060,111.0848
328.9828,218.3180,116.5612,110.7225
318.6722,207.9573,116.7371,111.2046
292.8534,183.2285,118.9172,113.0211
261.9261,161.6360,118.8157,112.8746
240.9911,155.9316,118.0047,113.8962
241.2955,165.7378,118.1673,112.2826
249.7983,180.3040,118.0568,111.6738
254.3431,196.5687,117.9482,110.4632
267.9775,209.1732,119.2425,110.2428
293.3185,223.5372,120.6212,109.2171
306.6887,230.5184,120.3577,109.9853
303.5214,239.2068,120.3885,110.9257
294.8545,246.5522,119.3474,112.0047
284.9328,249.1908,119.9459,109.4452
257.5331,239.0500,122.0687,107.5951
226.1206,228.7259,121.2917,107.9638
210.4726,227.3944,121.4466,110.3798
210.4795,231.3791,119.4517,111.5778
219.8396,229.5635,119.0181,109.9378
232.1976,202.1377,120.8418,113.6332
249.3895,176.1687,122.0818,113.0374
262.8615,145.9730,123.7557,117.4109
284.8986,139.5238,124.1741,115.0495
314.6910,140.9423,124.2653,113.7128
324.3516,151.8543,122.2666,112.4624
324.6223,167.3167,121.3515,111.7492
312.6612,180.1945,121.1991,110.3888
290.1284,187.2488,121.5425,112.3242
260.2151,201.6291,123.3138,115.3496
245.8610,223.1746,123.6460,112.7455
231.8665,226.9573,122.9177,110.3679
219.8996,212.4175,121.4388,110.1674
210.3616,204.9223,119.9972,109.6385
203.6994,200.8620,119.0814,111.2749
212.1523,196.1944,120.7009,110.2642
229.9122,174.1053,121.6792,111.6352
242.3822,164.4676,121.7927,112.6604
257.3792,170.0645,122.6052,110.8889
273.6113,183.2769,122.2249,114.3612
294.6364,210.5882,121.1225,112.8027
304.2046,221.4214,120.4210,111.4041
291.4274,205.4275,121.6872,111.3288
257.8134,189.8169,121.0988,112.2823
213.3606,195.2960,121.4129,111.3596
172.9217,208.4992,123.4943,112.2338
160.8289,227.9099,122.2737,111.6950
161.2872,230.5003,120.0063,113.2424
176.3621,209.7848,120.0777,116.5293
195.4879,183.9568,122.1879,117.1534
220.8270,168.7705,121.8641,115.4590
231.6268,170.8633,120.1805,114.9796
227.2569,185.9949,119.8281,115.2643
223.0621,198.2442,118.6945,116.0913
220.5226,197.7394,117.9146,115.1353
228.6538,193.0405,119.6959,112.4211
238.7017,193.2975,118.6880,111.7013
235.4691,202.9610,119.2841,111.7339
223.0424,218.8415,119.5327,110.6128
205.9449,221.5808,119.8400,109.9185
200.0527,205.4624,120.2880,110.0358
198.2922,191.6080,120.5279,108.9921
192.8759,187.9337,119.8613,110.6005
196.8155,196.6391,119.9837,113.2863
207.1653,221.5006,119.4795,113.4547
205.4841,247.0520,119.0039,113.2599
200.2416,247.5285,118.5675,110.1390
198.5108,220.2706,120.0072,110.1703
200.4739,199.6813,120.1521,109.2740
191.7352,182.4152,121.0349,109.5138
170.9291,173.9884,120.0330,110.2353
162.1127,181.5511,119.8303,110.6255
169.6238,196.9884,119.7229,108.1006
181.9678,206.0967,119.2752,107.1548
200.1731,204.8640,118.9730,108.7060
223.4722,213.9182,121.7358,107.0107
248.5260,227.2854,123.2658,106.2450
274.2417,241.6540,123.4849,106.2077
293.9525,242.1706,122.0785,108.1272
284.9026,237.9077,121.6550,108.7825
245.3248,222.7348,121.0427,112.1377
199.1512,215.9736,120.8899,112.1329
166.8497,210.4608,119.6417,114.3048
133.8478,219.9554,120.9864,113.3210
103.0517,225.6737,121.0497,109.7918
107.1252,217.2717,125.4779,106.1016
166.6708,195.6605,124.7579,109.5677
212.7023,190.6091,123.7932,110.1543
226.0067,186.0200,121.1423,110.5449
226.0755,187.0703,119.8495,110.3894
233.7661,199.6359,120.2639,108.1205
240.1078,209.3364,119.3037,108.6792
230.3031,217.3490,117.8383,109.4139
195.7112,217.1660,117.6778,111.3288
168.7382,221.8833,118.5725,110.3111
173.3463,224.8878,118.0187,109.8708
208.3132,215.6245,118.8374,111.7900
260.1877,212.2113,117.8620,111.2563
274.8235,211.5334,119.8286,112.2241
268.6478,214.2684,119.6271,110.3214
257.3780,204.5061,119.7729,108.6131
250.5782,196.2892,119.0017,108.5502
245.4910,190.6223,118.3649,109.0990
249.9829,184.0800,117.4129,110.1798
265.2711,191.9259,120.1861,108.4890
272.7318,198.9543,120.0609,111.0131
264.8212,203.2976,118.5003,110.4301
240.2937,208.2733,119.1323,110.2705
201.3995,222.7950,119.8279,112.6266
184.6616,242.0601,120.4028,111.2776
173.4251,246.7546,119.1635,111.0715
178.3359,245.5814,119.7699,110.2348
202.3838,237.3106,119.7298,111.6334
210.6485,233.4474,118.4346,111.9362
192.3658,231.2194,118.4539,111.4772
172.9946,229.7872,118.8794,109.7162
170.8945,221.5626,119.2602,109.7463
191.8471,216.2984,118.5629,110.8867
236.3971,208.3490,118.3252,111.5540
281.0230,197.2295,118.2554,111.4329
279.9248,191.7369,117.4075,112.8108
244.8780,190.0417,119.1918,111.9975
210.0857,182.1462,120.7697,110.7138
194.8576,180.4659,119.8439,110.6653
178.8643,181.9627,118.9461,111.2106
166.1184,184.9763,118.6505,111.3601
170.8383,186.0983,117.7861,111.2063
203.3966,186.1942,118.4263,112.3562
266.6491,192.4418,118.0473,110.8234
293.0456,190.2656,118.7896,111.2917
292.3774,187.2109,116.8468,111.9880
273.5749,191.2151,118.0405,111.7323
252.1867,196.1936,118.6418,111.2931
232.9294,205.4326,119.7039,110.7571
208.4886,213.2072,118.0482,109.5640
172.9153,201.6300,120.9367,108.4121
139.6451,187.1273,120.9629,107.9355
137.9491,183.5697,119.1743,109.0611
156.7939,184.0839,118.9071,109.8787
183.7117,191.2078,120.3658,108.6193
190.5862,192.6426,120.3603,109.1815
187.1791,186.1544,120.1054,109.2232
194.2074,175.0206,120.5633,110.2692
204.2715,167.8746,119.5815,110.5096
213.0418,170.2670,119.2233,109.8763
213.5713,178.5124,119.1465,110.2267
206.5644,187.6180,120.0127,111.5349
198.0102,207.0678,120.5672,108.2074
212.7585,229.9075,120.4905,106.5986
220.8217,246.8567,119.9860,108.4868
209.4064,249.1367,119.1227,108.7035
192.5375,240.7775,119.1684,106.0040
180.6717,212.7898,120.2934,105.0237
178.1040,172.9187,121.0593,107.2520
187.4697,155.6866,120.5845,109.4059
199.7361,159.4019,120.8544,107.8745
216.5458,172.5800,121.2811,106.4109
236.9640,186.6078,120.3906,106.2008
240.7900,186.5492,118.4710,107.1470
234.0940,187.8763,117.9957,106.9482
211.9444,195.5246,118.3008,107.0009
190.2993,201.5255,117.5731,107.8154
185.3594,211.2366,117.5477,107.0055
188.9366,216.4698,116.1940,107.5968
186.3686,209.6964,116.7982,106.1536
185.5288,184.3519,118.6816,106.8789
200.3835,160.7763,118.7546,109.8575
216.7652,158.8297,121.6566,109.5891
267.9836,167.8528,121.1546,108.5525
289.2530,183.0354,120.7187,109.9196
295.8159,210.3067,120.1345,106.1523
292.1450,219.3096,118.2817,107.3631
293.7473,222.0622,116.8407,107.6522
297.7881,218.0257,115.4499,108.1543
293.1738,221.7958,114.9335,108.2678
263.8413,227.0047,114.4745,109.0032
237.7626,227.7107,114.7599,108.1728
231.8733,233.6276,115.0909,108.3406
220.5594,239.4017,115.1902,107.6104
208.3371,233.1230,116.6513,105.7302
208.6805,214.7750,117.1368,106.7377
212.5862,204.7392,116.9603,108.1820
219.1078,201.0797,115.8100,108.1004
235.4308,201.1048,115.0488,108.0937
252.8522,195.8147,117.5292,107.0483
255.9375,179.4165,118.2926,105.6715
258.7827,166.3780,116.7584,107.2055
272.1423,178.3135,118.1026,110.4274
281.7215,218.9170,118.8263,107.5866
275.4257,245.8613,118.8502,107.8309
262.8239,255.4978,116.5304,106.7310
251.7006,240.9097,118.2869,103.3583
245.4609,198.2664,119.5454,102.3152
238.5902,167.1599,118.9151,103.9226
233.4286,156.8997,116.4267,105.5962
223.7136,163.5464,116.2724,106.3431
206.5279,168.8620,114.5215,107.5158
217.2005,171.7402,113.3763,105.7281
249.5485,157.9283,115.1130,106.0650
268.4026,143.5336,115.1129,107.7751
279.0269,140.3830,115.2804,107.5381
277.7590,151.6917,116.5366,110.5879
261.4894,173.5717,118.0473,108.5881
243.2494,183.0875,116.7804,108.4809
235.7839,185.6580,114.5025,107.6597
239.3307,182.7653,113.5870,107.7015
245.6489,184.2041,114.6719,107.1268
243.6630,195.5299,115.8511,107.9115
210.2119,208.7217,116.2586,106.2386
200.7554,210.3548,114.6896,106.3453
210.4651,200.5818,116.2874,106.1618
228.4276,184.1706,116.9477,107.3484
236.4699,180.6742,115.7251,107.4163
237.2537,188.1300,114.9272,108.0283
237.0237,196.6991,113.5969,108.0647
236.9546,201.9175,112.1464,107.0062
230.5994,204.5689,112.0011,108.1879
214.5269,215.1807,112.6369,108.5271
207.9124,231.7111,112.8987,106.3502
217.1688,233.8635,112.3675,106.4588
219.9149,227.2821,111.6829,106.8405
214.8797,223.2182,111.0117,106.1823
213.2245,219.7371,111.1721,106.5816
224.5844,213.2053,111.7184,105.9190
247.6723,188.6284,112.6108,105.9765
275.2647,162.5154,113.9255,106.5689
278.8881,158.7866,111.8591,106.3587
279.2675,169.7822,113.0996,105.3347
273.4499,192.9021,114.4715,104.9509
265.6546,217.7244,114.7893,103.7583
261.6810,228.9106,111.7431,103.1852
240.8654,225.5646,113.1961,102.7312
216.9444,224.7785,113.2718,104.5238
216.8405,236.0454,112.1321,103.9247
226.7467,246.9721,111.3500,103.1546
236.2395,241.4543,110.4288,104.3102
237.5702,228.9182,111.4507,102.3673
239.8135,209.5160,112.3755,103.3487
254.1795,212.6387,112.9381,100.9946
287.2727,214.3872,113.2256,100.8764
299.6617,208.5793,113.4084,103.1683
292.8596,202.9846,113.3780,102.5039
280.4497,202.3012,113.0652,102.8144
270.1318,210.4238,112.5985,103.1796
264.5510,226.4582,112.3661,103.0762
257.1424,237.9689,111.5907,103.4743
253.4277,240.6109,110.5177,102.9906
262.7827,234.1733,110.2377,104.3180
266.1500,225.9365,109.8883,103.4847
261.0900,217.7919,109.7273,102.4460
256.2318,212.0151,109.2062,102.1431
255.9467,206.8247,108.0659,102.4587
260.5661,207.2421,108.5868,100.7617
268.4687,196.7828,108.3621,101.9329
270.3577,189.8530,107.3741,101.9796
270.5665,197.2815,108.2288,101.7359
279.2217,210.2475,108.0546,101.2605
286.9927,223.7366,107.9440,100.9686
291.5633,229.5220,106.3003,101.0957
278.4704,232.1202,106.6216,100.3697
249.1388,240.4633,108.5344,98.8162
225.4462,237.9555,108.9683,99.2136
213.4631,222.9841,108.3516,99.0855
203.2895,199.8133,109.0860,97.2256
203.4519,172.1714,109.6062,99.2384
211.3009,165.0601,108.6429,99.6733
225.4306,171.3144,108.8229,99.4036
240.0361,180.8286,108.3660,99.5994
246.7502,184.1619,106.9857,99.7772
253.9353,187.3397,107.5942,99.6533
267.6929,206.5437,108.3219,98.3673
284.2552,230.3439,108.4069,99.7912
290.8035,248.3000,108.2455,100.3654
286.2138,248.0634,107.7181,97.9229
275.8195,219.6372,108.5965,97.4091
265.9139,202.4523,108.1358,97.5590
246.4790,200.1552,108.1430,96.0622
226.9802,200.1956,108.6528,97.9995
219.0036,221.1764,108.7581,96.3691
228.7793,231.8215,106.4032,95.8924
243.2845,229.7467,107.5288,96.5949
264.2560,228.4236,106.9505,98.0227
274.3533,232.4287,107.0772,98.0137
275.6309,241.5877,106.9040,98.5931
272.6506,254.9886,106.3230,98.9845
271.9292,260.1895,104.8160,99.3426
272.3092,255.0238,104.5869,100.6980
274.0863,249.3002,104.3655,101.0707
276.0380,238.8209,104.5098,101.2384
277.7017,230.1892,103.6594,101.1450
272.8952,231.6167,104.1968,100.9063
262.6553,239.3663,103.9534,100.6003
255.1582,240.8481,104.1429,99.9490
252.2728,234.4005,104.7401,98.5516
253.2864,220.7280,104.6784,98.6601
250.1657,218.2943,103.8263,98.7001
243.8890,220.5250,103.7869,99.4807
247.8267,226.1238,103.8334,98.5504
262.8707,229.0114,104.2310,98.1473
280.0983,222.2801,104.0139,97.0664
292.8904,210.6373,104.7015,95.2933
293.4706,194.0847,105.0544,96.7757
288.6667,192.7396,104.7094,97.3805
283.4398,199.3967,104.2575,97.7948
280.4919,206.6411,104.1469,98.3281
263.6103,213.5120,104.5042,96.3435
239.2346,203.5658,105.5066,95.8589
225.2404,194.4044,104.2580,96.7829
221.6463,199.2767,104.9582,97.2963
226.8218,220.5711,106.8173,95.6379
250.2622,262.6970,107.0436,96.0622
274.0465,280.8498,105.4868,96.3488
297.3654,267.1983,106.0829,95.8790
315.6206,240.8354,106.6499,97.1762
313.9327,228.4854,106.0516,97.0397
295.2336,223.5947,107.9341,97.0499
275.4416,229.5265,106.6550,96.8664
245.4424,242.4947,106.7883,95.4144
220.8911,238.3365,106.2576,96.3148
241.9960,240.8033,107.2604,93.4396
283.1230,242.7841,107.2468,93.0001
312.2337,237.7952,105.8696,94.2399
329.8157,230.7817,105.3191,95.0621
338.1985,230.7649,104.8368,95.7524
344.9989,238.1251,103.9086,96.0968
348.7064,236.1006,102.9827,97.1761
348.8002,229.5720,102.8281,96.9426
342.0418,233.3162,103.4415,96.4779
316.7738,251.4315,104.0899,96.2912
299.0354,260.4233,104.6858,96.2743
295.4810,253.6168,104.4125,97.0204
305.9554,242.3356,104.9141,96.7981
313.5072,241.1246,104.5807,95.5908
326.8360,249.7491,104.3155,95.0702
345.4405,260.4057,103.7874,95.0650
355.7434,252.2665,105.8752,94.2170
341.8115,219.5986,105.8503,96.4720
307.3228,180.6110,105.9471,96.9076
286.0544,164.7736,106.0258,96.7094
280.2845,174.9844,106.0672,94.2209
279.4016,194.6797,106.0280,93.1319
270.4141,212.1507,105.4336,93.8968
248.0282,234.2257,105.1136,93.3498
230.2122,240.2546,106.3609,93.7839
218.5027,242.7305,103.7312,94.6519
218.9980,245.3559,102.4971,94.2911
229.0330,250.1098,102.9142,93.7746
246.5935,238.6291,103.8084,92.9368
249.9478,208.8973,103.7697,91.3736
239.6429,182.0378,103.9070,92.0307
232.4425,174.2377,102.2077,93.3929
228.4841,179.7685,102.1679,93.7776
209.9144,193.7712,102.7242,94.4796
194.0914,205.8353,101.2647,95.1350
188.4011,209.0770,100.6610,94.7525
185.3170,212.8506,101.4779,94.8866
178.6640,225.7852,101.3959,95.3285
182.8560,236.5481,99.5172,93.6186
206.3654,237.3278,100.0549,93.6953
237.2038,235.6911,101.7562,92.3922
271.4103,226.0366,102.5463,91.9991
288.6906,221.3114,102.9592,91.2227
309.0298,225.0528,103.4131,92.4121
310.6609,241.8629,103.4533,91.8905
288.3977,250.8026,102.1742,90.9324
246.0882,232.6872,103.0511,90.8497
208.5521,219.6136,103.6489,91.1483
185.5781,219.1061,103.4225,92.0775
177.5744,225.8736,101.9376,91.8452
203.7720,232.5417,99.5842,91.2736
231.9287,219.6410,100.5037,92.0959
246.0487,200.7900,101.1819,93.0496
261.8302,196.2199,100.0128,92.5516
289.4234,199.0703,100.4005,92.6338
323.1824,203.8895,100.4851,92.4675
333.5621,207.7297,99.1904,93.1516
327.2200,205.3804,98.7756,93.5105
304.3210,201.3302,100.3886,92.2159
273.8479,180.6266,100.7707,92.4352
234.6915,164.0998,102.8537,92.1567
249.1078,147.8875,102.2687,92.7086
281.9190,142.4412,102.2396,93.3131
294.7663,130.8788,102.0670,93.2211
300.9467,119.4369,100.8648,94.0499
300.3449,131.1752,101.4967,92.5450
302.2803,158.9017,102.2784,90.9456
304.5759,201.6444,103.0613,89.3023
306.4076,229.5136,100.0773,89.6136
306.5361,229.4096,98.3620,91.5669
303.1345,216.3080,98.1955,92.4756
296.0738,202.3246,98.1235,92.7201
290.9321,191.2273,98.0589,92.7313
289.0057,178.9813,99.4283,89.9116
287.2732,149.8306,101.2214,87.5908
287.2791,104.3438,103.1524,86.8986
299.1174,86.6586,106.0890,84.9149
323.4190,97.1168,102.6921,89.2096
332.4078,143.8445,101.1248,88.2071
321.1763,171.0647,100.8049,88.8752
303.1806,188.4184,100.7454,89.7229
291.6309,205.5831,100.1045,90.1822
282.1242,220.1637,99.0473,90.6130
273.7199,229.8528,98.2713,91.5699
266.0953,232.8830,98.7752,92.6922
271.7798,237.0853,98.1070,92.8125
281.2932,235.0038,97.5197,93.2362
288.2275,224.2064,97.6648,92.7292
294.2033,213.1917,97.9832,92.3154
307.5871,198.6948,99.2737,91.8876
315.6663,190.3273,98.2042,92.4113
319.6712,192.0171,98.6335,92.1208
331.5022,200.4066,98.6045,91.8114
333.7564,220.3764,99.0561,90.7447
316.6092,236.6723,99.9982,91.9935
297.0544,255.7798,101.0137,91.6031
274.4716,265.3440,98.9793,91.2861
264.4440,262.0204,98.3171,91.8719
260.3987,257.5057,97.5258,91.4684
246.9913,235.8664,97.2607,91.9850
235.2699,198.7047,100.3316,91.8309
259.1323,181.2567,98.9014,91.3809
280.1950,175.2848,99.9837,92.1491
292.3969,180.6037,100.4202,91.3029
308.2833,195.2022,99.4582,92.5930
325.3087,211.9836,99.7443,93.5962
342.0080,232.8714,98.7890,94.2081
347.9088,254.8366,98.6716,93.6259
344.3447,265.0364,98.1344,92.4470
327.6220,269.0694,97.5675,91.2494
295.7383,272.2540,97.7990,90.5643
251.4628,274.2440,98.6079,90.4176
218.7099,270.0334,96.6135,90.3482
216.1154,256.3935,97.5510,88.8880
223.0765,229.9836,98.8330,87.1270
222.5759,200.9840,100.2856,88.6455
237.7750,190.1892,100.0950,89.2142
267.8672,188.0297,98.9395,90.5055
295.4319,187.6923,98.1206,91.2944
310.9792,186.6172,98.5456,92.6139
317.2729,191.2537,97.9955,92.9199
322.0168,202.5572,97.1750,92.2150
325.7488,218.4608,97.9785,92.6935
316.3024,234.7303,97.6309,92.5361
279.7265,237.0509,99.1664,92.5060
234.9919,234.5795,99.8448,92.0630
195.4017,235.7799,99.2655,93.5790
181.5329,230.2520,97.7906,94.6269
191.9626,231.9729,98.8807,95.4467
230.4745,232.9282,99.1532,95.7454
251.4013,228.6644,100.1629,96.1051
256.6622,225.6604,98.7248,96.0622
276.2260,226.6724,99.1018,95.3984
330.6352,228.1005,107.2652,89.0563
361.8888,213.9076,107.7554,88.0736
342.5415,211.1105,106.3919,89.5881
265.4735,213.5465,114.9963,84.7507
195.2957,221.0557,112.8453,86.8298
155.5029,223.5463,110.3940,84.9004
157.4635,215.8359,106.3845,86.5590
109.6456,144.6069,105.7638,91.7954
215.9348,158.0338,104.3712,95.2032
216.4799,157.0092,102.4565,93.3291
218.6596,169.5308,101.1701,93.7238
231.2000,197.1544,100.6540,94.1394
236.8009,230.3491,99.6192,92.9261
231.5783,248.4966,99.7002,91.8670
239.0555,260.7440,98.3774,91.5502
248.2965,265.0502,97.9405,91.7891
237.7004,257.6330,99.1514,91.9970
218.0824,254.0472,99.6404,92.0754
225.1459,268.7312,99.5848,91.7952
256.2812,285.8139,98.2487,92.4810
275.1811,285.6335,97.9264,93.7328
271.8916,273.4664,98.8134,93.1313
271.5912,248.0964,99.8647,94.0375
277.8868,207.8293,100.5502,93.1140
271.1461,160.7275,100.7595,91.6690
254.2556,151.7038,100.1660,93.5289
235.2845,163.6590,101.0930,94.0255
227.1198,188.4012,102.7431,91.6080
222.4541,225.9375,104.4544,90.4266
223.5559,249.4783,102.0127,89.6303
231.4435,257.4234,100.5394,91.9912
242.5700,250.1635,101.5079,92.8479
244.5908,234.8254,101.8832,93.4048
243.3676,226.9352,100.5601,93.6968
257.9256,225.2619,99.2474,93.6407
279.1205,214.5409,101.2757,94.8895
280.1681,202.8541,101.8787,93.9599
267.1647,190.2345,101.1163,92.8820
276.8666,179.3913,100.8530,93.0789
291.4447,179.2340,101.7527,92.5236
295.7761,199.3894,100.5760,93.7317
281.7335,233.2334,99.7962,94.4894
274.2040,249.3029,98.8017,94.9615
281.9836,262.6916,99.4617,92.3693
286.4086,257.3323,100.7098,92.1970
274.3393,243.9374,100.5299,91.0031
268.5335,236.5529,99.9095,90.9804
271.3232,238.8637,98.7057,91.2103
271.7578,235.6431,98.4148,91.4140
265.7045,230.0609,98.5510,90.3661
257.9361,220.3201,97.9812,90.9309
254.1893,220.6039,97.4738,91.5270
249.7356,225.9668,98.0934,91.7585
238.6662,229.7133,97.8950,90.9880
238.2202,224.5195,99.0905,91.2216
264.4511,221.8196,99.5573,90.2887
286.4440,223.2351,99.6530,90.6325
274.5438,233.4462,101.6416,90.7659
254.2330,241.0152,100.8637,91.3192
252.7807,240.5475,100.8292,91.8783
262.1826,229.2059,101.1968,91.5533
267.2179,217.0999,100.2808,91.5979
267.5368,213.1070,99.3425,92.2316
271.6798,219.5967,99.2475,91.3060
280.6907,223.8043,98.5447,91.0983
279.1113,225.4372,98.0098,90.9450
271.7271,220.9398,98.3115,92.1030
271.7570,216.2340,97.8497,92.2761
274.3232,219.8334,97.6889,92.3862
277.3095,229.8195,98.4832,91.6830
270.3803,244.9676,98.8420,91.3040
265.2698,249.4896,98.1350,91.1357
272.5908,239.3076,99.8277,90.8087
285.3390,223.2538,99.2471,90.6730
281.8212,219.0340,99.4984,91.4002
275.1756,229.1805,100.3733,90.7863
266.2845,238.7736,99.5457,91.1368
266.4893,236.6712,98.9554,88.9799
268.8391,215.1143,99.8660,88.9251
272.8893,205.4756,98.7126,90.0654
275.8583,214.2179,98.4138,89.4436
276.2191,229.2031,98.8581,88.8350
268.7979,236.3998,98.3033,90.3757
263.3867,237.9221,97.2229,91.3266
266.6533,232.6093,98.1453,91.8837
268.5703,227.8080,97.5876,92.1111
260.7681,230.1427,98.6501,91.9509
251.2270,242.7368,99.6732,90.7021
248.5313,251.3406,98.4525,91.1968
249.0929,248.8417,98.3867,91.5899
250.3103,239.4741,99.3286,91.7314
248.9899,235.7083,98.3595,91.9065
246.9214,243.1098,99.4554,91.2606
247.9627,254.7463,99.0466,90.7619
251.6618,259.3942,98.6302,91.4991
251.2061,262.0950,97.8433,91.4165
249.7236,262.0119,97.6773,91.6344
249.3929,256.6715,98.4702,91.5453
240.0970,248.5527,99.0620,91.9067
239.3988,244.3644,99.7546,91.2291
239.2457,232.5102,100.8291,89.7396
238.8528,221.3882,101.0781,90.4879
237.3639,219.6441,99.8677,90.8566
241.2654,222.7930,99.1070,91.1895
245.7830,219.7576,99.4456,91.7400
249.3148,210.8338,100.1263,91.7346
251.9122,207.8356,99.0068,92.1334
251.8610,218.4462,99.5482,90.9649
253.3275,235.7186,99.1802,89.7781
254.7543,242.6976,98.3029,90.8634
252.4164,239.3294,98.7438,91.1060
252.5335,230.2793,99.5763,91.8845
263.5922,223.4588,98.9532,92.5308
264.4662,225.4222,99.8545,92.0858
262.7943,233.3839,99.9891,92.4910
252.4079,238.7472,100.1427,92.7515
249.2746,236.8831,99.2019,92.6045
254.2760,228.2477,99.4940,91.5750
251.7551,221.9389,99.7295,91.8309
239.8214,233.7505,101.7629,91.7245
233.1839,248.9736,100.9579,91.5190
235.2134,253.2767,100.2971,91.4637
249.6768,251.4526,101.0250,91.3793
271.6688,242.1498,102.5270,91.1042
276.2845,227.3673,103.2883,92.5574
263.4730,232.1297,106.6768,92.3216
240.6342,246.3027,104.3197,91.2910
263.2625,256.3865,103.3329,90.0175
280.4225,251.8092,102.7323,89.2305
273.3543,235.1079,103.3966,88.9298
253.3104,227.4098,106.1307,90.3440
235.5199,229.3942,103.8899,90.7757
233.4535,230.8053,101.1990,90.9641
236.9326,229.0778,100.1326,91.9996
239.2875,226.2242,99.0133,92.0568
233.7694,226.6895,98.2198,92.1728
232.2302,226.7760,98.2308,92.4660
240.1355,233.7124,98.1532,91.9776
239.5537,243.0892,98.7268,91.5780
255.9192,253.8153,99.6871,90.1857
304.3156,251.8248,102.6448,90.4806
314.0538,244.2702,103.2384,90.3022
281.1991,244.7136,108.0093,90.7372
233.3801,263.1488,114.5245,86.9809
208.9809,272.6775,112.2610,86.8562
215.5854,277.0138,112.9005,85.6219
244.7208,265.0353,110.8639,88.1193
250.7577,261.4743,109.2712,86.9305
236.9381,265.1779,109.7488,85.8102
219.1926,266.9766,109.8911,85.0262
208.0267,267.1968,109.2896,85.0656
217.7534,270.8496,109.9443,83.8679
233.9053,270.8656,109.8438,84.2827
236.7762,264.7062,108.1377,83.7618
238.2582,256.8229,107.5696,83.5453
229.8224,255.3523,107.3217,83.1766
228.7565,249.9669,107.5054,83.3641
238.9267,241.1891,107.6228,83.4022
244.8399,230.7495,103.9114,85.7482
242.7252,226.1777,100.9178,87.5646
243.3779,219.6718,100.1532,87.6428
246.5817,213.6310,99.3022,88.7243
250.6191,228.5674,99.5663,84.9020
242.5672,264.2653,101.5405,83.1032
230.2904,291.3428,100.7658,84.8115
228.9698,289.7865,99.6402,85.2479
238.3400,270.1615,100.3381,83.1108
244.0652,250.2083,100.9085,82.9797
254.5000,234.4219,101.1776,81.9218
257.0818,219.0263,100.8136,81.1198
250.6082,204.8306,100.5459,80.8389
244.8600,189.0945,100.1349,81.6692
248.2078,171.7422,99.8589,82.4032
250.4049,163.2715,101.6242,82.3078
260.5146,168.1146,99.9725,83.4797
268.0595,188.8038,99.4678,81.1096
269.4586,220.6582,100.9867,78.7451
274.4593,245.0976,100.1912,79.9973
276.4585,244.2853,99.3600,78.8402
271.9417,220.2788,99.3929,78.0831
269.7837,205.6268,101.1352,78.6920
286.0002,202.8851,102.7738,78.7112
309.5854,211.6891,101.2671,78.7741
312.6475,220.2114,101.3918,79.3950
300.5713,224.5743,102.5628,80.0791
286.8794,227.1542,102.9908,80.8512
287.7541,232.7392,102.5705,80.0805
293.8302,255.1520,102.1505,77.7995
307.2372,276.7574,100.3972,78.5147
313.0113,281.9315,97.7222,81.9834
305.9686,274.4731,97.8519,80.9198
292.6307,257.8348,98.3825,79.2916
287.3846,236.1414,99.0646,77.3445
285.5382,211.2750,98.3455,78.9210
283.4197,205.2110,100.0679,79.7102
283.1982,213.6237,99.4986,79.9609
293.6815,226.2759,99.7867,79.3005
305.0959,232.7765,100.9269,79.1090
305.5868,237.3112,102.1077,79.9147
303.6059,241.7318,101.7579,81.1069
296.9348,251.1520,100.8448,82.0938
293.0513,251.5237,98.7076,83.4667
291.8698,244.4438,99.3967,81.9506
291.1152,232.2233,99.6459,79.9782
292.9650,214.0161,101.2087,80.7936
296.3433,204.7610,99.5169,81.8507
296.9316,200.5403,99.0242,82.5801
300.4452,199.4696,97.2997,83.4304
308.0429,205.7362,97.8028,82.1798
326.8425,224.7276,98.6483,80.9186
329.8939,245.6425,101.3468,77.9842
312.5038,253.9741,98.6956,81.9778
279.2240,258.5626,98.1300,83.1174
260.8874,252.9601,97.5823,83.4003
245.3590,242.1994,96.4441,84.7620
228.5126,224.0474,97.8884,83.8191
222.2062,194.8371,102.9424,80.6681
236.6189,181.3258,101.5538,81.8427
262.7657,183.8386,99.5869,83.1449
275.2769,197.3476,96.8072,84.2880
280.2877,208.2827,95.2174,83.3828
285.6188,211.3702,94.6292,83.1586
292.2339,214.8221,94.4989,82.6503
291.9838,216.1736,94.6061,82.6745
293.8552,217.8866,93.4295,82.9864
292.8207,217.3534,92.6073,83.3117
