1
337.1511,118.1330,18.9757,26.1092
333.3517,116.9723,19.7162,26.5170
329.2261,118.2563,20.6616,26.0752
325.4415,116.9025,21.3282,25.7857
321.7252,117.7086,22.2538,25.6712
318.0023,116.9609,22.4419,25.4583
315.0058,116.6294,22.8906,25.4791
312.7994,115.7109,22.7741,25.7175
310.9923,115.1549,22.9370,25.7295
308.5375,114.6467,23.2714,25.1877
306.6303,115.2088,23.0840,25.2510
304.7608,114.7015,23.5107,24.6056
302.2872,115.8738,23.3754,24.1925
299.4087,115.2324,23.5249,23.6438
297.0320,115.2092,23.0232,23.7747
294.6816,114.2169,22.9333,23.2667
292.8531,113.6413,22.2138,23.2636
290.2107,112.7628,21.4751,23.3338
288.3794,112.2966,20.8984,23.9235
285.7424,111.4682,20.7646,24.1972
2
0
0
0
0
1
246.5075,118.2934,14.5332,21.6647
243.9060,118.6066,15.2678,20.4295
238.9424,118.7972,15.9341,20.0539
235.8508,119.2912,16.6731,19.5617
233.1856,120.4338,17.5119,18.9184
228.6549,120.1691,17.9444,18.4498
224.0834,121.4604,18.5506,17.8288
221.4032,121.5273,19.2537,16.9777
220.1230,121.8698,19.4156,16.6977
2
0
0
0
0
1
173.0801,122.2949,17.1413,17.8518
170.1386,121.6266,16.8721,18.2707
167.1706,121.2117,16.5094,18.4944
163.1257,121.6811,16.8652,18.2231
160.0683,121.7009,16.8428,18.3337
157.7736,122.3895,16.5922,18.8381
155.1406,122.2290,16.7811,18.8896
152.4243,122.8102,17.2704,18.5222
150.0269,123.5825,17.8884,17.7767
150.1208,124.2179,17.2622,18.2140
149.9095,125.1630,17.8107,17.2874
150.5926,126.4856,17.4219,16.9295
151.7336,126.1073,16.8983,17.0253
152.0927,126.8575,16.0047,18.0393
153.2925,126.8151,15.7018,18.0830
153.3374,127.5808,15.8006,17.9250
153.2046,128.5938,16.4144,17.3067
153.5152,129.3657,16.8440,17.4249
153.1027,129.5892,17.3912,17.5705
153.7878,130.9695,17.7508,17.2186
153.9104,131.5186,18.0826,16.9487
154.3831,133.1459,18.4259,17.1779
153.9384,133.1651,18.6173,17.5515
154.6906,134.6639,18.9001,17.3117
155.8890,135.7552,19.0453,17.5123
2
0
0
0
0
1
198.7856,139.3647,15.3549,21.4757
202.8414,139.0181,15.5854,21.7343
207.3375,140.5098,15.7961,21.4697
211.6161,140.4509,15.8102,21.6935
215.2104,142.3142,17.5187,20.1122
216.8412,142.9249,18.9015,19.2824
221.2480,144.1493,19.4523,18.7269
225.6541,144.0491,19.3121,18.8798
229.6857,144.8777,19.7120,18.5964
231.8067,145.8309,19.9532,18.6425
237.3741,146.9776,20.2536,18.7705
243.1211,146.4540,20.0998,18.9444
2
0
0
0
0
1
288.3278,146.1684,19.3647,24.2033
291.1434,144.8403,19.3837,24.4682
293.1177,144.3916,19.1637,24.9235
294.0578,143.7262,19.3055,25.3167
295.1193,143.9527,19.1595,26.1136
295.8304,142.4430,19.1701,26.6341
296.7510,143.2172,18.9799,27.0799
297.0502,142.3692,19.0885,27.7854
298.1310,142.5371,19.0899,28.1103
298.7625,142.1980,19.0222,28.8341
298.9775,142.3506,19.0021,29.5501
299.4123,141.9858,19.1116,30.3374
298.6587,142.9192,19.1240,30.6005
298.7520,142.0929,19.2838,31.3647
298.7906,141.9126,19.2945,31.5466
298.6475,140.6906,19.5533,31.7775
298.2465,141.5112,19.7224,32.6177
298.3510,140.9168,20.0017,33.5326
299.8094,141.7148,20.1545,34.1292
300.7863,140.6470,20.3742,35.4054
300.8416,141.4717,20.8446,36.1260
301.9105,139.6651,21.3359,36.4947
302.2402,140.6294,21.5304,37.0198
303.9577,140.3942,21.5738,37.7677
304.5395,140.0216,21.9103,38.3105
304.5854,138.5897,22.1477,38.8320
303.8289,138.8700,22.2940,39.0602
303.8459,137.7428,22.5084,39.1792
303.6568,138.0536,22.6240,38.8642
303.5737,137.2740,23.0176,39.2292
303.3175,137.4379,23.3226,39.2529
302.8400,136.3251,23.5053,39.6060
302.6570,135.7404,23.9049,39.6664
302.5374,133.7677,24.0414,40.4471
302.5417,135.1808,24.9439,40.7949
303.5593,134.5508,25.6203,41.2478
303.0157,133.3435,26.0877,42.6418
303.4666,132.6074,26.3110,43.3873
302.4198,131.6464,26.6352,44.4016
303.0971,132.1964,26.8348,44.7831
302.4917,129.4485,27.4210,45.6219
303.2908,129.9570,27.5552,46.2652
303.1849,128.3255,28.3824,46.4552
303.9505,128.6190,28.3863,46.6805
303.4041,126.8723,28.6753,47.0568
303.1924,128.1106,28.8506,46.5827
304.0065,124.7776,29.0113,47.8732
303.9120,125.5263,28.9674,48.0143
303.7374,123.5660,29.2974,48.5048
304.5552,124.8375,29.6575,48.4216
304.5757,124.7776,29.8893,48.0046
304.3047,124.7315,30.0788,48.7219
304.4345,122.2063,30.0240,50.0572
304.7115,121.9581,29.9146,50.2281
304.1654,118.9792,30.4923,51.0502
303.8079,118.7880,30.3410,51.7241
304.5832,116.4188,30.3819,52.5638
304.0099,115.7548,30.6600,52.4598
304.0559,114.1582,30.5904,52.1591
304.3218,115.5116,30.3775,51.8220
304.1663,113.8641,30.7914,52.4353
304.8056,113.9012,30.9708,52.6926
304.5777,112.3356,30.8615,53.1077
304.4216,113.8123,31.1948,52.3552
303.9019,112.9876,31.2805,53.0684
304.3321,114.1957,31.2191,51.9824
304.1687,112.4967,31.6620,52.0092
303.7536,113.1557,31.4022,51.5639
303.6414,112.1347,31.8941,51.5439
304.1639,113.5527,32.0222,50.9973
303.5367,111.2962,31.8538,52.0994
303.7505,111.8379,31.6439,52.4820
303.2216,109.6001,32.4516,52.6637
301.9440,110.3192,33.2965,52.6475
301.4398,109.8002,33.9084,52.7386
301.2305,112.0600,34.1202,52.0129
300.0152,109.8954,34.5531,52.6275
300.3482,109.6450,34.4271,53.2997
300.1879,108.1853,34.3979,54.2818
299.9192,108.9951,35.1332,54.3772
299.2948,108.1518,35.2340,54.7072
298.3116,109.8221,35.5526,54.2029
296.7490,108.8854,35.6968,54.0611
295.8591,108.7331,35.6677,54.1163
295.2015,108.0327,35.3642,54.5237
295.3972,108.6839,35.2968,54.1382
294.7826,108.3741,35.5882,53.9996
294.1147,108.8365,35.5599,53.3090
293.9759,108.7977,35.6334,52.8986
294.6856,108.5649,35.2148,52.9860
293.8416,107.7972,35.4578,53.4379
293.4549,108.8833,35.5822,53.3192
292.8849,109.7027,36.1563,53.0904
293.2284,111.0023,36.5155,52.8554
293.7586,110.9689,36.1708,54.1948
294.9907,110.9800,35.8756,54.6028
295.3052,111.3986,36.4281,55.0539
295.8414,111.0109,36.6337,54.6553
296.2635,111.3136,37.5958,54.3682
297.0298,110.3072,36.9987,54.9036
298.5881,111.8869,36.3439,55.0499
299.3208,110.6733,36.5303,55.8925
299.1875,110.4641,37.1235,56.0811
299.6995,110.1185,37.7901,56.4791
299.5399,109.8983,39.0162,56.0148
299.1794,109.3968,39.8016,55.0718
298.5069,109.9944,40.0727,54.5187
297.6721,109.8835,40.4368,53.6592
297.1806,110.7075,40.8295,53.5672
296.9485,111.1375,41.3643,53.1108
296.2429,111.0054,41.7514,52.9572
296.6454,110.0379,41.7192,53.9755
298.2016,110.1216,41.4915,54.0758
297.9169,109.4461,41.5385,54.2876
298.7575,110.3312,41.6380,53.7767
299.2593,109.1853,42.1906,53.0943
298.8000,109.1053,41.8528,52.9420
299.0457,108.3951,42.0810,52.6154
298.7127,108.2001,42.5438,52.4857
298.0515,106.0916,42.8608,53.3359
299.0848,104.7147,43.1907,53.3698
299.8516,103.6948,43.4373,54.8779
300.0121,102.7220,43.5951,56.7920
300.4571,102.4306,44.0813,58.2490
301.0827,101.9371,43.5721,58.9992
301.0332,102.2529,43.9911,59.5703
300.9928,102.5763,44.4616,60.2251
300.5049,102.5164,46.5662,59.4255
300.9442,103.2037,47.1378,59.1929
301.1911,101.9756,47.9952,58.4440
301.6013,102.0772,49.3229,57.9651
302.0903,101.5901,49.9953,57.1971
301.9246,102.0509,51.5897,56.4250
301.0884,101.8293,52.8808,55.8607
301.7757,103.7255,53.2082,56.3283
301.8925,103.3473,53.6702,57.6418
301.9930,103.0594,53.0739,60.0630
301.7471,102.4868,51.9003,62.6912
301.9322,102.9593,50.8391,66.1222
300.9101,102.1003,49.8704,69.0554
301.2809,103.9459,49.4448,70.8710
300.7768,104.5942,49.9902,71.7683
299.1290,106.5919,50.7322,72.1801
297.1578,107.3535,52.5766,72.5212
294.0816,111.3521,54.4841,71.7224
291.9086,113.0915,56.3851,70.7568
289.6685,113.4158,57.2908,71.1944
288.5621,112.7600,58.8656,70.6190
286.6891,114.3520,60.3495,70.3069
285.1659,113.9962,61.6314,70.4208
282.5357,115.3955,61.5160,71.2013
279.0269,114.3886,62.0716,72.5968
276.9150,114.1633,62.3847,73.9751
275.6610,112.8927,62.5052,73.6865
273.7018,111.9903,62.8297,75.8075
272.0403,110.6267,63.1556,76.2546
271.3138,110.2365,62.4944,77.2426
270.2796,107.9051,62.4887,78.7738
268.7895,109.0811,63.7536,79.5820
266.4601,107.7614,64.8937,80.0757
265.1320,108.1013,64.6747,80.8263
263.4202,106.6823,64.0413,82.1033
263.0736,105.2561,63.2524,83.5719
262.5175,103.0645,63.9309,85.2139
261.9810,102.0027,64.1359,87.3304
261.0974,100.9451,65.6043,87.6940
259.3034,100.9650,67.3290,87.2318
257.4153,99.7954,68.7621,88.2086
254.5701,100.9516,68.7298,87.7082
253.6291,101.0670,69.1966,87.7175
252.4027,101.8433,68.7654,87.4586
252.7951,100.1944,68.8795,88.5075
252.3574,100.1260,68.4334,89.1497
251.0831,100.2818,68.4247,89.6002
250.9013,100.2066,67.9568,90.4441
247.6662,99.4868,67.7251,90.3545
246.4589,99.1223,66.9497,91.4542
245.5070,99.1651,66.9559,91.0059
244.6414,100.2678,66.3473,90.3560
243.8709,100.2762,66.6945,91.4919
244.0500,102.9091,66.5914,91.8909
243.8281,102.2182,67.4340,90.5918
243.1271,103.3623,68.0234,89.8319
242.2213,103.4533,68.8634,89.2115
241.8420,104.5761,69.4251,87.6200
241.0777,104.3585,71.3607,85.9349
242.0490,106.4007,72.0296,84.5678
242.7668,106.7821,72.1314,83.0077
242.9850,107.8488,71.7009,82.2775
243.0870,104.7827,71.6960,82.2212
243.3111,105.0299,70.5607,83.3388
243.9398,103.1238,69.5155,84.4079
243.7796,104.3808,68.5111,83.6039
244.9173,104.8504,68.1572,83.0497
244.5241,105.5122,68.2493,81.9594
242.7767,106.6303,69.3602,81.5392
242.3478,108.1021,68.6836,81.6115
241.3267,108.5585,67.7244,81.8521
241.7935,109.3352,66.6580,83.0581
241.3140,108.5957,65.6463,83.1880
240.3282,107.5061,65.6296,84.3459
240.3732,106.2202,65.3631,85.3190
240.4876,106.4272,64.9365,86.6124
240.8033,106.3060,65.4809,87.1600
240.9580,107.6282,66.4585,87.1587
239.6596,103.7581,67.6817,87.9900
240.5063,104.4388,68.4389,87.2951
238.7374,102.8448,70.1141,87.2691
238.2367,102.3062,70.3839,86.1059
236.6721,100.7248,70.9568,85.0360
237.1149,100.6258,70.8438,85.8573
236.7738,98.7487,71.6319,85.9762
237.7344,101.1034,71.1661,87.1728
236.1367,99.7299,71.2881,86.9259
234.9662,100.4782,71.2250,86.1852
235.5116,102.3166,71.0282,85.5938
2
0
0
0
0
1
207.8526,119.2349,15.2360,15.8913
205.8968,118.1086,15.3271,16.7232
204.5857,118.1677,15.4919,17.0215
202.3175,117.3150,15.7143,17.1944
201.0685,117.5451,16.5477,16.9391
198.9974,116.6656,17.2381,16.7529
197.2582,116.6253,18.1734,16.5788
195.3528,116.5383,18.6984,16.5813
193.5829,116.5185,18.4595,16.7083
192.2207,115.6138,18.1602,16.9321
190.7751,114.8712,17.5677,17.3240
189.9335,113.3453,16.8830,18.1962
187.6731,112.9696,16.1111,18.3921
184.6258,111.9453,15.7293,18.4683
183.0074,111.8460,15.3266,18.6387
181.1353,110.4546,14.9220,18.8071
179.8132,110.3982,14.7180,19.0077
178.4927,110.0594,14.5374,19.1140
176.6756,109.5112,14.5790,19.1209
175.3155,109.0140,14.4212,19.3003
174.1276,109.8017,14.0754,19.7671
2
0
0
0
0
1
141.3943,114.8438,14.7616,16.4641
139.6030,114.3647,14.9651,16.4936
138.3076,115.1995,15.3108,16.1977
136.2699,114.7764,15.5730,16.1623
134.6482,115.9121,15.6558,15.8635
133.1701,115.4021,15.6486,15.4223
131.3584,115.8848,15.8488,15.1953
128.8572,115.2939,15.8486,15.0967
126.5192,116.4201,16.0647,14.9019
124.2542,116.4438,15.7332,14.8949
122.0409,116.7921,15.4153,15.4238
120.0120,117.1638,14.8600,15.6558
116.2706,117.3527,14.3484,15.9748
113.6688,116.3766,13.8614,16.8022
110.3494,115.8782,13.4674,17.4582
106.8361,115.1847,13.0398,18.7147
104.6159,115.5655,12.9459,19.1691
101.9706,114.6914,13.0740,19.8202
99.3423,115.2923,13.3973,19.7578
94.9521,114.0800,14.0368,19.8098
91.6804,114.4141,13.5513,20.1532
90.2675,114.0754,12.7994,21.0807
87.4975,114.0057,12.2016,21.7784
84.3068,113.0918,11.9423,22.5183
81.0551,113.4717,11.7648,22.9330
77.2322,112.8273,12.1415,22.5444
73.9685,113.9984,11.9653,22.0842
70.2474,113.8010,12.0770,22.8327
66.4887,114.0680,12.1631,23.2889
62.3613,114.2789,12.7277,22.5847
60.7233,115.6904,12.8230,22.5158
2
0
0
0
0
1
