1
170.6142,23.4130,28.5802,57.0701
171.3169,23.5820,29.5845,53.6924
171.2481,21.3796,30.7676,51.6707
173.3031,18.8600,31.7533,50.6749
170.6837,17.6734,31.9922,47.7459
169.2877,16.6030,32.1685,44.3361
166.1322,19.2875,32.7767,40.9633
162.6317,22.4451,32.7620,39.4108
160.5851,23.8977,32.7420,37.9250
157.3382,25.0644,32.6218,37.4644
153.8886,21.0753,32.3783,36.6286
151.1676,17.1191,31.5851,36.5649
151.0913,21.4792,31.5203,36.3731
150.0783,21.4334,31.4205,35.4791
151.0389,22.0894,31.0181,34.6857
152.8687,21.3831,30.5664,35.2531
156.7509,20.9078,29.6287,35.2535
158.5661,20.4843,28.7172,35.3406
159.0832,21.5295,28.0579,35.3506
157.5611,22.5107,27.4753,35.4694
154.5831,24.6187,27.4182,35.4029
150.3074,28.9305,27.7554,34.7535
144.9587,31.4753,28.2643,34.5574
137.8693,32.6839,28.2964,35.7860
131.8778,36.6996,28.1878,35.9099
132.5366,37.3173,28.0809,36.1877
133.9595,37.8841,28.8429,37.1092
139.7390,44.9092,28.7453,36.9463
141.0362,48.3453,28.6746,36.8224
146.5870,56.6580,28.1715,36.8876
149.8398,58.9216,28.1715,36.8876
155.7133,69.8247,28.2638,36.7642
156.1567,72.2636,28.2720,36.7702
156.1978,84.3541,28.8498,36.0760
154.1244,87.1219,28.8569,36.0693
153.0773,88.3745,28.8569,36.0693
151.7712,89.1271,28.8569,36.0693
150.7324,90.3449,28.8569,36.0693
150.0725,90.2489,28.8569,36.0693
149.3564,88.0920,28.8569,36.0693
2
0
0
0
0
1
152.9744,128.1963,30.2830,36.1819
152.2108,128.5266,29.9323,35.6759
154.2557,123.7939,30.0310,35.4335
154.0272,121.3792,30.1588,35.3328
155.0482,117.3760,29.7303,36.5473
158.1697,109.7923,29.8992,36.5314
160.5959,99.5391,30.6354,38.7709
159.4451,95.1115,30.0365,40.5662
159.5689,92.5262,30.4487,41.6314
162.3199,84.8622,29.8730,42.5914
162.6817,81.3073,29.8692,42.5656
162.4373,77.9306,29.8692,42.5656
165.3182,77.4729,29.8329,39.4132
165.5609,73.7637,29.8329,39.4132
166.5108,72.7628,29.8329,39.4132
166.1654,71.8649,29.8329,39.4132
162.7832,68.7402,29.8329,39.4132
156.3640,65.1929,29.8329,39.4132
155.0795,62.2580,29.8329,39.4132
2
0
0
0
0
1
157.8396,88.8275,35.5316,49.2789
157.0719,90.3415,37.0828,48.0988
155.8757,91.0547,38.3919,46.7575
155.4911,92.0838,39.8253,45.6749
154.3801,94.8535,40.5082,44.2115
154.3840,96.8845,41.5038,43.3649
153.3511,97.4600,41.9582,43.2831
153.3415,97.8080,41.9786,43.7490
150.2574,97.1035,41.9767,43.7496
149.3186,96.8546,41.9762,43.7502
150.7907,100.5308,41.9762,43.7502
156.3566,99.6851,41.9762,43.7502
157.7524,99.4753,41.9762,43.7503
157.2370,99.0942,41.9762,43.7503
155.3500,101.3779,41.9762,43.7503
155.6947,100.9380,41.9762,43.7503
155.4678,102.2320,41.9762,43.7503
156.0294,101.2325,41.9762,43.7503
154.6946,100.5548,41.9762,43.7503
154.8969,101.1263,41.9762,43.7503
155.2124,99.4393,41.9762,43.7503
154.9014,101.3910,41.9762,43.7503
155.6081,102.0704,41.9762,43.7503
155.7734,101.3788,41.9762,43.7503
156.3726,102.5552,41.9762,43.7503
156.6147,102.5319,41.9762,43.7503
157.3678,102.2630,41.9762,43.7503
158.1566,101.4688,41.9762,43.7503
157.2997,101.2394,41.9762,43.7503
155.8709,99.8434,41.9762,43.7503
155.4187,99.4820,41.9762,43.7503
154.4758,98.2707,41.9762,43.7503
153.3017,100.3034,41.9762,43.7503
154.0709,100.8974,41.9762,43.7503
154.0831,101.4488,41.9762,43.7503
153.9269,101.7948,41.9762,43.7503
154.6165,103.3379,41.9762,43.7503
154.3981,102.3729,41.9762,43.7503
154.1833,102.6704,41.9762,43.7503
154.1746,101.8959,41.9762,43.7503
153.8647,102.0032,41.9762,43.7503
154.6490,103.7896,41.9762,43.7503
155.0642,103.3161,41.9762,43.7503
155.5544,101.7114,41.9762,43.7503
155.9111,102.0838,41.9762,43.7503
155.8715,102.1308,41.9762,43.7503
156.1399,101.9773,41.9762,43.7503
155.7216,103.4889,41.9762,43.7503
156.0984,102.8125,41.9762,43.7503
155.7947,105.0836,41.9762,43.7503
155.4176,106.1747,41.9762,43.7503
155.4684,103.7398,41.9762,43.7503
152.9146,104.7629,41.9762,43.7503
153.6984,105.6033,41.9762,43.7503
154.8361,103.8307,41.9762,43.7503
156.5214,101.9382,41.9762,43.7503
153.2075,100.2151,41.9762,43.7503
153.0401,97.2265,41.9705,43.7519
152.9489,96.9862,41.9705,43.7519
150.1770,95.2591,41.9705,43.7519
148.6896,97.7949,41.9705,43.7519
148.5592,98.3875,41.9705,43.7519
150.4622,98.6777,41.9705,43.7519
148.2330,100.9635,41.9705,43.7519
145.3475,101.4180,41.9705,43.7519
144.7982,102.0695,41.9705,43.7519
145.0173,104.7804,41.9705,43.7519
142.7066,105.4865,41.9705,43.7519
141.8128,106.9755,41.9705,43.7519
139.7020,109.5413,41.9705,43.7519
137.4439,109.8290,41.9705,43.7519
135.7374,108.6440,41.9705,43.7519
136.4194,108.4298,41.9705,43.7519
136.7155,108.7134,41.9705,43.7519
136.6305,108.4500,41.9705,43.7519
136.8263,108.2147,41.9705,43.7519
137.0041,108.6555,41.9705,43.7519
137.2829,109.2529,41.9705,43.7519
136.7139,110.4984,41.9705,43.7519
135.2334,113.4419,41.9705,43.7519
133.0915,116.9710,41.9705,43.7519
130.6982,119.7803,41.9705,43.7519
128.7921,118.6401,41.9705,43.7519
128.3654,118.0759,41.9705,43.7519
128.0113,119.4137,41.9705,43.7519
127.7257,118.1190,41.9705,43.7519
127.3371,118.8802,41.9705,43.7519
126.8095,118.1442,41.9705,43.7519
126.3369,116.4609,41.9705,43.7519
125.7464,114.7174,41.9705,43.7519
125.1206,114.5393,41.9705,43.7519
124.7200,114.2652,41.9705,43.7519
125.4310,113.3437,41.9705,43.7519
122.5493,111.4760,41.9705,43.7519
122.4553,106.0124,41.9705,43.7519
123.3680,104.3717,41.9705,43.7519
124.7212,102.3767,41.9705,43.7519
125.8098,101.4486,41.9705,43.7519
126.2105,99.4616,41.9705,43.7519
126.4615,98.1215,41.9705,43.7519
126.3663,95.4044,41.9705,43.7519
126.3817,94.0081,41.9705,43.7519
126.2393,93.2396,41.9705,43.7519
126.2551,92.1638,41.9705,43.7519
126.1123,90.1640,41.9705,43.7519
125.9870,89.9983,41.9705,43.7519
126.8069,87.1959,41.9705,43.7519
127.5898,83.2524,41.9705,43.7519
128.6182,81.0532,41.9705,43.7519
129.8136,80.5646,41.9705,43.7519
130.3100,82.0665,41.9705,43.7519
128.8947,85.6545,41.9705,43.7519
125.5672,85.2157,41.9705,43.7519
122.8369,84.3432,41.9705,43.7519
122.3243,84.1007,41.9705,43.7519
121.5219,83.5632,41.9705,43.7519
118.8348,80.7183,41.9705,43.7519
116.0139,83.2929,41.9705,43.7519
111.0108,82.9121,41.9705,43.7519
104.4344,83.1840,41.9705,43.7519
101.8294,81.1423,41.9705,43.7519
103.3876,79.5523,41.9705,43.7519
103.1060,79.0180,41.9705,43.7519
135.1341,92.9627,42.7724,43.3854
133.2191,93.7078,42.7724,43.3854
132.6776,94.3126,42.7727,43.3844
132.7575,93.6250,42.7729,43.3840
130.1247,96.7731,42.7398,43.3960
128.5730,99.1078,42.7399,43.3944
126.5065,100.4056,42.7399,43.3944
127.1834,100.1197,42.7402,43.3938
127.0189,99.4406,42.7402,43.3938
125.3986,99.2068,42.7402,43.3938
123.8568,99.5323,42.7401,43.3938
121.9088,96.5391,42.7401,43.3938
119.9865,94.5021,42.7402,43.3938
119.0601,93.3522,42.7402,43.3938
118.9863,92.4692,42.7402,43.3938
118.4844,93.4882,42.7402,43.3938
118.6567,92.5963,42.7402,43.3938
117.7433,89.1176,42.7402,43.3938
118.1951,87.8636,42.7402,43.3938
117.5051,87.7641,42.7402,43.3938
118.5344,88.0043,42.7402,43.3938
119.3646,87.5808,42.7402,43.3939
118.7832,88.2008,42.7402,43.3939
119.0999,88.4234,42.7402,43.3939
118.6597,87.9615,42.7402,43.3939
118.2775,87.5986,42.7402,43.3939
117.3335,86.5360,42.7402,43.3939
115.8085,86.0435,42.7402,43.3939
115.2017,83.7086,42.7402,43.3939
115.2791,85.1942,42.7402,43.3939
