1
397.9556,186.6414,29.5086,31.3336
398.1122,187.2255,28.9250,32.6576
398.4377,187.5435,28.9965,33.1751
398.4381,187.1973,28.8757,33.7209
398.9675,186.7097,27.9935,34.9196
399.5887,185.9586,27.6477,35.5403
400.4156,186.1174,26.9755,35.8477
400.8632,185.5859,26.6153,36.1478
401.4490,186.0975,26.3309,36.2756
402.0228,186.4368,26.1354,36.3487
402.9355,186.3470,26.1093,36.1441
403.8191,187.3890,26.6502,35.3580
403.7331,186.6278,27.3165,34.9163
404.6174,187.9205,27.6036,34.5520
404.1325,187.2991,27.6153,34.8327
403.3838,186.1296,27.9563,34.8362
403.1773,186.3463,28.4012,34.4347
403.1208,186.2512,28.6009,34.3704
402.9689,185.2289,28.5269,34.5915
402.9409,184.5161,28.6391,34.7907
402.7034,184.9230,28.9466,34.8595
401.6826,184.0784,29.3869,34.9473
401.9786,183.9103,29.4446,35.0665
401.2301,183.5843,29.7152,35.5192
400.8942,183.9031,30.2208,35.5817
400.1314,183.7626,30.1979,35.9775
400.8088,183.4723,30.3983,35.6157
400.0045,183.9435,30.6442,35.4727
400.9698,183.6782,30.6136,35.3428
399.7504,183.0076,31.0975,35.1981
400.4986,183.1737,31.1764,35.2400
400.2908,183.3779,31.2604,35.0274
399.9228,183.8272,31.4862,34.9214
399.7474,184.7388,31.4144,34.9855
400.6979,184.3074,31.4755,34.4631
400.2139,184.6255,31.8653,34.1153
399.7418,185.0605,32.3248,33.9754
399.5543,185.6420,32.4160,34.2019
399.9117,186.0827,32.5829,34.4330
399.4351,185.9433,32.8364,34.2670
399.1578,186.0388,32.9961,34.2106
398.5555,186.2064,33.2829,34.2976
398.1649,186.1119,33.5037,34.2644
397.9979,185.9165,33.9156,34.3029
397.1929,186.2739,33.8815,34.6823
396.3801,186.4467,34.2203,34.6891
396.0496,187.0800,34.1736,34.9951
396.0955,186.1932,34.1835,35.1450
395.5954,186.7893,34.2488,35.1524
394.8790,187.1674,34.1711,35.1516
394.7485,186.1099,34.1826,35.0752
394.6868,185.6228,34.1304,35.2876
394.7026,186.6984,33.9506,35.7214
395.1063,186.0497,33.3757,36.1158
395.7636,185.7427,32.9593,36.5463
394.4729,185.6666,32.9837,36.6070
394.7658,186.8409,33.1270,36.7292
393.5432,185.7975,33.3901,36.7878
393.3181,187.2113,34.0961,36.3423
393.1238,187.4155,34.5618,35.9295
392.5213,187.8707,35.1939,35.4987
391.3792,188.0512,35.8070,35.3576
391.5291,188.2309,36.6779,34.5724
390.0038,187.8145,37.3351,34.5463
388.9930,188.0337,38.3682,33.8648
388.1230,188.5706,39.0070,33.9503
387.0209,188.3289,39.4777,34.2595
385.9610,188.4178,39.6912,34.7042
384.9957,188.3086,39.7973,35.3570
384.4563,188.4690,39.7605,35.9132
383.6185,188.1213,40.1147,36.3896
383.5334,188.0662,40.1253,36.4746
382.8168,188.2531,40.1712,36.6871
382.3381,189.1640,40.0426,37.1556
381.7979,188.4515,40.0172,37.4296
380.5164,189.2105,40.1933,37.4909
379.8045,189.4694,40.3574,37.6537
378.7519,188.8505,40.4440,37.7784
377.9422,188.1960,40.6793,38.1345
376.7787,188.3504,40.6046,38.9270
375.6685,188.8826,40.1185,39.8186
375.1384,187.9997,39.6398,40.7311
374.1134,188.3357,39.8356,40.9858
372.5641,189.7446,40.1650,40.8638
371.0143,189.0994,40.7722,40.8833
369.5424,189.1183,41.6006,40.7328
368.1441,189.8572,42.6868,40.3777
366.1045,189.8434,43.3243,40.2580
365.0808,190.7759,43.9682,40.0308
363.2455,190.4171,44.1684,40.1804
363.1521,189.7352,44.3537,40.2888
360.7500,190.6814,45.0635,40.3977
359.9626,190.9091,44.9897,40.8660
359.0146,189.9559,45.0077,41.5740
358.4079,190.0507,45.0283,41.5372
357.4835,190.5495,45.0417,41.8091
355.4639,190.5536,44.9453,41.8953
356.3457,190.9282,44.8337,41.5392
353.8374,191.2961,45.3633,41.4802
352.7057,191.7698,45.6310,41.6054
350.9903,191.9748,45.8719,41.6999
350.1299,192.3770,46.5164,41.2965
347.7255,192.2680,47.1789,41.5965
346.2233,192.9206,47.3840,42.2624
345.3680,193.0875,47.3259,42.9945
343.0091,192.5351,47.3795,43.6214
341.6193,193.3002,47.0493,44.1796
341.1012,192.6646,47.0598,44.2312
339.1495,193.0624,47.4405,44.0241
338.2144,193.1555,48.0260,43.9245
338.0121,195.0083,48.2557,43.8262
337.2934,195.6521,48.4547,43.4643
335.6036,196.1130,48.7943,43.2713
333.9510,196.2970,48.9949,42.9781
332.3384,196.8578,49.1843,43.0122
330.7734,196.9164,49.2285,43.1622
330.2455,196.3831,49.1463,43.1981
329.4593,196.1961,48.4507,43.6477
326.9051,196.0914,48.5299,43.7887
325.3827,196.1931,48.9290,43.9095
323.8463,196.4441,49.5764,44.0557
323.0588,198.0271,49.3105,44.2389
321.3904,197.8384,49.1001,44.5907
317.9717,197.7446,50.1639,44.6974
316.3607,198.2781,50.3979,44.7802
313.9262,198.5476,51.3669,44.6970
312.1493,198.5786,52.1111,44.7649
311.2563,199.3107,52.4123,45.0488
311.5439,198.6520,52.1516,45.4217
310.8057,197.8616,51.7725,46.0552
308.2044,198.4709,51.7796,46.3516
306.8612,197.6029,51.3306,46.8525
304.9433,198.0367,51.3307,47.0546
302.9125,197.8178,51.6442,47.2034
303.6189,197.9823,51.2773,47.1547
302.9058,198.8838,50.6430,47.1163
301.9417,199.4679,50.3017,46.9770
300.4580,200.1268,50.6621,46.6446
297.7677,200.9203,51.3440,46.6818
295.0385,200.6349,52.1420,46.8668
292.9129,199.3271,52.8961,47.2211
291.9211,199.4179,52.9995,47.7017
291.0853,198.5418,52.8072,48.3293
289.5421,198.3323,52.8936,48.1651
286.7952,199.2579,53.4687,47.9657
284.5600,198.8773,54.2270,47.6443
282.7857,200.1056,54.9565,47.7548
277.7852,200.7253,56.6903,47.9348
276.1278,200.6692,57.4166,48.2744
274.5579,200.2577,58.3672,48.5742
271.0566,200.2224,60.1991,48.9263
266.6365,200.0321,62.4686,49.1954
261.4066,199.9777,64.7743,50.1201
257.3072,198.8256,66.8443,51.4580
254.0766,198.7603,67.5818,52.7207
252.2043,198.3069,67.6698,53.6825
249.2970,197.4860,67.7293,54.1345
248.5452,196.6895,66.8799,54.6048
247.4678,197.7449,66.4896,54.7951
244.9003,198.5051,65.9453,54.4644
241.5950,199.1432,66.7849,54.2353
237.8860,199.6886,68.2363,53.8257
236.4848,199.5208,68.6288,53.7191
233.4562,199.3614,69.3267,54.1461
232.3183,198.9698,68.8575,54.7405
230.3962,199.0991,68.7954,55.0581
227.5269,198.9001,69.5772,55.1989
223.7263,198.0218,70.5172,55.7988
220.4683,197.8731,71.7056,55.8675
218.5223,198.6147,72.5973,55.5806
215.6155,200.6833,73.9888,54.6801
213.8823,201.2579,75.9317,53.9424
212.0464,200.8666,77.8347,53.7680
211.4064,200.9920,78.4003,54.0856
207.4951,201.7605,80.6354,54.2122
206.4721,200.8449,81.5066,54.8179
204.4385,200.6945,82.7957,55.2900
202.7573,200.2087,83.4566,55.9233
198.7318,199.6472,85.1746,56.4232
197.0475,199.0066,85.6317,57.1935
192.4935,198.8668,87.4900,57.7609
188.2576,199.3715,87.8149,58.2534
189.1371,201.2726,87.2505,57.8268
184.5613,201.1141,89.3489,57.1592
183.4379,202.7520,90.2519,56.7723
182.0971,202.1924,89.5470,56.9210
179.7448,201.6311,88.8055,57.3070
175.4633,200.1812,85.1921,58.5499
169.8751,201.8259,83.2899,59.0709
165.4147,203.1095,81.2649,59.4893
161.2288,203.6968,79.9627,60.0502
160.5786,205.2430,78.0344,59.9596
158.0819,204.9817,77.3179,59.8670
154.7250,206.8656,77.3390,59.1968
152.9139,207.8690,77.0067,58.5945
151.6932,207.5584,76.5206,58.4372
151.2906,209.0605,76.0739,57.9674
145.8592,207.9849,78.3736,57.6122
144.1623,208.7895,78.4582,57.4913
139.7146,208.9852,79.4142,57.4601
139.9642,209.3117,77.6082,57.8099
137.1704,208.3994,76.8607,58.7698
135.0067,207.6686,76.6157,59.2645
133.2027,206.1590,76.6310,59.5921
130.7779,206.0373,75.3519,59.6140
129.8519,206.4189,74.7156,59.7054
128.4665,207.2300,73.8771,59.5346
124.3929,208.4703,73.5519,58.7969
123.0904,209.5201,72.7714,58.2308
120.5830,209.5349,72.7186,57.9918
116.8213,209.7278,73.6827,57.6817
112.4280,209.2808,74.8930,57.6376
110.3144,208.3250,75.2715,58.3013
107.1400,208.1712,75.7688,58.6313
105.4632,208.2381,75.3230,59.3411
102.7739,207.0328,75.5465,59.8912
102.2362,206.7620,75.1573,60.3671
101.2441,206.3421,74.5229,60.7568
99.5066,205.0112,74.5219,61.3249
96.8376,206.5580,75.1717,61.0952
93.8310,205.6969,76.4733,60.7141
89.5190,206.6621,78.4820,60.0455
86.0620,207.2094,80.6933,59.7498
82.0727,207.1050,81.5104,59.5850
79.6345,208.0506,82.1102,60.2696
73.7199,208.1388,84.1151,61.1508
71.7476,207.4037,83.8819,61.8280
70.3459,207.1480,83.8100,61.6651
69.7363,209.2169,84.4641,61.0168
68.9242,208.8064,82.2387,62.0768
67.9851,208.8923,81.4057,62.4515
67.6969,208.6623,79.9052,62.5383
65.5212,210.3740,79.7895,62.0196
62.1721,211.1859,79.7275,61.9335
58.0420,211.6616,80.8052,61.7126
54.9956,212.0055,82.3611,61.6754
52.3173,212.3066,83.2651,62.1807
49.3532,211.5840,83.3651,62.8373
44.5245,210.5685,84.0639,63.2149
38.1000,209.6660,85.8148,63.8990
33.1387,209.1001,87.7329,64.1964
29.9934,209.0904,89.7044,64.2807
27.0190,209.6000,91.4847,64.1671
21.9567,208.9830,93.3932,64.4079
18.8109,208.8481,94.8518,64.2371
14.7505,210.5741,96.6050,64.1951
9.6247,210.2637,98.8505,64.8845
6.2597,209.2819,99.8429,65.8010
4.5188,210.1098,100.7394,65.9318
2.7680,210.1060,100.1157,66.3149
