1
144.3227,134.3010,85.3030,192.8012
139.1299,138.2991,87.7517,193.7858
133.9664,138.3744,88.9244,197.0406
128.2626,140.1109,90.8717,197.2919
124.0343,139.9309,92.7312,198.6873
122.2364,138.9725,96.5274,199.8841
120.5607,144.0358,100.4435,201.2869
113.0009,141.3946,101.4142,202.0260
108.8460,142.5052,100.7986,200.6720
106.6036,142.2149,99.4708,202.3737
101.3405,141.4010,101.0322,203.1181
97.3480,141.6793,100.9322,202.3383
94.0685,143.9350,100.7572,202.7851
89.3906,142.6266,100.5684,203.8615
87.8413,142.1246,100.6089,205.1025
87.7612,142.9580,99.5397,205.7819
86.5525,145.7562,99.4469,206.0889
85.7204,149.3945,98.8321,205.3960
85.6699,148.7619,98.5917,205.2704
84.3420,150.0720,98.8618,205.9150
84.0531,150.2557,99.2708,207.1579
83.2798,149.4576,99.9102,207.9692
84.4573,153.0401,100.1242,206.3835
82.8149,158.6062,100.2399,203.3895
82.3080,157.7638,99.5370,204.4563
82.4794,156.8582,99.0031,205.2620
82.5708,158.3627,98.7400,205.1862
82.5731,158.3297,98.2740,204.4347
82.7727,158.2019,98.3729,204.0259
83.2676,159.5536,98.4152,203.3789
83.5887,162.4010,98.0737,202.0076
83.1165,164.7578,97.8622,200.7543
84.6460,167.7282,97.1981,199.2627
87.5652,168.0885,93.6762,200.6849
90.4740,170.5854,90.3541,200.9070
92.3646,169.6627,88.3802,201.3797
92.7407,170.6198,86.9669,202.3982
93.5782,171.4734,86.2915,202.0517
94.3970,173.9708,85.5174,202.5859
94.3246,174.1029,85.0131,201.9508
95.0248,174.5463,84.6413,202.0653
95.3134,174.6009,84.5526,201.9623
95.3698,173.3820,84.2380,202.1209
96.0839,174.7666,84.4651,202.0878
97.1084,170.6790,85.6718,202.7294
98.2934,169.0797,86.7563,203.6671
98.1755,163.8871,88.8454,200.5019
99.5211,156.1505,92.2419,192.1333
99.6829,151.7710,96.4827,190.2277
103.9781,148.0578,101.6334,188.0980
106.5581,147.7474,106.4595,185.7265
106.7552,147.4237,119.7895,179.6722
104.8609,153.2699,130.2449,172.6688
100.3991,161.7613,135.4068,168.9459
92.0604,175.8550,152.1394,158.9635
95.8117,178.9155,151.3787,160.6075
97.1682,179.2420,151.8913,161.0932
97.0317,177.6604,152.6408,160.8857
100.7064,173.9974,152.8456,160.8044
100.9215,171.3168,154.2883,161.8016
103.1266,169.4941,153.5726,160.7203
106.5577,166.1268,150.8625,160.4158
105.9319,164.3801,149.2731,162.1935
103.9039,160.2375,147.9246,162.5990
103.3397,157.0422,146.1898,164.2712
102.8497,154.0345,145.4717,164.3129
99.9775,150.0762,145.2129,165.0274
94.4042,146.7600,147.1929,165.9780
93.2774,145.6801,147.2117,167.4418
94.1086,146.5887,146.0088,168.6841
96.5369,146.4344,143.5693,169.1244
96.7120,147.0064,142.5127,169.6512
96.6307,149.0250,142.0503,169.7832
94.9319,149.7743,141.9518,169.6618
92.3901,150.5409,142.8849,169.4485
87.2629,152.8229,144.4211,168.1751
87.2649,156.3318,144.8470,166.5634
86.5454,158.2556,144.2214,165.3333
87.4722,162.2409,143.2366,163.8873
86.4786,161.8656,142.4714,163.2306
85.3993,163.3603,142.4122,162.9319
85.2116,161.9988,141.9886,162.7851
84.2758,165.0784,141.4274,161.2047
85.2009,164.6659,141.4633,160.9099
85.0772,167.5668,140.9807,160.2061
86.8083,167.9080,141.0219,159.5669
86.2708,171.5228,140.2570,157.8732
85.9980,171.5537,139.7536,157.1741
87.4534,175.1211,138.4364,155.5351
86.6293,177.1762,137.7164,154.4346
86.1297,177.2232,137.9096,154.2346
87.1688,179.2323,137.4758,153.4012
87.3533,181.9378,137.3631,152.1967
85.9820,182.4343,137.6560,151.5664
86.0833,182.9148,138.2850,151.7553
87.1402,182.2345,138.8837,152.8710
90.9623,184.1440,138.2930,152.7552
92.9442,181.9058,137.6164,154.3956
94.8850,182.5701,137.4123,153.9522
96.2742,180.4221,134.8992,154.9555
100.5460,179.0842,133.7260,157.3703
99.5606,179.8536,133.5761,156.7475
102.5335,178.0406,133.2935,157.0917
104.1689,177.4649,131.4731,157.4881
106.6597,175.0156,130.0591,158.6799
107.7761,176.2864,130.1067,158.4081
108.9308,180.4899,129.0191,157.4964
111.2447,180.9412,127.7259,157.6699
112.8053,182.5490,126.8518,156.7849
113.8221,183.7232,125.6932,155.6150
114.1950,183.6159,124.7453,155.0719
114.3528,182.4915,123.6404,154.9684
116.7556,183.3733,122.5745,154.5940
116.1809,182.0263,121.9183,154.4974
117.2593,182.3811,121.2794,154.5538
118.3916,180.6371,121.0810,155.0385
117.4239,180.0168,120.4790,154.6081
117.5004,180.4344,120.2972,154.2598
119.6281,182.5374,119.7992,152.6912
119.1085,181.8132,119.8624,152.2559
119.3167,180.5306,119.9629,152.1406
119.8711,180.1987,119.8782,152.1030
118.8897,181.1950,119.4886,152.0084
119.1108,180.4115,119.8770,151.2604
119.4799,180.2044,119.9842,150.9656
121.1164,181.4703,120.1909,150.0387
121.9508,179.6576,119.1208,149.9972
122.1288,178.5415,118.7387,150.1067
123.8144,176.6854,119.0359,150.0075
123.7959,177.1909,118.1316,150.3839
124.5006,177.3310,117.6528,150.1937
122.4096,178.6953,117.8898,149.6287
120.3910,178.9664,118.1267,148.5245
118.2444,179.1007,118.4963,147.0976
116.9565,178.7750,118.7454,145.4178
115.8374,176.9473,119.2569,144.8505
114.6325,175.0255,119.5244,144.3615
116.0832,172.6001,118.0584,146.3024
116.9388,170.3744,117.1310,145.9449
118.3869,169.8677,116.2937,144.4444
119.7123,168.8932,114.7222,141.2878
118.1880,170.1351,114.0251,139.3530
113.9705,171.1994,115.1882,137.8150
112.4430,171.1181,115.7389,135.9356
111.6500,171.8978,115.4776,134.6826
108.7063,172.0755,114.7357,134.2224
108.3734,174.2774,115.5198,133.8981
106.3172,174.5701,115.5679,135.3987
104.9446,171.8165,116.4817,136.2551
103.7039,170.2859,116.7383,138.5592
103.2273,168.9590,117.3712,139.8107
102.9601,167.9071,118.0483,141.1408
100.0066,168.3603,118.8598,141.4502
96.7747,169.4891,118.6196,140.9658
95.3262,167.8279,117.6698,141.2171
95.3361,167.1866,116.7621,141.6387
94.9485,165.0485,115.8988,141.1298
95.1126,163.0568,114.4313,141.0636
95.1153,163.0468,113.0494,140.4431
96.2426,162.7516,111.9768,139.5537
96.0524,163.2292,110.7907,139.8431
97.2843,161.7962,108.2889,140.0382
97.8986,163.2626,105.8393,140.0917
98.1571,163.8074,103.3615,139.4124
100.2141,162.9776,101.2351,138.9017
102.6032,163.4159,99.2613,138.6387
105.6281,161.3839,98.0631,139.9074
106.7182,153.4942,94.6411,145.6866
105.7394,147.6940,91.4761,153.7119
104.3756,141.3900,90.0548,162.2137
102.6883,140.6691,88.9073,164.5932
98.1867,139.7570,88.3313,166.9139
94.8759,141.7149,89.5442,171.3154
92.1167,144.2849,90.5642,175.7865
87.6734,144.7419,91.6926,177.6082
81.4607,144.9992,93.5388,180.6790
76.4532,141.3316,93.6257,186.0918
67.8956,142.4213,95.9493,190.3454
59.0545,140.8892,97.4485,188.8822
54.7108,140.3015,98.3127,190.4308
50.6883,140.3033,98.0275,188.3997
47.0842,135.6402,99.6409,182.4232
40.5171,135.6426,100.4460,175.3828
36.3724,137.8212,100.2092,171.9840
31.3876,137.1791,100.3371,170.9854
29.7706,133.4720,99.7944,170.1448
27.5924,129.0456,98.9484,171.9170
26.5304,128.4263,103.7587,170.9141
28.1080,127.6883,105.5887,166.5405
26.1723,126.3720,104.2074,163.7276
22.8256,121.8158,106.0627,161.0615
23.0766,119.8795,104.9870,160.0741
28.5319,119.2035,100.4695,159.3370
31.0864,125.0850,96.9057,157.2013
34.2716,131.0689,93.7841,152.0255
44.9379,135.1530,92.3535,148.0518
52.4773,138.4805,89.3280,143.2733
56.7821,140.4080,86.9782,140.4603
58.7444,143.4328,84.4878,137.9285
64.3154,143.9736,82.9965,134.0937
63.7175,145.4862,81.1831,132.6201
63.0210,145.0109,80.3921,132.8235
64.0208,144.0968,79.4437,132.7846
66.6299,143.5096,80.8288,131.4473
66.1807,144.2536,81.9220,129.7103
65.0461,142.4512,79.3413,130.9517
61.8076,144.3742,77.4242,129.7549
57.1445,146.6320,77.0480,129.0241
55.5024,149.2203,77.4839,127.2937
53.6388,157.0185,82.7435,120.8688
54.2578,170.5672,94.6280,108.9458
53.1991,166.9088,100.1454,100.9726
49.8832,163.1966,99.4534,97.2278
51.7989,162.1587,97.4789,95.2416
55.7518,166.5208,97.0627,92.0454
55.4699,169.3385,97.4038,88.8460
54.0678,170.9886,96.3784,86.9723
51.7727,170.6500,96.7107,85.6873
51.6108,171.0794,96.7198,85.1797
49.8918,172.2453,95.5028,84.1729
2
0
0
0
0
1
144.0596,180.7146,78.9389,70.1301
143.9299,180.4652,81.6829,69.4139
145.0794,180.1828,83.9998,68.2553
146.9849,179.4104,85.6279,67.4842
149.7543,179.3573,86.5198,66.7922
153.9264,179.6023,87.2873,66.8468
155.8396,180.9875,87.3652,66.7231
165.8907,172.9731,78.5261,75.6131
176.1553,163.2367,70.5940,87.0496
182.0541,158.7995,65.2328,95.1067
182.9976,157.7272,62.3947,99.6342
185.3575,156.1262,60.3769,103.4992
190.8614,156.9753,54.9601,109.3939
197.3703,153.1819,50.3360,118.4803
202.6802,154.1036,46.8264,127.2319
209.7601,159.7636,45.9262,134.5822
214.5397,166.8273,47.2321,139.6942
217.8149,172.8770,47.8584,139.9964
219.8602,180.8982,49.2646,136.1240
220.8084,187.1324,52.3969,132.8475
219.9515,188.3615,55.4043,133.4653
219.2819,190.2599,56.1710,136.6871
220.2503,193.2984,56.5287,140.8787
216.7350,193.1934,57.4431,141.6561
217.4466,192.9250,58.7214,140.0664
214.8773,198.7897,60.5859,134.2449
211.8836,200.5887,63.5811,129.1507
217.2731,202.5803,62.7349,122.9131
222.8242,204.3305,61.0812,117.2154
224.3282,204.9433,59.5935,115.7223
220.3332,199.6358,57.9809,113.7076
217.0190,194.0689,56.2859,112.0349
216.1914,180.6001,56.7980,110.8032
215.9608,170.1977,56.6221,112.0354
213.7667,166.6410,56.3285,113.6917
210.8527,165.1572,58.0120,113.8442
209.1025,158.4774,57.1748,113.9611
205.1742,152.7817,57.1604,115.4663
202.5341,146.1233,56.9236,118.6145
197.8301,141.0947,60.3650,118.1964
191.9702,137.8794,62.7791,119.0720
186.6985,139.7127,65.9735,118.1143
182.4462,140.2899,67.4670,117.2007
181.4408,141.6234,68.3828,116.5394
183.7123,145.6916,69.0508,117.8300
187.4741,151.4162,70.4585,117.8450
194.8531,158.3927,70.6815,117.6260
199.2673,171.0400,71.2853,116.5528
206.3907,181.3063,70.4138,114.2469
210.5822,190.5776,69.8583,113.7608
219.8051,197.3386,68.7239,112.3966
230.0814,204.2572,68.1855,113.0254
240.5658,214.1141,68.1102,112.1976
250.8615,218.8705,68.5862,112.1037
257.5235,225.6374,71.5656,112.1600
274.6904,227.6254,73.2752,114.6354
289.0688,230.7326,76.7851,114.1882
294.7784,243.6942,88.0477,106.8687
313.0450,254.0152,95.4510,102.6944
339.4359,267.9521,94.4492,102.9666
332.7182,262.9033,93.6575,102.0566
337.3658,268.8611,92.7579,103.1083
338.6367,268.6143,91.0143,107.8976
341.1698,266.4088,89.1385,112.6947
356.1362,253.8045,90.7977,115.2521
