1
49.4841,574.7612,50.5170,43.2580
69.2851,583.5270,52.4810,42.8652
90.8132,590.3491,51.8690,44.4661
112.5841,598.7419,51.4934,45.2342
133.8901,606.7361,50.6516,46.0704
154.7375,613.8484,49.7494,46.8662
180.0463,619.2779,49.7458,48.9813
210.9879,625.8512,49.4470,50.3678
238.2846,631.4240,50.2328,50.3333
270.3496,638.0894,50.4833,51.5402
298.6579,644.6376,50.6669,52.7549
331.6619,647.0614,50.1900,54.5334
356.5318,649.1212,52.3536,55.0631
372.5819,654.1071,51.6847,56.9763
2
0
0
0
0
1
639.0695,637.8768,52.3119,54.1452
662.7883,631.4370,51.6541,55.4718
685.6378,624.2677,51.1970,56.8720
703.9673,618.6823,50.0343,57.0439
722.4819,613.4875,49.1016,57.8014
740.8367,606.7291,48.2789,58.7709
758.9850,603.6217,47.8597,58.8872
776.0650,597.2391,47.8496,58.5504
792.4734,594.9223,47.8969,58.0176
809.0305,593.1382,48.2427,56.7209
812.2390,591.8694,49.1472,54.6882
814.6052,589.2650,52.2250,52.6264
2
0
0
0
0
1
961.0490,573.9254,38.5863,41.9446
969.4412,572.0176,37.8870,42.0864
977.7165,569.2944,37.9532,41.8728
985.7216,565.5709,37.1663,42.5303
992.5956,563.0447,37.1468,42.6942
995.3699,558.2271,37.6846,43.6954
996.3210,553.6522,38.4683,43.7461
995.3321,551.2310,38.8995,43.8069
994.3592,546.9871,39.9108,42.8911
2
0
0
0
0
1
1069.0667,480.0729,32.8081,21.9997
1068.2281,470.6384,33.0189,22.6461
1068.8593,461.7674,31.5651,25.1587
1069.0734,454.0266,30.9849,26.6759
1067.9293,447.5869,31.6724,27.7233
1065.2076,443.4335,32.4603,28.5885
1063.6614,439.4053,33.0021,29.6140
1063.3292,431.9819,33.3572,31.0025
1063.8538,426.9856,33.0906,32.6915
1063.8624,422.7869,33.0733,34.2488
2
0
0
0
0
1
1069.2493,371.0582,27.1262,14.4975
1067.1984,365.3404,27.0453,14.9448
1066.0715,358.0269,27.3452,14.7805
1065.3071,353.3672,27.2766,14.6481
1063.8574,349.1292,27.0117,14.6762
1061.8756,347.3360,27.1661,14.7488
1060.6554,344.7546,27.0928,14.9488
1059.5588,341.4174,27.1064,15.4619
1059.1652,338.5018,27.2718,15.4800
1058.6101,335.9920,27.4612,15.3581
1059.4714,333.7407,27.1392,15.3837
1060.3586,333.1017,26.7865,15.3800
1062.0198,332.9083,26.4844,15.3557
1063.9995,333.0110,26.3652,15.5180
1065.8987,333.8113,26.6979,15.2343
1068.6530,335.6428,26.4180,16.0449
1071.1178,336.9818,25.9106,16.4524
1075.1809,339.1646,25.7141,16.6984
1080.0785,340.2613,25.2608,16.4361
1084.8805,340.4188,25.3475,16.2840
1089.5995,340.4571,25.2436,16.0614
1093.9619,341.2983,25.0350,16.2029
1098.2042,341.2130,24.7704,15.9993
1102.1338,339.8496,24.6774,15.9581
1106.9288,336.4819,24.4830,15.5296
1111.3152,332.9727,24.6025,15.3124
1115.9054,329.4751,24.4772,15.0596
1119.6746,325.5157,24.4044,15.0284
1121.5382,323.1264,24.3318,15.1480
1122.5393,320.6331,24.4817,15.2327
1122.8906,318.1829,24.3957,15.0302
1123.1055,315.8991,24.4465,14.9778
1121.8801,314.6418,24.7735,14.6857
1120.1708,313.5675,24.7146,14.9740
1117.7120,313.5044,24.7777,15.2396
1115.1696,313.5118,24.8195,15.3405
1112.6561,313.8477,25.0196,15.4482
1110.6445,313.7489,25.0856,15.4573
1108.2507,313.8995,24.8519,15.6012
1105.8308,313.1995,24.7149,15.6960
1104.4752,312.8690,24.4948,15.6487
1103.1321,311.8690,24.5124,15.6958
1101.7917,310.7115,24.6305,15.7092
1101.2238,309.9817,24.3994,15.6337
1100.7054,310.4854,24.6309,15.6157
1100.5062,310.7710,24.4739,15.7513
1100.9026,311.6117,24.5265,15.7265
1101.7396,312.2484,24.5117,15.7905
1104.2048,312.5068,24.1938,15.8754
1106.0039,314.0906,23.8787,15.8567
1107.9150,318.1784,23.6229,15.9849
1110.2563,320.3257,23.2097,15.9530
1112.9342,320.1994,22.9883,16.0432
1115.3524,319.0244,22.5093,16.1697
1118.0941,317.5868,22.1706,16.5664
1120.2329,315.9182,22.0161,16.7242
1122.1177,312.8911,21.8139,16.9824
1123.8696,310.2787,21.4254,17.0339
1124.6403,307.5372,21.2927,16.8339
1125.6212,305.7893,21.5256,16.4054
1126.6680,303.7815,21.6352,15.9460
1126.9872,301.6910,21.9317,15.9972
1126.3002,301.0643,22.5434,16.1063
1124.1746,301.0943,23.1714,16.2781
1122.4104,302.1293,23.4482,16.4855
1119.8525,301.6134,23.6468,16.5867
1117.3793,302.3271,24.2163,16.6668
1114.8146,302.3707,24.6459,16.7473
1112.3268,300.7985,24.9234,16.9001
1109.7300,299.5150,25.6644,17.0694
1106.8895,300.0388,25.9898,17.3720
1104.5815,300.2086,25.8345,17.6747
1102.3507,299.2874,25.6131,17.8274
1099.7228,297.6210,25.8789,17.8990
1097.0901,295.7217,25.6412,18.1651
1094.6079,293.8414,25.8385,18.4396
1091.0657,292.6632,25.9284,18.8121
