1
649.7072,272.1700,27.7843,136.4461
649.8740,275.6801,30.6650,134.6157
650.5716,279.0712,33.2117,132.7333
649.8608,280.8183,34.8218,131.7303
644.0562,285.1358,36.9399,130.3647
635.8702,288.9687,38.7570,128.5467
635.3039,289.0812,40.5143,128.7749
639.0414,288.5230,41.5285,129.3624
638.7861,288.8667,41.0051,130.9045
635.2022,289.0308,40.9611,132.6597
629.4182,291.5437,40.2477,134.8667
625.9747,298.6482,41.8656,132.7713
623.4147,309.5205,42.6073,130.8908
617.7298,315.4378,43.5681,129.1276
615.4115,315.8695,44.8742,127.4357
620.4412,317.6992,42.4414,127.5471
627.3777,314.1510,44.0890,125.1270
633.2432,309.3524,44.7512,123.6276
634.2617,305.3066,45.5724,123.0842
629.4418,306.6801,46.5075,120.9251
622.8184,308.5486,46.8584,120.3085
625.7406,308.6718,47.6596,119.8156
638.1884,304.5804,47.6388,120.8860
640.8299,303.7576,47.0689,122.3306
639.3604,302.9755,46.7724,123.0851
640.5753,301.0337,46.4029,123.9581
642.6708,298.8627,45.6085,124.3930
643.9658,296.1528,44.7728,124.8232
647.1694,291.3239,44.7353,124.5288
649.8608,286.9011,45.1984,123.5773
651.2953,284.4360,45.3181,122.7853
653.2328,279.6316,45.0998,123.2675
657.6708,273.4189,44.7587,123.7385
656.1569,267.6607,46.1568,124.3581
648.9094,263.8642,47.1683,125.3832
643.2930,261.3737,47.1519,125.6408
639.0035,258.3138,46.7801,126.1535
638.4416,255.4391,46.4770,126.4007
637.5643,252.1173,45.8338,127.6555
634.4279,250.0145,44.7892,128.8007
629.9669,248.1319,44.1821,129.4231
622.6333,251.6037,44.2053,129.2613
614.0436,252.2519,43.5805,129.1233
621.6242,247.0207,44.0944,129.7435
630.8495,242.7345,42.9929,129.7481
631.7795,236.7709,42.1958,130.0377
627.4094,235.8370,42.4987,129.7776
625.0081,237.1426,42.6606,129.1008
627.4717,238.9688,42.3942,129.1652
634.9210,239.5003,42.9235,127.4755
639.5734,241.3245,43.7693,124.7702
639.7941,241.2919,46.4450,121.3809
639.1022,242.3214,49.1172,118.2434
637.0927,243.1525,49.9507,116.3858
635.4932,243.1756,50.2008,115.4824
638.6404,244.0604,48.6703,115.8906
644.2527,244.3256,48.4965,115.8442
646.6635,242.5765,48.5669,116.1284
649.0452,241.1641,48.3582,117.0690
654.1550,240.4172,47.7998,119.3028
660.2228,238.8867,47.2000,121.5482
666.3175,237.0164,47.1345,122.5115
670.6365,234.6264,47.2857,123.4649
673.7849,233.8644,46.4235,125.2583
676.5446,232.6304,47.2137,125.5761
680.7852,230.2326,46.7780,127.8114
685.5258,227.0795,46.1239,129.4769
690.2786,223.7577,45.2455,130.2585
692.0076,221.6786,44.9104,130.5334
693.7083,219.6830,44.6671,130.5999
691.5891,217.6999,44.9606,130.8070
690.4011,214.0257,44.8319,131.1887
693.1700,210.1929,44.6363,130.6875
695.5013,207.7542,44.2597,130.1840
696.3459,205.4315,43.6686,130.8090
697.4185,204.5023,43.2464,130.5610
697.1691,201.0273,43.1652,129.7859
698.3600,196.9933,43.3689,128.5690
702.1698,198.3638,43.8212,127.0896
712.5763,201.5138,43.1752,125.7683
730.7881,198.5980,42.5899,124.9768
745.5490,193.4107,43.1719,124.8595
751.8408,189.5750,42.8182,125.4538
740.6974,193.8091,42.2982,126.4456
738.3298,202.2245,42.1610,126.8185
743.8405,208.2166,43.1814,125.0886
750.5012,212.9902,43.5905,124.8875
744.6126,217.1895,43.8551,124.5840
742.3334,221.0883,44.4440,124.3076
743.0784,221.2549,44.5163,124.0057
737.5575,222.2162,44.1136,124.4253
735.5497,226.1857,43.7574,125.2340
734.8608,228.2959,43.3875,125.8755
734.0464,227.0038,43.1335,126.0585
737.6462,222.0801,42.8220,125.9453
734.7737,217.8532,43.4587,125.0435
725.3802,215.1880,43.0205,124.8781
726.9326,212.3970,42.8053,125.2764
733.9352,209.7180,42.2292,126.2771
737.4675,207.0438,41.6572,126.4466
740.1790,203.0065,41.1082,126.6191
739.9948,197.5432,40.8146,126.0273
737.9249,194.6845,40.9073,126.7762
743.6473,192.4841,41.3640,127.1083
751.1494,191.6596,41.2549,127.0000
752.6476,193.2100,40.7110,127.5445
750.8832,192.7071,40.6684,127.9060
750.9719,189.9749,40.8390,127.4293
755.5295,189.2156,40.3844,126.8386
759.6996,190.6908,40.2083,125.4006
762.1599,192.8574,40.0139,123.3561
762.0346,195.5609,40.4061,121.1816
762.8239,198.9249,40.6730,118.3702
766.4081,199.6396,40.8378,115.7681
766.4543,196.4284,40.7274,115.0591
761.4982,196.5396,40.7717,114.4308
758.9763,198.1962,41.1204,114.7331
759.6439,202.1680,42.0544,115.2019
758.8389,203.5443,42.3575,116.6396
756.2313,199.8244,42.2819,116.4472
758.6371,198.0990,42.7418,115.0402
765.0690,193.9446,42.5551,115.0763
769.8785,196.3868,43.5741,115.0944
769.2531,200.6793,43.2757,117.5584
766.3128,204.1305,43.9798,117.9081
767.9575,206.2637,45.1765,116.9892
770.7932,209.4023,46.4320,116.7132
768.7540,212.4229,46.4706,116.8469
765.7775,214.2831,46.4463,118.0082
767.8101,216.3799,46.2072,118.7750
772.1526,215.2460,45.1822,119.6240
772.6501,213.7332,44.6365,121.5731
774.7025,215.3223,46.0153,122.3054
780.3923,215.0101,47.4021,122.7689
789.9153,212.2556,45.9710,123.3815
799.7351,211.2093,46.8077,121.7106
811.4866,209.6635,46.3495,121.3468
821.2194,210.1298,45.0568,120.1763
831.0253,214.0908,46.0908,120.0384
842.8024,214.1931,46.8283,122.2938
859.4614,208.7013,48.2781,123.2807
873.1019,202.3887,48.4320,127.5502
883.6188,197.7040,49.8524,127.5839
889.4216,194.7693,49.6435,129.6918
886.0515,196.0434,49.2917,134.7923
879.1337,193.3414,49.8010,141.7227
872.5657,188.5157,50.5162,147.1127
867.9506,188.4250,52.0040,150.8428
865.8547,184.8558,53.4297,153.7430
867.3901,177.7948,54.2988,157.7505
863.8446,171.6067,56.0595,161.3487
857.9791,171.6728,56.9122,165.7401
855.5869,170.3403,57.3546,170.8062
856.9160,170.4580,58.6546,172.2385
860.6040,174.8243,59.5142,174.0105
862.5715,180.5445,60.1351,175.7054
859.9592,193.9519,59.3105,174.4776
852.8589,202.0762,59.8430,172.6756
846.0502,214.0673,64.4987,165.7323
847.5814,224.4221,68.2462,158.2529
847.2518,231.9617,70.5647,152.7682
840.9587,236.1312,69.9859,149.4023
852.8477,240.2412,68.7235,145.3023
850.5193,235.2414,69.3163,143.9368
848.5394,229.3489,70.6878,141.6764
857.5145,227.6514,70.2357,139.8719
863.9188,228.2777,65.6534,142.8800
868.4667,227.2976,60.6208,147.8093
875.2885,225.0897,57.1207,151.2275
872.9130,227.3871,56.7168,150.8015
866.5413,229.6490,57.8948,149.3710
872.3586,230.4436,57.2285,147.1711
876.4927,226.0627,57.5288,144.8391
881.3146,223.4474,56.9177,143.3655
859.8694,223.5888,60.5290,138.5244
856.2703,216.7238,61.0113,136.2350
891.9134,210.3817,56.5467,141.8616
923.5857,226.0880,53.0689,138.5519
2
0
0
0
0
1
815.1290,205.6679,234.2936,161.2669
847.2742,190.0512,220.1541,184.1350
852.6863,179.8305,190.4123,220.4003
841.4023,234.4819,168.6984,228.4092
839.4924,268.7421,170.0233,217.9587
839.5827,273.1026,157.4015,221.2154
812.9076,267.8895,162.8208,207.4742
770.0048,278.1519,181.3141,191.5252
794.7521,292.6874,194.4181,182.1114
766.0787,295.7314,201.4746,183.1941
748.3079,292.1376,178.9361,212.7461
734.7963,286.2926,153.6207,243.6123
709.4175,255.1036,144.8675,258.0921
688.6171,242.5415,142.1036,266.4695
665.2969,181.0700,147.2510,261.8045
646.2695,190.2515,164.4964,247.9431
634.5405,188.3187,192.3215,223.8364
594.1787,188.1274,231.2069,192.4837
557.7582,222.4910,237.2814,193.8895
541.9139,203.9595,248.6314,182.0340
542.9004,226.9122,242.5218,185.8779
527.3392,226.6305,229.6687,191.5328
553.1265,250.6160,221.5436,199.5508
529.3829,249.2199,200.9996,221.2733
557.2093,242.5201,180.6330,246.5554
556.4723,237.0485,166.8503,266.3586
620.3103,298.4667,180.6857,254.8257
623.9359,292.0691,195.0500,248.4521
626.9829,296.9776,207.8910,239.0838
616.2391,296.1265,215.7570,234.3015
625.6406,286.5916,222.5306,230.2856
627.8661,279.3631,230.5100,222.1198
619.5015,270.6382,231.4614,227.0298
643.9922,233.0831,227.4797,232.9523
633.9802,252.9382,223.0305,245.1302
647.7637,229.8584,218.7885,256.4236
635.9371,230.4473,194.1492,278.0748
623.7914,216.2874,171.0328,304.5053
614.0281,182.4645,150.0470,335.2896
626.4008,164.7684,135.2375,355.8189
628.7830,156.1745,125.8975,368.1755
615.2064,164.6738,127.3639,373.5848
586.0486,180.6653,132.0114,375.2542
584.2940,176.0915,139.7877,376.2238
567.8053,171.9791,146.9365,379.2539
576.0367,188.8882,154.4967,379.6315
579.2137,194.9507,160.2809,381.3660
561.4997,198.4870,163.4676,380.4794
566.9725,210.3775,167.5400,377.6559
546.4257,227.2647,171.6305,372.6205
555.9745,237.4897,177.9689,364.1849
565.9073,247.0982,184.8084,357.9332
567.9850,257.5287,187.9372,354.3253
565.1851,220.4691,184.8965,364.8705
569.2916,219.0454,182.2694,375.9352
