1
757.1062,239.1714,154.2760,95.3374
756.3387,241.4034,159.7991,95.9476
757.0618,243.4851,163.0770,96.6880
758.1015,242.9445,164.2033,97.6728
758.9189,244.3771,164.5518,98.2803
762.5128,244.1448,165.9927,98.7109
764.0330,244.3083,169.0986,99.0513
766.1423,242.9675,170.6227,99.1128
765.8765,242.6703,171.7442,99.2285
767.4951,242.3138,171.5248,100.4975
771.1870,241.2826,169.4020,101.4560
772.8851,240.2283,167.2568,102.0425
773.9636,240.1327,165.3275,102.9809
776.4377,239.2451,163.8799,104.2521
778.6550,238.4325,162.5739,104.9960
777.7742,237.2875,162.5848,105.3494
779.2474,236.4676,162.3778,105.1477
781.1736,234.7357,163.1834,105.5559
781.8961,232.7880,164.8339,107.8465
782.0728,230.7514,165.5592,109.5086
784.4347,224.2187,168.0832,108.4120
784.4130,220.0899,170.3703,108.0145
787.0118,219.7250,171.1685,106.7284
793.0668,217.1514,169.7103,105.3513
792.9391,218.0942,167.3097,104.7404
798.5914,217.0867,165.2332,104.5635
800.9049,215.0919,163.3198,103.6427
800.7947,214.2728,162.2693,103.3184
807.6338,214.7451,158.4687,105.7918
812.5876,214.3179,155.3424,108.0275
819.9127,215.2992,151.0967,109.8592
820.3323,214.2525,148.9975,110.5546
822.6381,216.4660,147.4389,110.3674
826.6940,219.6023,141.1422,115.1436
831.2386,220.1752,136.9834,117.2813
833.9406,216.7897,134.0584,117.3482
835.1454,215.9966,132.5906,116.3754
838.1312,214.8062,130.8414,114.8611
839.6638,214.8941,128.7780,113.3368
842.4580,214.2766,126.4567,111.8995
845.6027,213.2037,124.1557,109.7977
847.0257,213.5406,121.7604,109.2066
849.6756,214.0742,118.9809,108.6752
851.0918,213.2641,116.6416,107.7572
850.9311,212.9915,115.0865,107.0860
855.1710,209.8069,112.0383,108.7590
859.2766,208.2911,107.8904,109.6861
862.7861,205.8033,104.2922,110.6117
865.4921,206.6045,101.2448,111.3002
869.0323,204.8136,97.2840,113.1013
874.1569,201.2890,93.5253,112.8607
877.2088,200.0474,90.2659,111.9698
879.8521,199.8267,86.9138,111.2367
882.0486,199.0111,84.0504,111.3507
883.1490,198.0340,82.6813,110.7668
884.1383,197.1235,81.3598,110.4832
886.1345,197.5174,80.2804,109.5071
889.2891,199.5343,77.8125,110.5624
890.3851,202.0805,74.1135,112.2403
892.5294,200.8250,71.2504,116.0845
893.3523,197.4189,70.1817,116.6619
894.1839,200.7426,68.7440,119.4498
894.0286,199.3756,68.2157,122.0378
895.5448,201.1167,67.6843,123.7225
896.9165,201.5267,66.3604,126.5723
897.9528,199.7887,64.6001,127.8287
899.1679,200.4092,63.1160,128.3768
899.6290,200.5986,62.4303,126.5295
901.6332,203.0135,61.5550,125.4877
901.8966,202.7280,60.5793,123.7001
904.5747,204.3197,59.1656,123.7099
905.8683,203.7641,57.7977,123.2871
905.2816,204.3406,57.0629,121.5824
905.3185,206.5489,57.1320,119.4394
903.9398,208.6203,56.9228,117.9479
903.6346,208.6722,57.5163,116.5297
903.2269,206.7603,58.1274,116.3793
903.0581,207.0402,58.5679,116.0036
902.3622,208.7675,59.1505,115.3344
902.2285,209.7246,59.2488,114.5365
898.6828,205.7151,61.0074,114.8592
895.6005,205.8404,62.8123,115.1449
894.9673,205.4964,64.8876,114.2973
893.9360,206.9472,66.1795,115.1910
893.0256,208.3853,67.1271,116.0422
892.0687,208.9156,68.3346,116.7478
893.6312,208.1542,67.9580,119.5115
894.2296,207.0058,67.4115,121.5211
893.7829,207.4920,67.4787,121.4381
894.2419,207.4988,67.4048,121.7723
893.2464,208.1590,67.7748,122.6733
893.2456,207.0079,68.3939,122.8925
893.0743,208.8147,68.8052,122.0583
892.8555,208.1755,68.9867,120.5268
893.1204,209.2130,69.0096,118.6350
893.0449,208.9006,69.0837,117.9377
892.9174,208.3592,68.9118,116.9218
892.8495,208.0267,68.8366,116.8911
893.0186,207.2106,68.3234,116.5271
893.3599,206.4944,68.0644,116.4204
892.5898,205.4480,68.0958,116.5047
892.1044,202.7647,68.7844,114.6547
892.9064,203.3552,68.9651,113.0099
893.2877,206.3015,68.7619,111.6648
892.8785,207.0182,69.0976,110.9489
893.2202,208.2833,68.4797,111.8494
893.6167,208.4759,68.2694,112.9978
893.5851,207.5126,68.4134,113.2758
893.6255,207.9164,68.6629,113.7328
893.7763,207.3496,69.0330,112.8680
892.6738,207.2018,69.4749,111.7127
892.1968,209.5291,70.0950,110.4852
892.3620,209.1901,70.6008,109.9057
891.8211,208.7193,70.5617,109.5612
891.8769,209.4805,70.9880,108.8091
892.0381,211.5214,71.4333,107.6911
890.8344,213.9518,72.0679,106.8587
887.5593,212.9725,74.5988,104.1047
886.7551,214.0249,75.7726,102.7587
886.7071,214.9677,76.5323,101.6969
885.7331,213.8861,77.3469,100.3031
886.2710,215.4594,77.2930,99.7794
885.7401,215.0488,77.4490,99.3696
886.2856,216.0263,77.4842,100.1606
885.5181,217.5007,77.6090,100.9471
881.4398,217.5321,79.6334,101.0927
874.2122,208.2486,85.0115,100.2537
876.3204,209.5722,87.5156,101.7936
865.5205,210.3344,92.8954,102.7666
855.1384,201.6956,101.1766,100.7219
849.2268,203.0844,107.1761,99.0723
845.0694,205.1777,111.0673,97.3677
843.0532,206.4247,113.4051,96.7727
841.2827,207.0074,115.6976,96.9862
841.3773,206.9146,117.1564,96.6858
840.3145,206.7607,118.4208,96.7721
836.8167,199.9127,121.6480,92.6088
839.8818,203.7139,121.4007,92.9023
840.2059,205.4982,120.8510,93.2527
835.8032,200.3996,122.9815,90.2025
838.8669,203.8742,121.4972,90.9931
839.6063,205.2533,120.7508,91.9274
840.6594,206.0489,119.6466,92.5826
837.0008,200.9456,121.7233,89.4240
836.5905,202.6479,122.6002,87.7062
836.0414,204.1635,123.0577,86.4818
842.0021,205.4572,120.5532,88.6836
848.9093,207.7942,117.6162,93.6710
843.4487,199.7836,116.8725,96.3000
846.8345,202.3518,116.8064,100.2997
838.9808,195.1052,117.9084,102.0150
842.4349,198.0386,119.0309,104.5675
834.7536,189.7471,120.0077,104.4639
838.8282,193.6413,121.3925,106.8201
839.8416,195.4052,122.5007,109.4550
830.7934,186.6112,124.4704,109.1044
833.1019,189.1845,125.7086,110.5165
833.2833,190.6753,126.9934,112.0017
832.2858,191.5356,128.4540,113.6067
828.1742,184.3411,127.5312,112.5337
831.1170,188.9772,128.4854,114.1139
832.1298,190.9079,129.5194,114.6362
827.9789,183.9795,129.2335,112.7753
827.1887,186.6096,131.8540,112.7986
827.9679,188.2656,133.2178,112.2911
830.5702,190.9218,133.0280,112.6572
831.3739,191.5058,133.8139,112.8285
836.3268,194.4180,131.7660,112.5927
836.3581,199.5294,129.8022,110.2569
836.8325,203.7637,129.2453,107.2343
833.8582,208.1693,129.4231,105.8311
833.5294,210.5923,129.7654,102.8126
832.7003,211.5941,130.2500,100.9130
831.4894,211.5209,130.8171,99.2298
832.1879,211.6275,130.5927,97.7458
829.4635,212.8938,132.7803,94.2899
829.4382,212.7324,133.9769,92.6137
830.0137,212.1468,134.7468,91.6045
828.7463,213.0167,135.0073,91.3717
828.5707,215.6272,135.0684,91.0772
826.6606,214.7201,135.5987,90.3359
818.4377,214.9918,138.6770,89.4780
812.3080,215.9807,141.6391,88.5136
806.1207,216.5961,145.0001,88.1111
803.2426,218.2203,149.1239,87.7412
799.4470,218.9721,152.9460,88.4667
799.5980,219.8735,154.6530,89.4453
798.9411,219.6874,155.5537,90.9892
800.0236,219.6473,156.3832,92.9696
799.8679,221.1887,156.8053,94.2259
798.6451,220.6111,159.2859,95.1844
787.4263,220.9554,165.4256,95.8081
778.4357,221.8255,172.0999,95.9605
770.9652,222.4092,178.9762,96.4861
767.2333,222.5423,183.7545,97.3822
763.3416,222.6850,188.7515,98.3136
761.3849,224.6980,195.8053,96.9118
758.7311,223.8758,200.1627,96.0580
757.2058,224.0698,204.0669,95.8397
755.6838,224.5756,207.0899,95.9012
754.1970,224.7674,209.4491,96.4152
753.6143,223.3836,210.8914,97.0684
756.5563,221.6846,210.7423,97.1370
758.2332,221.3788,209.5230,97.6978
764.7485,221.3978,206.4141,97.2835
767.1675,221.0215,204.0274,97.2284
767.2241,221.4026,202.1313,96.8087
769.5430,221.9459,200.1671,96.5379
768.1422,222.4519,198.4753,96.2871
768.4346,222.0652,197.7850,95.6768
767.9730,221.8171,197.2267,95.1217
770.0684,222.7621,196.5012,94.7576
768.5699,221.8798,197.1589,94.7691
769.8880,221.9010,197.1245,95.1962
767.7922,221.7277,198.0964,95.0745
766.8815,221.0109,198.9855,95.1635
759.1412,222.7634,202.4971,95.1729
756.4186,224.0375,205.1253,95.7555
756.4570,224.0215,205.9413,95.5373
757.6412,224.6809,207.1771,95.6920
753.2708,226.6897,208.3230,95.5141
750.7916,229.9644,210.6154,94.3143
749.1031,230.8707,212.0730,93.3203
749.7225,231.2164,212.7337,92.4854
753.2879,231.4162,210.9829,92.3971
754.2733,230.6901,209.9808,92.4745
753.8691,231.2038,209.6663,92.5286
752.4062,232.3994,209.5189,92.2689
752.5466,229.7620,209.9844,92.0935
751.3506,232.4284,212.3018,91.6130
750.1708,231.0019,213.4183,91.5815
743.9924,231.4766,213.0520,91.3042
743.3176,232.7773,214.7823,91.0251
740.6946,233.6530,215.4683,90.3368
737.7103,232.7985,216.3646,89.7578
731.5536,232.4939,216.7892,88.3874
721.8262,234.2700,218.9817,87.4561
722.3416,234.3483,220.5706,86.6929
745.7109,252.0033,217.2575,85.3638
715.4060,235.0038,217.3983,83.0023
711.6938,233.5159,214.6305,82.6558
711.6830,235.0959,214.0451,82.2898
767.2631,257.0415,211.6129,81.7615
766.0969,260.0365,208.8449,81.3619
777.2302,260.1614,207.1843,81.1720
2
0
0
0
0
1
442.8496,196.7065,125.3622,97.5299
433.0971,194.6756,130.6433,97.6755
430.1326,195.9610,131.8690,97.2338
427.7072,197.6919,133.0140,96.6810
427.1171,197.5042,132.5402,96.4776
425.3993,196.6082,131.8169,96.1328
425.3229,193.7973,132.2520,96.4981
429.9680,194.5617,132.8055,96.2950
428.1198,193.6517,133.7528,97.1171
428.3573,193.9188,134.0814,97.2172
428.4713,194.8758,135.3264,97.0001
428.0830,194.8546,137.0732,97.3179
427.8846,195.8687,137.5267,96.0115
425.5185,196.5817,138.9621,95.1551
424.3428,197.9036,140.2023,94.0219
422.0942,198.8848,142.0190,93.6315
412.9345,201.7555,150.3387,89.8787
410.8842,202.2531,156.0020,88.1514
409.1786,202.3501,161.0673,87.6872
408.8790,202.2514,162.0679,87.4420
408.5275,200.9322,163.3621,87.3115
403.7629,201.0748,163.4573,86.3631
403.0153,200.6629,162.7611,86.1834
402.3175,200.2757,162.5160,86.3499
400.9232,200.4445,162.9902,86.6159
399.0164,200.2303,163.0664,87.3326
392.3512,198.5840,165.3069,88.3316
391.6132,196.7642,165.6447,89.1771
391.7227,195.2993,166.1191,90.0545
391.8151,194.6466,166.2774,91.1021
391.8387,194.1729,165.4986,91.7976
391.2146,193.3722,160.3760,95.3093
394.7977,195.3452,155.3289,98.0333
393.6625,197.5590,150.5781,101.6643
397.6173,200.3051,146.6339,103.8672
400.6507,201.0390,142.7710,107.9205
401.4427,200.8658,139.3588,112.8040
404.3278,201.0997,136.7171,116.9854
405.4656,201.8031,134.5339,120.8834
405.1740,202.2841,133.9487,123.3239
405.2708,201.8424,134.0210,124.5528
403.4764,207.1732,133.7545,125.6060
404.3923,210.7708,132.5383,126.7485
403.3744,211.8195,131.9471,126.9437
402.2370,213.2166,131.2274,128.5237
400.2042,210.1779,131.2614,125.9180
397.1612,216.1554,130.2635,125.1946
394.6817,216.6494,128.1504,125.8621
392.1948,215.1670,126.0520,126.8064
388.8383,213.8954,125.9469,123.9053
387.1172,213.3503,124.6461,123.2954
386.7418,211.2290,123.3226,123.5905
385.0990,211.2286,124.2667,120.4181
386.1990,213.4514,125.1171,117.4484
385.0385,215.4343,125.5834,114.5346
383.2683,217.6626,125.0440,112.3383
383.6779,217.4252,124.2486,110.3708
383.2450,218.4749,123.8116,107.6616
382.9461,217.8720,124.6813,105.1940
382.2781,217.9955,124.9292,102.8126
380.2495,218.8519,125.3597,102.3384
378.7848,219.9739,124.5962,100.9333
378.9051,220.0725,123.9287,100.3978
379.2994,218.7930,122.9316,99.9114
377.4411,220.3047,122.1909,99.9523
377.1178,222.0979,121.2865,100.7471
377.1658,221.5896,120.5774,102.2008
376.8644,219.7120,119.9532,104.4897
376.2831,219.0080,119.2671,106.3961
375.3922,218.5813,119.2701,106.4794
374.1662,218.1532,118.6586,106.5493
376.3837,215.7864,117.4763,109.3343
377.6674,217.8628,116.7298,111.7092
377.9429,219.4249,117.6263,111.8678
378.2675,216.2830,118.4043,111.6880
378.0374,213.6437,119.5869,111.1308
368.7652,212.7427,126.6915,106.6152
370.0505,215.7767,129.7279,103.0014
368.6662,217.1727,132.7822,100.1362
364.3320,217.3492,136.6374,98.2591
360.6320,216.5109,139.7362,98.2976
357.9461,216.9622,140.8810,98.8086
356.4776,216.8127,141.5061,99.4484
357.6579,215.7037,141.3140,99.6710
357.5439,216.2204,141.6967,99.5777
355.6480,216.0208,142.6234,99.6384
358.5726,215.9984,140.6306,99.5584
360.9874,216.0984,138.4633,98.3000
360.9439,216.3798,137.6832,96.9977
361.1363,215.5435,138.4029,95.2897
361.3839,214.8981,138.1897,94.0282
359.3392,214.3074,138.2258,93.3308
355.7999,213.6852,142.1344,88.6425
354.7389,213.9961,145.3467,84.9936
352.6158,213.5137,147.6946,83.3190
351.4472,212.9353,149.1967,82.3853
347.1896,212.2365,151.7741,81.7544
343.4811,211.7959,154.2001,80.7210
340.0250,212.1054,156.5298,79.8256
339.8861,212.2182,157.7435,79.0833
336.9761,211.4542,160.4805,78.3197
334.7223,210.8659,161.4874,78.9683
334.1837,211.2472,161.7453,80.1493
331.7219,210.2645,163.2727,80.5478
328.8567,209.1194,165.7939,81.5187
326.6390,208.5714,168.3879,82.3051
323.2874,207.2764,169.9287,82.6250
321.5941,206.6248,171.8534,83.0141
320.6067,205.7364,172.5645,83.3920
322.3762,205.3112,173.3924,84.2450
320.1213,206.1179,174.3194,85.0164
321.6909,208.4467,177.1469,83.4754
320.2139,210.0125,181.1312,82.3420
315.3485,211.9753,184.3903,81.6779
310.9161,213.7862,186.2616,81.7353
305.2421,215.0492,186.8922,82.2208
300.1454,215.9937,187.4269,82.5615
295.7793,216.8381,186.5379,82.0009
292.2174,217.4692,187.9379,82.2224
288.0163,217.4053,188.4951,82.4686
282.0849,217.6632,188.6615,82.5388
273.8930,219.6513,189.9169,81.5029
269.1570,220.1386,190.1033,81.8819
268.5622,219.2138,189.5251,82.2372
263.6973,219.1195,191.0239,81.3466
261.3385,218.6702,189.9662,80.6154
255.9597,217.8810,189.1309,79.9562
255.3535,217.0650,187.4965,79.4717
253.3606,216.0626,186.3600,79.4007
250.7621,214.7494,186.8008,78.8392
253.6716,215.4277,187.8279,75.1788
249.9821,213.5527,186.4113,74.4606
247.0299,214.9327,189.9949,71.8591
243.2266,215.7817,191.2140,70.5647
240.6947,217.4467,192.2759,68.4962
241.4048,218.0527,193.2185,66.1330
233.1826,219.3284,196.8727,62.7752
228.9195,220.8061,200.6555,60.7651
229.0689,221.5271,200.7610,60.0694
233.3137,222.5736,198.6497,60.8333
231.8837,223.3230,197.6943,60.9774
222.9355,225.3992,198.0566,60.5460
216.5344,227.2302,200.6461,58.8128
212.3920,228.5728,201.6013,57.8470
224.2701,238.5838,190.2384,65.0118
204.9203,225.9984,195.4849,61.6273
196.8566,227.9186,200.3448,58.8060
193.7569,228.4556,202.4772,57.1553
188.2971,257.8653,178.0120,75.5808
196.8082,254.0141,159.1217,90.7955
201.5508,252.1622,145.5445,101.7391
205.0080,249.9374,136.7529,108.6334
225.5309,241.6647,128.2049,113.0707
230.3656,246.9773,119.7984,116.0015
233.4554,249.1789,113.1586,116.2997
237.2215,251.4468,107.2731,115.5489
239.9160,252.0342,102.0789,115.4088
241.0720,252.7714,98.6521,114.5251
242.4723,251.4599,94.8525,114.1598
245.3212,251.5249,92.1997,113.0053
248.2364,252.3394,89.9705,111.7451
249.3169,251.5174,87.8309,111.3011
251.2765,252.3909,85.7650,110.5616
251.5235,251.8836,83.9808,109.3764
252.5908,252.0978,82.7442,108.8012
254.3923,252.1506,81.3158,108.4659
254.1896,252.1224,80.7812,107.3073
254.3792,253.0392,79.7050,106.0858
254.5366,253.5344,78.7798,105.2128
256.5722,253.4306,77.5854,104.6587
255.8836,253.8565,76.4955,104.0316
256.4073,254.0142,75.5837,103.5536
257.4583,253.7179,75.0104,103.0228
257.8259,254.3983,75.0388,102.1402
257.8972,254.5733,74.6492,101.3784
258.4760,253.6425,74.4743,101.0520
257.6267,253.9641,74.3231,99.9564
257.9547,254.8849,73.5998,99.7501
258.3712,254.1308,73.0065,99.6837
259.6271,255.0358,72.7660,99.6715
260.3853,254.4901,71.7939,100.4239
261.4321,254.4516,71.2971,100.3829
260.8265,254.8012,70.3995,100.7786
260.6027,254.4420,69.8746,101.2105
260.6485,253.6859,69.5242,101.4039
261.8201,254.0700,69.3069,101.8993
261.9557,254.1600,69.3818,102.0165
262.3182,255.1826,69.5174,101.5249
262.5555,255.2806,69.6169,101.5117
262.6236,255.1600,69.7764,101.4233
263.6949,256.2464,70.6085,100.4834
262.0516,256.7661,70.6440,99.7769
262.1566,256.3723,70.4708,99.7759
261.7278,256.8977,70.5021,99.6518
261.7451,256.4188,70.1988,100.0935
261.5964,256.0430,69.6906,100.6647
262.1724,256.0014,69.4553,100.6191
260.8150,256.7784,69.2152,100.4276
259.4459,257.0186,69.5806,99.8356
260.7577,256.9606,69.9223,99.3058
260.3074,257.2559,70.1184,98.8438
260.1923,257.5907,70.3009,98.5583
261.4536,258.5553,70.2862,98.2887
263.5070,258.2457,69.8017,99.1568
263.1612,256.9232,69.8310,99.2786
261.8925,257.0233,69.9400,99.4484
262.2721,256.0295,69.7848,99.9332
2
0
0
0
0
1
82.9971,231.8488,157.1526,99.4192
80.7727,231.7615,160.4440,99.7028
78.5733,231.6969,161.4680,99.7073
78.3038,231.6515,162.3384,99.2973
75.1016,232.0021,161.2185,99.0834
75.1333,232.4045,160.5892,98.9072
75.8605,231.4623,158.8495,98.2121
76.5858,231.8440,159.2845,98.1203
68.8160,231.1066,161.9845,97.8438
61.0463,231.5989,165.7927,97.4093
54.2393,231.2124,170.3620,96.9427
46.8680,230.0568,177.4667,96.9768
42.8426,229.8635,182.6066,97.4180
38.6540,229.8587,185.8661,97.7252
36.8410,228.4841,189.4597,98.0482
34.2411,227.9972,190.8181,98.3867
32.5227,227.6729,192.9598,98.9460
31.0347,226.4540,194.0288,99.3648
30.5662,226.4237,194.0141,99.4796
29.1992,225.8245,193.8595,99.3770
28.0506,225.2888,193.9707,99.5927
26.6091,224.6825,194.3156,99.4415
27.6157,225.2193,194.6459,99.7333
26.3869,225.8047,194.1530,99.2894
24.5947,222.5971,192.6228,100.0376
21.1427,221.2091,191.0136,101.6040
18.4247,219.6463,191.3724,104.1131
17.4430,218.3035,190.8303,106.2155
16.3908,218.4417,190.1622,107.5997
15.3593,219.3566,190.1095,109.0367
14.1570,218.7535,189.3282,110.1104
14.8566,218.7378,189.7237,110.7711
14.0298,218.0017,188.9264,111.0051
14.2897,216.8657,188.4483,111.8098
15.6078,218.6582,188.2270,112.7128
16.9483,218.2669,187.7536,112.3067
17.5475,217.7931,187.6389,112.3613
16.3680,215.8992,187.6469,113.3435
16.8067,214.8538,186.5717,114.5134
14.6985,213.2519,186.5321,115.7278
14.1158,213.6311,187.6379,116.6053
11.0582,214.4168,190.4188,116.8995
11.2142,215.3629,192.4244,116.1950
10.0880,216.7962,193.8990,115.1669
9.1784,217.2713,195.5216,114.4803
8.0039,217.0377,195.4240,113.7696
8.9368,216.9193,196.3440,113.4985
10.7243,217.8097,197.9454,113.1089
8.6900,218.9268,199.2115,112.8139
8.1915,216.6281,198.5148,113.2108
8.0968,214.0277,197.0955,114.9014
12.0929,211.9360,200.1124,114.9025
12.3819,209.1857,200.8896,115.5540
14.3122,207.7086,199.9818,116.4860
12.4066,206.4934,201.4482,116.8445
12.0652,205.5448,201.8424,117.7949
10.0958,204.3769,201.7424,119.0084
10.2712,203.5372,201.6571,120.0239
11.8749,203.1638,201.9334,120.6536
10.1637,203.2488,201.3833,120.9458
11.0274,202.4703,201.5887,121.2931
9.5417,202.8800,202.8613,121.9731
9.0486,202.2273,203.3242,122.2240
8.6886,203.0610,203.0975,122.6072
10.4750,202.4453,202.4792,122.8537
9.9772,202.4624,201.7412,123.1259
8.9556,202.0603,201.8346,122.9905
8.0463,201.7377,202.4886,122.7710
10.9169,201.9527,201.4160,123.2558
9.3255,202.2215,201.7733,123.4384
10.2447,202.8211,201.2824,123.0171
9.8660,202.5297,200.9521,122.8015
11.0118,203.0855,200.2903,122.7254
12.3000,201.7663,199.3480,123.3871
17.4094,199.8306,196.1016,124.2369
18.5789,197.0697,194.4988,125.4784
18.2672,195.9676,192.7843,126.2819
17.3775,193.3890,192.2306,127.3015
18.8663,192.8292,190.4787,128.2279
17.3302,192.1432,189.4811,128.8730
17.5160,192.9681,187.8914,129.2477
19.3522,192.8538,187.4867,129.8118
17.6598,192.1163,187.2969,130.2187
16.7810,192.4731,187.2002,130.4395
17.1727,192.0296,187.5043,130.5726
15.4862,191.1722,188.0724,130.7078
17.5693,191.2257,187.2118,131.0295
17.5785,192.2052,186.7818,130.8706
17.1005,192.4012,187.1459,130.1900
17.7085,192.3976,187.0642,130.3902
18.6814,191.7153,186.5439,130.6668
17.0943,191.8180,187.1985,130.7443
17.6389,192.5015,186.6279,131.0361
22.1214,194.7824,184.4351,130.4084
36.9118,204.8767,178.1161,125.7597
42.7289,213.5159,170.8351,120.7123
49.1421,217.2610,164.5954,115.7373
52.2317,221.2643,159.3194,111.6451
53.9203,222.4702,154.4725,108.2769
56.4708,224.2073,149.7455,105.0190
58.0922,224.9851,146.3620,102.8501
58.2676,225.9332,143.7632,101.0073
59.5543,226.9372,141.4400,99.2051
64.9897,227.3994,139.2100,97.9702
61.3133,228.3346,136.0280,98.8442
62.2407,228.7261,135.3179,97.6949
62.0277,228.6472,133.4787,96.1600
63.7988,228.9251,131.8503,94.7635
63.3257,229.1577,127.3966,95.6050
64.7190,228.8221,122.4465,96.0807
65.9371,228.6527,118.1753,95.9766
67.9299,227.6437,114.9309,95.4114
68.6329,227.8127,112.0576,95.3716
70.2328,228.0579,110.1122,95.1454
72.2663,226.9324,108.5347,94.8320
72.6915,226.2876,107.8606,95.0377
72.8084,225.3566,107.4809,95.2813
73.5975,225.6914,107.8120,95.9720
74.8349,222.8454,109.5805,97.6081
76.0500,223.1403,113.1713,98.3988
80.8990,225.6947,118.6029,100.0287
81.1173,226.3944,125.3373,99.3468
80.6774,226.1569,131.4778,97.7776
76.2283,226.5036,135.3848,96.9020
77.0219,226.1171,137.5554,96.2878
74.2763,226.0424,139.7141,95.5663
73.1501,226.7326,141.1728,95.7271
70.7448,227.4328,143.5933,96.6302
65.7915,228.0958,146.3190,97.4349
63.8793,227.9551,149.2050,97.9068
61.3546,228.9996,152.0057,99.0848
59.4747,228.7053,153.1282,99.6597
58.2786,228.9314,154.9063,100.7227
57.5897,230.0894,156.6982,102.2692
58.8812,231.1219,158.8796,104.2308
63.0936,232.1012,162.4691,105.6074
62.3716,232.4001,166.7518,107.0595
61.3948,233.1511,171.8549,108.8486
60.7512,233.8178,175.9506,110.4457
60.0633,234.4227,179.2574,111.9142
59.2004,235.4363,180.2245,113.7248
58.2761,234.4316,181.5552,114.7249
57.9523,233.2943,182.3356,115.2760
56.4323,232.6391,182.8319,115.7904
57.5508,231.7604,183.2156,115.6590
57.7741,232.2088,183.1402,115.2808
58.5256,231.9517,182.5362,115.3270
58.4646,231.4194,182.8868,114.3078
56.0682,232.3247,183.8134,114.2411
58.2191,231.6187,184.0660,114.3882
56.5539,231.6016,183.7934,114.6450
56.9309,231.2905,184.5351,114.4291
56.8203,231.6567,184.3023,114.7668
59.9581,231.3070,183.6810,114.7780
56.4133,230.5477,184.2442,114.3725
56.2192,231.3072,184.4164,114.6487
57.7460,231.2185,183.5798,114.4338
59.5337,232.1793,181.7336,114.4961
59.0299,231.1592,180.4039,114.5065
59.4216,230.8859,179.0717,114.7147
58.1624,230.8976,179.4893,115.2224
57.9544,231.4832,178.8502,116.1147
59.3335,231.4328,177.7283,117.1117
58.5623,231.5926,177.5643,117.3825
60.1569,231.9105,176.5469,117.9478
61.3499,231.6452,175.7870,118.1740
62.6567,231.0081,175.3979,118.3699
64.3803,231.2439,175.3765,118.2566
66.9495,230.8565,175.7345,118.5668
66.5702,230.7399,174.2605,118.9600
69.4613,230.7089,177.4448,117.8684
67.1565,230.1802,177.9384,117.2404
69.3886,227.1104,179.9973,117.0267
64.6007,225.5707,182.1327,118.6479
65.0095,226.3073,183.7206,118.7674
57.6757,225.1158,188.5765,117.3891
56.7519,225.0503,191.9389,116.5645
51.3276,224.7631,195.5123,116.4410
51.8055,224.3590,198.3287,116.5577
50.6474,223.3549,199.8581,117.2294
57.0786,225.9523,196.4416,118.0741
50.8645,225.5699,198.9198,118.6534
47.9110,226.0457,202.1803,118.6436
44.0233,225.7167,212.4420,113.2992
42.1036,228.5394,220.5936,108.9738
34.5310,233.1145,226.1175,105.8590
39.2567,235.6046,227.1687,104.0448
46.4827,238.2600,228.7081,104.1168
46.0646,240.1578,234.7537,104.0985
40.2237,241.4801,239.7330,105.3220
38.3742,240.9289,245.3426,105.9783
42.8143,241.2229,247.9719,106.6458
40.8348,241.2757,249.0466,106.3697
39.6283,242.8507,249.4221,106.4780
39.9921,242.4813,249.8376,106.3106
32.6924,244.7674,251.1100,107.1033
36.2493,243.9100,252.3353,107.1341
34.1580,244.2003,254.1068,107.5110
39.8886,243.8536,252.5827,107.6501
35.6527,242.8708,251.4330,107.8560
40.6445,242.6134,248.0340,107.0046
37.4961,240.9303,247.6488,106.6366
40.5086,239.7039,246.8270,105.7842
39.6717,239.6662,245.6248,105.3784
41.7776,237.8776,244.3763,105.2124
45.1308,235.5812,246.8683,105.1620
45.1118,234.0208,251.5786,105.4715
49.9293,234.4823,255.1583,106.6225
52.3394,234.8505,258.5048,107.8362
49.0225,233.0209,261.1809,108.9453
50.2679,230.4790,263.9751,109.9448
49.3714,231.6671,268.0301,111.7423
48.6661,228.6477,269.3047,113.0562
52.7808,227.1391,270.0159,113.4737
50.1716,228.1932,272.0066,114.3084
51.2626,225.7862,273.6555,114.5401
47.3963,223.6331,277.9295,113.7162
48.5433,223.2162,279.4246,112.7166
50.0236,225.1697,279.6624,113.1079
53.4096,224.1357,279.7017,113.1550
53.6089,223.2767,284.2323,113.7560
56.4790,224.0343,287.7095,114.1142
46.9262,223.0418,290.7043,115.1615
52.4108,223.1964,287.8482,116.2336
57.5387,225.2424,284.6654,117.6061
56.5730,225.8008,281.7825,118.0118
73.8275,227.9442,276.8888,117.9153
89.0526,228.6136,268.7986,118.1051
100.6672,227.6856,263.7129,118.0157
107.7400,229.0838,258.1675,117.5040
113.2425,226.8550,252.4269,116.6215
120.4771,224.6608,249.3580,115.5535
123.2940,225.0872,247.5915,115.0065
124.6522,226.5859,246.1315,115.6058
126.0049,225.8794,243.8038,115.1376
130.2325,226.9467,242.4983,115.2487
131.6206,224.8757,242.2537,114.8829
136.1164,223.9945,241.2881,114.2849
138.6898,224.3334,242.0716,114.7147
135.0400,224.3800,241.5482,116.0384
140.1972,222.2883,246.4346,116.0399
147.1206,220.5184,254.5171,114.1034
144.3339,221.5388,261.1371,113.2992
145.5494,222.6638,265.5176,114.1261
143.8918,221.9632,267.9284,115.0916
148.1674,221.9597,269.0774,116.8474
152.7517,220.4302,270.4596,116.3828
148.2688,220.7574,273.5514,117.5443
151.3951,218.9201,273.5400,117.2786
148.2952,218.1664,274.9834,117.1254
152.3017,218.2291,273.2492,116.9032
153.2915,218.3367,272.9221,116.3464
154.9151,217.9877,272.7661,116.1702
157.7754,220.5867,272.1842,115.8605
159.5812,218.1476,272.1636,115.7752
160.6903,217.5329,272.0430,115.2561
162.3899,218.0109,270.6796,115.6068
170.5642,216.9893,268.1445,117.4201
173.0226,214.3261,267.5796,118.9285
174.8285,213.7568,266.6385,119.5732
178.6507,211.0040,267.1387,120.3011
183.2850,210.7316,266.0012,119.8869
190.0838,211.0958,262.8326,119.7115
187.8485,210.2873,261.0963,119.0182
196.2323,210.2831,257.0041,117.5938
193.5842,208.7264,254.4770,115.6144
193.8275,210.0273,253.1148,114.0295
196.7561,209.9067,250.8412,112.9231
200.1564,210.4054,248.4622,111.8721
197.2478,209.1665,249.7775,111.8925
206.2991,207.9922,250.2260,110.6553
210.5359,207.9307,251.8886,109.4895
209.1911,207.5282,253.5099,108.7224
209.0826,208.4331,254.2888,108.0866
211.8587,208.1399,254.4310,108.3893
215.9104,208.3310,253.8254,108.8661
215.0954,207.7704,254.6840,109.0351
213.0624,207.8317,254.7682,109.2938
210.9871,208.3688,255.4031,108.9972
213.7711,207.8457,253.5101,109.0829
214.8587,206.3432,252.8915,108.7381
216.2931,206.8424,250.6735,108.0895
215.7199,208.1764,249.2722,108.2280
220.2293,207.2979,248.3350,107.6725
217.0431,208.4440,248.5116,107.1985
216.9776,207.9802,248.7791,106.7900
220.8488,207.1111,247.9452,106.3044
219.7852,207.5779,247.7563,106.6577
221.3217,207.3549,246.3635,106.9586
220.5208,207.7462,246.2041,108.1631
220.1164,208.5529,245.7751,108.9558
222.5598,207.7890,244.4150,110.5641
221.4504,206.9855,246.0380,112.3032
220.9226,205.8678,247.1967,112.5847
220.0470,205.0755,248.8102,113.4363
220.2738,204.9234,250.0352,114.0792
220.3260,205.4554,250.6577,114.8367
220.5990,205.4276,250.6769,115.7831
219.6180,204.0678,252.1919,116.1028
221.8488,203.1451,252.9990,116.6230
219.3920,203.4155,253.2657,117.5150
219.3747,201.9402,254.7898,117.7215
218.7274,203.4360,254.7194,118.3526
215.6585,201.8724,255.8348,118.6254
216.9012,203.7674,254.7386,121.3337
216.2397,204.9163,253.9225,123.2066
215.5066,203.8357,253.3438,123.8038
214.7434,204.2985,253.6137,124.6056
216.8239,204.3947,253.0811,126.3438
219.0932,201.9438,251.3337,127.2645
210.4202,200.0254,254.0400,125.6680
213.0246,201.0822,253.1633,127.2049
219.6759,199.4890,251.0500,127.8169
218.6873,200.0174,249.8842,127.4737
221.0338,200.6814,249.9826,128.8819
209.2782,198.7753,253.6810,128.4571
214.6731,201.8147,253.4097,128.9507
214.0300,199.4169,254.8284,129.6225
214.4289,198.5525,255.0048,129.4342
213.7179,198.5587,255.1295,128.7805
220.5100,198.8629,252.8652,129.3029
210.4402,199.5437,253.8958,128.5976
219.1439,200.2358,252.2279,128.6645
213.1934,198.4835,254.2370,128.2245
218.9536,199.4417,253.3459,129.3580
215.9386,197.1905,253.4197,129.7964
218.1195,199.0675,254.6026,131.4991
221.4973,197.1125,255.4344,131.0979
219.3783,196.7145,257.1052,131.2814
217.3460,196.7807,259.2520,130.6248
215.8009,196.2611,261.7062,129.9744
218.5790,195.3780,262.2426,129.7855
222.0458,192.6071,262.5955,130.3335
226.2806,194.9416,265.6721,133.0787
219.6965,190.4381,271.5463,132.3553
226.5199,190.0387,273.4447,132.5942
225.7394,191.9314,274.3843,131.9132
216.5471,191.2311,276.9914,131.5318
219.4237,192.5640,276.0688,132.8542
209.4930,192.3322,280.3765,132.2410
222.4496,192.4162,277.8441,131.2100
218.2221,196.7397,279.9942,130.0564
215.4540,193.7139,280.9051,130.2831
219.3432,193.2533,281.0541,131.0950
220.2460,189.4753,283.6901,130.6131
214.5101,192.1425,282.6837,130.4707
210.1467,184.5463,276.3948,136.7613
209.7348,178.3442,270.9497,139.7113
210.6684,173.3121,267.0212,140.4111
215.1218,173.7463,263.2814,141.0071
215.3653,172.8902,262.4152,142.0280
214.9240,173.1961,263.2044,141.8417
221.2173,172.1230,259.8244,141.6855
224.5505,173.0912,256.7764,142.5740
224.8588,173.0314,254.4215,143.6197
224.9149,173.3082,251.6702,144.2014
224.6606,173.0328,246.5821,143.2860
224.6785,173.3375,243.3102,142.2029
227.9382,173.4263,238.7118,141.3992
229.2068,172.5084,237.2361,140.3696
230.9767,172.9127,234.9488,140.5881
226.2839,173.0402,236.8496,139.3998
227.0486,172.7408,235.9658,137.7796
230.2029,173.6053,235.4040,136.6081
228.5188,173.8423,236.1782,136.5305
229.9760,173.8713,235.2265,136.9458
232.5103,174.4539,235.4186,137.4662
230.0806,172.2539,236.8824,136.9027
233.4459,171.9812,237.5646,137.0149
229.7710,171.7410,238.6437,137.6060
231.2293,172.1357,239.7438,137.8016
230.0468,173.1713,239.2827,138.3404
228.3312,173.7192,238.7886,139.4211
228.0910,174.5459,238.8242,139.9195
229.1960,174.1048,239.2487,139.5559
231.8682,175.3224,236.0939,140.6529
227.5665,174.0555,237.1540,140.2772
230.7144,174.0254,238.0981,139.6066
227.3621,175.1518,238.0927,140.3812
226.3623,174.8005,239.1131,140.8595
225.9688,174.6337,238.6473,140.7807
225.9579,173.6262,239.7714,139.7683
226.4228,173.7929,240.4599,138.9580
226.0060,175.2773,238.8546,140.0220
226.7602,173.8362,239.0736,139.8979
227.7739,174.8068,239.6592,139.8223
225.4637,172.8820,238.7735,140.3252
232.8290,172.2266,237.6342,139.9237
228.6289,172.9636,236.4132,140.7765
233.6063,174.7849,234.6119,141.4652
228.9891,173.6708,234.5634,141.4196
235.6313,174.4208,233.3505,140.7469
229.7836,173.2749,234.1774,139.5334
228.7942,174.6239,234.8265,139.2209
231.7287,175.0407,234.2093,138.3230
233.6099,175.4051,233.6486,138.2338
232.9666,175.8607,232.5915,140.0260
229.9260,175.0223,234.5629,139.6998
234.4440,173.7423,232.6903,138.8238
231.8534,174.1297,232.5346,140.0024
235.3997,174.5013,231.5596,140.5448
235.8094,174.7574,231.8862,141.0391
234.8375,174.8749,233.3737,141.1762
231.9593,174.1221,235.2292,140.6645
232.2993,174.3225,235.0956,140.4603
230.9904,174.7440,234.7270,140.4385
234.1280,175.3025,233.7596,140.6948
231.1800,174.0724,234.0130,141.1968
232.6528,173.2589,233.7378,140.5134
232.2195,173.8601,233.8498,140.6182
233.3925,173.8156,233.0657,139.8639
234.1817,175.3874,231.8962,140.9774
233.0914,174.7018,232.6868,140.5542
233.9409,174.1456,232.0839,139.6134
234.4845,176.0941,231.7444,140.5968
231.1401,175.1519,231.2112,139.9166
236.5027,174.2668,230.6314,139.7070
236.6738,175.0891,230.1590,140.4912
234.2682,174.9680,230.7381,140.3616
237.0639,176.1821,230.0225,140.6971
229.7152,175.8900,231.7727,140.4207
233.1854,174.5214,233.3284,139.4539
237.4292,175.4923,231.5077,140.7239
230.9930,176.0029,233.2051,140.8409
240.8755,175.0548,233.1265,140.4549
236.8286,174.4308,233.7416,139.7887
234.2024,180.2648,235.3783,137.6582
232.5263,184.3717,241.8319,133.7806
231.9230,188.0268,244.7729,131.9464
225.0583,190.7358,249.8821,130.5397
235.5707,191.4306,248.1868,130.6916
237.6836,193.9700,244.5690,132.2008
239.2970,192.6307,242.3620,133.3503
241.8201,192.4969,240.2740,134.0980
241.3726,191.6400,239.2471,134.9462
242.6679,190.3804,238.2534,134.7563
239.5885,190.9152,238.1326,134.6033
243.1946,192.6523,238.0000,134.5676
244.6715,190.5877,237.6519,133.7158
246.6995,191.8679,236.4500,132.2121
250.3228,195.3913,238.0083,129.7592
257.2421,203.6012,242.1230,126.7313
254.5583,203.9283,249.0779,123.4916
254.6204,204.0875,255.2029,121.3586
250.8605,204.0971,261.3315,118.5051
252.3091,203.6550,265.2502,116.5571
256.1335,205.0613,265.4691,115.3298
256.8137,205.6155,265.0892,115.5274
257.6718,204.4348,265.6045,115.2084
260.3039,202.5119,265.1722,113.8994
260.1039,206.9516,265.7212,114.5118
280.5007,193.5182,253.0964,122.6848
283.1416,198.0629,248.2039,120.4650
270.8660,205.6654,248.3198,119.5129
280.5706,208.2172,243.0393,120.1469
286.8262,209.5573,237.1184,120.4238
289.0320,210.9260,233.8543,119.9300
295.6326,210.2737,229.9736,119.5645
300.8322,209.8763,226.9803,117.9575
303.7086,208.7953,227.0981,116.0093
311.9441,206.7516,230.7646,113.1361
314.1501,205.3675,229.0446,110.7815
320.6228,201.3747,231.2908,108.6653
324.6925,199.9886,230.6861,107.1415
324.0094,201.3897,231.8143,106.4519
325.2323,202.1195,230.7278,106.2243
329.2140,202.5670,229.0892,106.1253
336.6780,199.2396,228.2666,105.8934
334.6512,198.4862,229.8264,104.7646
337.4699,197.7358,230.4240,104.9697
343.1508,197.0579,229.2924,104.7620
344.5731,196.9509,228.0641,103.3633
349.4061,198.1199,227.7354,101.8630
350.5460,198.6204,227.5268,100.8950
350.8150,199.6689,227.3777,100.1937
352.4005,200.4371,226.5560,99.3535
355.4573,202.8522,223.9814,99.4395
364.9913,209.5237,216.9903,102.2647
366.9383,211.4367,211.9386,103.0397
371.9594,212.5462,208.3757,105.1503
379.0075,216.7786,203.8566,106.6441
388.5537,220.2644,200.7084,106.7199
411.0542,210.7336,197.9605,109.1981
427.9480,206.5401,193.2670,116.0149
435.0716,203.3941,192.3367,117.0789
442.0641,194.4008,188.3433,122.0239
460.3317,157.2272,188.0125,118.5962
459.9658,160.5254,186.7594,115.7759
457.5207,162.9088,185.5738,112.6518
457.9250,163.2518,185.3036,110.8533
460.9375,162.1839,185.8707,108.1331
456.6536,162.6948,183.1422,106.0692
465.4073,162.8959,182.5755,104.1978
463.0199,162.2954,180.9497,103.2558
468.1923,160.8716,180.2936,101.5489
2
0
0
0
0
1
723.0148,235.6336,139.3070,62.0979
725.4378,233.2282,145.7362,64.7512
722.6297,232.5962,150.7561,67.1968
720.9749,231.6978,154.9952,69.1214
720.6489,231.4381,156.6492,70.6774
718.1118,231.1822,159.3981,71.9809
717.9203,228.9159,162.3817,73.7729
717.4921,228.7658,163.1977,75.1189
716.5923,227.6953,164.4502,75.8807
716.4889,229.0633,164.8269,76.8889
716.7541,229.1125,164.0506,76.9615
714.7307,228.7024,161.9684,77.2156
714.4955,228.1043,159.3944,76.7571
715.6085,227.7090,159.1277,76.1171
720.8801,226.2926,159.2493,77.4959
723.7383,225.7632,160.1474,78.1374
725.3232,226.3824,162.4005,78.3549
721.6257,226.8778,166.0615,79.0903
721.1581,225.8057,170.3713,79.7414
720.0396,225.6124,173.3115,80.3357
720.5843,224.2651,175.7921,80.7497
723.0541,223.1688,178.7921,81.6449
728.0517,223.1363,183.7503,82.3820
730.0650,223.8959,186.1004,83.6353
731.4113,222.7046,190.3894,84.2857
731.4996,221.7924,194.3489,85.1731
733.5945,221.6044,198.4084,86.4314
733.6561,220.9634,200.7924,87.3184
732.8870,219.8972,203.4906,88.4991
739.4485,219.4918,202.1884,88.9428
741.9282,220.1488,201.9787,90.0479
746.3719,220.8119,202.3798,92.0916
747.3014,221.9819,201.5225,94.6564
