1
34.7979,57.8592,68.8290,85.8528
38.8458,62.5944,68.3162,85.8303
44.0169,69.0805,68.4230,84.0375
51.0502,74.5089,69.7638,82.7833
59.1347,78.2558,70.5613,82.0880
68.2466,80.5913,72.5865,80.2041
76.2213,82.1423,71.7977,80.2962
84.6842,83.4824,71.2157,81.7200
94.0130,88.3247,74.1929,80.3799
105.3480,93.3137,73.2600,80.3054
115.4509,94.9358,71.8059,81.7908
123.7083,93.6810,69.5562,84.8872
130.6966,91.1608,67.3787,86.8219
137.2765,87.3956,65.5244,88.7666
141.9354,85.9967,64.1656,90.6205
146.3056,82.7902,64.2325,91.9430
150.8268,80.6122,64.7940,93.8601
157.5499,76.6957,66.1793,95.0546
172.8951,72.6314,67.2912,93.9058
189.1404,70.0508,68.5291,92.4807
198.7318,70.3691,71.8863,89.5603
217.8418,68.8715,70.2920,88.2483
235.6981,70.6532,68.8961,85.8154
252.5085,71.0976,67.5403,84.7807
261.7347,73.0564,70.9897,82.9060
271.6625,72.5864,72.8374,83.6587
280.2411,73.4744,72.3816,86.6790
286.4889,73.1758,69.9174,90.6386
289.9118,72.4687,67.7761,92.6821
284.4059,71.9528,65.7117,93.0596
276.2578,70.3000,64.0728,91.7342
266.2068,68.4805,63.0825,88.4935
254.4024,67.6741,63.6346,84.7158
241.3498,67.4981,63.2843,81.8821
228.6363,67.7191,63.7520,79.9306
211.7851,69.2552,64.8437,80.3638
192.9068,68.5342,66.1127,81.2055
181.1533,69.2517,66.5199,80.8698
172.5131,74.2421,65.5122,79.3858
159.6260,73.5714,65.3265,81.8810
153.2398,82.5527,65.4441,81.4153
145.2381,82.2099,65.0286,82.4415
136.5535,80.7510,64.9508,84.4627
131.5594,84.3353,64.8979,83.9858
126.6861,87.2499,64.8035,84.2761
123.7212,89.1364,64.6218,84.2266
119.5704,89.0928,64.6696,83.7069
116.6614,88.7698,65.2140,83.8086
114.8326,88.3636,66.7053,85.1226
112.8707,87.5556,68.6221,86.6597
112.8438,85.7443,70.0455,88.4339
118.1629,84.0195,70.1636,90.0585
126.0839,80.8985,70.9711,90.8316
146.2702,81.3292,71.1024,88.6547
166.5487,82.9596,69.8606,87.5653
184.4324,82.0837,69.2424,85.4883
204.7252,80.9648,69.3453,81.5126
223.7355,79.1150,67.2587,78.8100
234.9210,77.8645,68.0747,77.1361
253.8871,78.3736,67.7770,76.4900
270.5476,78.5893,65.9843,75.9358
285.0245,74.8533,65.1551,78.1951
293.2229,72.6038,64.8725,80.3857
300.4199,69.5040,65.4701,82.4599
306.8650,67.1549,65.4634,84.4915
310.4195,64.6514,65.5968,85.6581
307.8553,63.2098,66.0153,85.4492
299.1834,63.5836,66.9552,85.0353
287.9370,67.3500,67.9494,84.6347
268.2351,72.1707,69.9944,84.7934
249.2894,76.6081,71.6543,84.1529
229.5644,79.6992,72.4960,82.7814
208.9846,81.6253,73.0584,80.9648
181.1290,82.5962,74.7779,81.8617
161.9958,81.9403,75.1739,84.2281
141.6462,78.9645,76.7376,88.0743
113.4929,76.2579,78.9299,93.6099
94.8509,69.8669,81.7312,97.1244
77.4390,65.2354,84.2267,99.4096
63.4161,62.3954,84.2575,102.2847
45.0974,60.9701,86.4419,101.7860
27.2098,64.7194,91.8364,98.7038
9.4093,67.3171,95.0230,96.7771
-1.7771,68.1147,93.0917,95.5513
-1.4537,65.7039,90.2922,94.7453
-0.6991,65.9312,88.5013,93.2232
-0.1072,66.1502,86.8387,92.1910
1.0411,64.2750,85.3107,93.5284
2.4141,57.7260,83.6819,95.9793
3.8364,55.6190,83.1128,97.3018
5.3530,53.9845,82.7474,97.7628
7.1958,55.7553,82.3038,97.3301
6.9438,62.8646,83.9423,94.7498
12.9254,64.6901,83.3030,92.7452
20.0147,68.4443,83.8708,89.6729
30.7924,71.0498,84.6162,86.5888
37.9900,76.3729,84.3854,85.2707
47.6324,80.2049,84.5450,84.0255
58.6017,83.1184,83.2361,85.2076
69.0401,84.5191,82.6786,87.0018
87.0761,88.3577,83.0065,89.8003
107.4236,90.5317,82.4935,93.1559
119.0676,90.6444,83.0446,94.9593
142.1446,91.8553,82.9646,95.8142
171.4871,92.3602,81.2378,95.0651
188.0635,94.1352,83.3728,95.2164
203.6133,100.1359,86.9918,93.3747
234.6249,106.0886,86.5081,92.3809
259.1529,108.5474,86.5920,91.4417
282.9111,108.7673,84.8374,92.4022
304.3764,107.2030,83.7046,94.6728
314.3037,106.3570,83.9848,97.3408
334.7278,101.0443,82.5830,96.2392
343.2436,96.2636,79.7778,94.8765
347.6430,91.4899,77.8810,94.0007
350.8122,88.0545,77.8125,93.6564
346.8670,81.3721,78.5084,94.6905
336.4288,77.9553,80.6368,95.8064
324.2913,72.6940,83.4229,97.2588
310.2233,69.0668,87.1142,99.2492
290.7625,67.2989,90.7089,101.6771
282.1154,67.4079,94.1573,104.0192
271.6418,70.9127,97.0709,106.0873
265.1393,70.0935,96.7854,112.3557
259.9686,67.9778,96.8001,117.4253
256.0067,65.8008,95.9752,122.5468
257.2504,61.7559,94.4220,128.7072
251.0907,78.1174,95.4372,127.4229
236.3086,79.4616,98.6571,123.0548
219.3450,70.5595,102.8471,119.9787
200.2461,74.5374,105.6574,117.7742
179.8241,72.0316,103.4049,117.0604
164.9314,70.6444,100.6832,113.4969
158.1572,70.4242,99.0963,108.7072
159.3174,70.1577,95.9562,105.4556
171.8233,73.4359,96.5577,102.1699
189.2513,72.5628,95.8894,102.0294
201.3618,74.8860,93.1572,103.3060
213.8820,74.4744,92.7561,103.9840
231.2518,81.6724,90.7098,102.8579
239.7050,87.4744,87.3674,101.0826
246.7660,93.8877,83.1805,98.3694
248.8991,97.8464,79.5587,94.6939
247.2651,98.4987,75.6328,92.1763
244.2744,100.9680,72.9228,89.5857
240.2846,103.4570,70.3444,88.1152
233.6459,103.0169,68.0891,85.5443
230.0898,102.6343,67.4324,83.6080
222.9337,99.2006,66.0453,83.4875
224.1252,96.6682,65.2702,83.7806
229.5884,92.1233,65.2127,84.4303
239.3531,88.0171,66.2764,82.1964
257.2079,84.4348,66.7887,79.0145
274.0911,84.5574,66.6063,78.3736
290.8877,83.9365,64.5342,79.6504
298.8636,80.1521,63.9367,82.0945
305.6298,77.2100,62.9904,85.7237
311.0945,68.6655,62.5599,87.4989
312.3389,69.7958,62.6683,87.8047
309.1617,70.5711,63.7681,88.5256
304.2146,70.9314,63.6643,89.8924
298.2515,71.6622,64.4370,88.0512
289.8675,78.0399,65.8965,87.9549
281.7175,92.3242,67.0797,90.6480
276.7691,100.3037,68.9846,92.1103
274.0179,102.4061,70.4685,93.4655
269.2994,98.9485,73.2837,93.5784
261.2137,90.6560,76.9100,93.1847
243.8513,81.7096,79.1656,90.5673
229.4643,76.8737,78.9964,88.6769
220.3514,72.8610,79.8174,87.5694
210.3832,68.9949,80.4424,87.5707
207.2071,67.1206,80.7516,87.0965
208.6436,66.0743,81.6443,87.3379
206.1922,66.3318,82.1750,88.2463
190.2355,70.1350,84.3582,87.3500
174.3616,73.9999,86.5021,87.6458
159.9835,84.9554,88.1678,88.2820
155.5158,88.5575,90.1507,86.5319
159.6395,90.5482,88.0935,85.9367
165.3855,91.3323,85.9227,85.6122
166.1311,88.1469,83.4781,85.9758
168.5243,87.3376,81.4931,84.7502
179.6907,89.5541,80.8246,83.5159
188.0104,91.2347,79.8963,82.6125
195.0308,92.2290,79.1065,81.4670
200.1761,89.3981,77.2426,81.6128
203.3317,83.9405,76.1906,80.9143
212.9063,79.3695,74.8875,79.0746
219.1520,75.9689,72.7230,77.1610
217.8156,73.4005,70.5402,76.1099
218.6218,72.4330,69.3022,75.4986
220.3191,72.7491,69.4821,76.2864
220.8061,69.9317,69.7920,78.1441
222.4517,69.0226,67.5941,80.3356
222.6046,74.7472,66.5619,79.1465
222.1967,76.0780,65.5950,77.7861
222.1094,79.0231,65.5164,76.0563
223.3437,77.0539,65.6853,76.8221
225.6569,75.4189,67.1141,77.4280
233.3824,74.1779,70.7206,77.9046
248.1955,73.4710,72.9287,79.3742
267.8380,74.5174,75.1221,82.0639
277.5163,72.7083,75.8033,87.0079
267.7484,67.8981,77.9163,90.4130
256.8796,67.4253,79.0967,91.2811
246.4551,69.5587,80.6398,90.1339
238.3630,72.9059,80.0297,89.6432
240.2824,78.6512,79.1887,90.3231
244.8034,81.8093,78.6922,89.9746
242.0823,86.0318,78.9144,91.8812
226.4684,84.6654,79.1914,95.3202
206.3527,82.3273,80.4961,95.7744
188.7716,79.7889,83.6145,95.2186
170.9522,83.7415,86.1378,93.0697
161.3450,91.8973,86.8664,91.6474
151.2974,100.5707,85.9875,89.9579
148.0236,104.6983,82.5258,90.7138
150.0506,104.6525,79.6081,91.4830
154.7011,100.1686,78.9696,92.1493
165.0341,92.0935,79.8941,93.0331
171.3046,83.3564,78.9537,93.5279
181.4762,74.7070,77.0383,94.6091
191.1496,64.4812,76.4100,95.4079
205.1987,60.9420,75.4470,95.3251
217.3039,56.0379,74.9616,95.6361
227.6558,53.7026,73.8564,94.5636
234.3759,57.2787,72.6637,93.7453
237.9547,62.4018,72.3863,91.0985
237.4908,68.0829,72.5151,88.5539
229.6438,73.2412,74.5748,84.7903
221.1245,77.1747,76.1739,82.2928
211.5966,76.6760,79.9182,82.4859
206.4528,76.8333,82.0136,82.8763
189.6244,91.5804,83.0984,80.8719
184.9017,107.1452,84.8814,81.2647
184.2540,107.4494,86.0170,82.6802
186.8736,100.7134,86.3586,83.0760
195.7626,91.8697,85.6117,83.4370
200.7014,87.9658,83.9883,86.3861
215.2066,81.7077,81.9552,88.9276
222.1194,79.1430,80.4780,88.8406
224.6016,80.3911,79.9004,88.0998
228.1433,83.1343,79.3270,88.3802
235.7421,85.4175,78.8442,88.3994
239.6334,89.9518,77.5664,89.9242
242.1691,93.9591,76.4361,91.7605
242.1065,94.6334,75.1291,94.4667
231.2612,95.1987,76.0450,95.3516
224.9091,94.1871,76.9284,97.1173
212.1749,96.2517,77.5096,96.5223
203.5794,100.8696,78.0043,94.4559
202.9627,90.0824,76.7913,95.5574
201.7972,89.6282,77.1322,97.3647
198.9413,103.9930,79.5631,94.9221
197.1704,107.4396,82.0039,93.3916
201.5825,105.6374,82.2833,93.5250
211.4926,102.2560,82.4129,93.9296
222.9394,96.1955,81.5772,96.8133
225.2965,95.0877,82.0984,98.2101
226.5423,86.1269,82.2556,101.3132
220.8955,85.8224,82.3177,105.0438
212.8794,75.6661,82.9204,109.7855
206.5355,74.6828,84.8871,113.1012
200.6109,78.3245,88.2014,113.5816
196.3740,70.3772,90.2330,117.2039
199.0806,64.6643,92.6554,117.3202
198.1072,63.6988,92.1635,118.9036
205.5268,60.0482,90.5107,121.2602
211.7329,56.5781,87.9831,125.3389
206.9164,56.8753,89.8309,125.2238
201.1632,51.2765,93.2255,120.2949
192.9875,56.9892,95.7153,117.8179
183.7655,60.9136,97.9938,115.9292
174.4299,62.9624,102.7203,113.3653
163.3888,64.0294,105.0179,109.1791
144.0384,65.2385,102.8055,104.5383
134.8725,69.3374,101.1193,102.4250
122.6054,70.9242,97.0370,101.6529
122.2549,69.6519,93.6031,100.9891
126.1818,62.6294,91.7702,100.3592
138.3797,58.5925,91.4388,98.8630
164.9989,50.6377,93.2749,95.8973
183.3173,52.2914,93.2050,94.3869
203.3066,56.8925,92.3644,94.9717
225.7580,62.0630,90.1185,97.4332
248.5229,66.2178,89.3858,103.5489
262.8423,68.8417,88.9091,109.9225
270.4456,72.0381,87.9805,112.5903
268.2444,68.4463,90.4675,115.8775
262.5352,62.1890,92.1560,120.5672
256.0879,58.7959,94.0119,124.9173
250.3097,58.7487,95.6362,128.4136
247.0492,59.4691,97.5048,130.0701
246.3257,60.1235,98.5497,129.4534
244.7687,60.3205,100.4234,131.3307
241.8287,61.8754,103.7341,131.5146
228.5207,63.9785,108.6105,129.6508
227.5450,65.7845,111.7808,131.0439
199.4631,69.8586,115.0948,126.4674
200.5810,82.6248,115.9541,125.4168
203.2395,82.6219,114.5121,124.4374
205.9392,79.5974,109.3225,123.9953
213.1511,79.7404,104.7451,123.8977
224.2385,77.5325,99.0090,127.6269
233.3743,82.8911,96.2404,124.6631
235.2142,85.3208,93.9330,119.3276
232.8789,81.3718,91.0785,118.5343
234.6660,81.0589,89.1173,117.8877
237.1506,80.3708,88.4726,119.2747
238.6814,71.8016,87.3341,119.6464
232.3764,68.6219,87.1578,121.9451
212.2820,56.1542,91.9595,118.6806
197.5731,55.9620,94.4615,116.9887
174.8138,59.4862,97.5576,112.2197
162.5813,62.0788,99.3465,108.7479
170.6091,65.2228,99.7466,104.8599
191.8785,65.2565,98.6931,104.2632
232.1412,62.2301,95.8302,106.2618
257.7490,59.5401,102.2291,107.7129
281.7383,61.2531,100.1348,107.5950
283.0948,54.7479,98.8896,106.5736
260.4201,54.0124,96.8452,107.9899
225.0211,54.8269,102.5344,103.8631
192.8175,66.7311,99.8123,104.7414
175.5287,82.0454,99.2456,103.7178
182.9096,94.9180,102.5770,104.0355
176.9022,108.3450,105.2370,103.2513
184.7301,89.2291,101.4109,108.8713
193.2905,85.3687,96.4836,113.4178
200.1474,78.8095,96.4537,112.7422
224.3903,69.3857,91.9869,110.3629
234.1038,69.8976,86.2397,111.1272
222.9104,71.0270,87.4532,111.3335
208.7309,72.8000,91.6200,112.7148
194.0888,81.9401,94.0366,111.0031
190.0085,99.1189,96.4914,107.2930
199.1398,98.3351,96.0212,107.0587
227.1534,107.6046,90.4851,104.4836
250.1846,109.2774,88.5460,101.5329
280.3563,104.5980,92.7135,100.7266
307.2370,97.4539,95.1415,103.6186
311.7328,81.3162,95.6115,106.9038
301.5193,67.8187,93.7115,106.2691
274.5126,64.5587,89.2819,111.6890
252.0589,60.8766,87.0760,114.9882
223.4660,66.4898,90.7024,113.2966
190.3838,70.6825,96.7012,109.7787
169.9768,71.8718,102.6317,108.9284
136.8950,87.5341,103.7820,105.7768
124.2320,92.1404,99.6642,100.6631
138.3624,100.3540,98.6494,96.6334
154.1974,105.2757,98.6520,96.6309
187.7394,138.3243,98.0577,98.1022
183.6939,119.0573,97.7469,96.8337
189.7588,104.1956,92.4484,99.2297
185.5062,92.3415,89.8112,102.8079
175.5683,82.2934,92.5423,103.6870
157.6906,78.2459,96.2391,103.3656
135.2505,82.5608,96.8317,100.2290
126.4833,85.2987,94.1973,98.1180
123.2691,88.8594,90.5668,95.2947
130.2435,87.3119,87.8333,93.2336
143.6725,77.5059,85.3062,93.5652
