1
333.0847,113.0380,74.3493,14.9486
324.3278,113.5888,76.8518,15.1543
314.3365,114.3721,78.7983,15.4755
304.4439,114.6502,80.2550,15.9485
297.7643,114.0964,81.3662,16.4109
290.0023,113.8934,81.4238,16.9247
290.3655,115.4777,81.1620,18.1286
289.4530,115.1852,76.2226,22.3587
285.9923,117.0398,71.7109,25.9670
275.3566,96.7228,61.8829,37.4113
274.0392,82.4348,53.9973,48.3279
272.5768,69.5978,48.3569,56.3278
271.4247,58.9774,44.9721,61.8973
271.2820,55.5193,40.4604,70.4413
274.1627,46.7902,37.3588,75.8422
274.2150,35.6887,34.7463,79.1063
271.1284,30.8880,31.4148,84.2410
273.7682,23.0449,30.5534,87.1958
274.8536,22.0228,29.5827,90.9282
273.8948,22.0607,30.3212,92.5292
271.0394,21.0948,31.3399,93.0244
272.4110,18.0390,31.3364,93.4667
271.5924,18.8389,32.2034,92.7666
279.1249,15.8836,35.5969,91.1354
276.5356,13.4795,40.0735,87.5248
275.8823,12.6345,44.7441,82.6888
273.7072,13.7267,49.2587,78.6085
271.5582,15.2582,53.4196,76.1379
263.2313,16.1343,57.6956,73.0002
266.4401,11.5903,58.2748,69.2761
269.9911,13.3771,57.1511,69.2385
277.6614,16.3359,53.4371,72.7388
279.8586,17.2952,51.8335,75.4033
282.3499,17.3698,50.9709,76.9728
283.0464,18.3412,51.1077,79.0161
282.7007,17.8213,53.1890,79.9499
276.4304,22.9104,57.0932,78.3796
268.7933,28.2438,58.3648,75.0210
266.9966,24.7794,60.8413,67.1369
267.1098,32.1171,62.0896,62.2625
263.7305,36.9961,62.5771,61.4206
260.5779,40.8949,62.1325,62.7799
257.1327,43.2509,60.7258,65.6044
253.2925,47.7204,58.4134,68.5895
249.5882,50.0824,56.3191,72.5730
246.5101,53.6049,55.1660,76.1986
243.4002,56.5000,54.7612,78.9307
240.6761,60.1275,55.2909,81.3447
238.3243,62.8592,55.7073,83.7262
235.7075,67.1236,56.4555,85.3070
234.3546,71.4982,56.9493,86.2393
229.5596,74.8857,58.0916,85.6430
223.5785,76.5178,57.5202,84.8676
221.8889,81.0267,58.5240,81.7706
224.0933,84.6313,59.7731,78.3004
223.9548,91.0062,63.3202,72.1289
225.5759,99.2962,67.0295,67.2090
223.6894,108.9488,71.1349,63.4627
221.0975,118.7523,70.0298,64.1936
221.2930,125.3284,66.0098,68.6746
214.5303,126.6239,59.2124,75.8821
214.7366,127.2926,52.6345,83.9586
214.0830,129.4280,46.9438,90.9672
212.7476,134.5317,43.0489,95.3528
211.2164,140.1079,40.4102,97.8524
209.9276,143.6315,39.1757,99.0795
209.7455,143.8296,39.2634,99.0629
208.8735,145.7113,39.4753,98.2223
209.5043,150.3165,41.4548,95.8280
211.6220,157.4190,41.9821,93.6476
215.9870,164.3671,41.4132,94.4271
219.9102,172.2441,38.8253,96.4746
221.2767,179.8189,37.1702,98.8572
223.0848,186.5915,35.8624,100.4393
224.0056,192.7890,35.0294,101.7750
225.2442,198.1671,34.4930,102.7017
227.6743,205.0089,34.4105,102.8454
230.5735,210.2091,34.1835,102.3294
233.3540,216.1956,35.4661,100.6962
234.1245,223.9708,37.8182,98.5871
234.2675,232.8524,40.7304,95.1456
234.4235,241.8120,43.0824,92.5012
233.6345,248.6110,45.0301,90.4445
232.7953,253.2228,46.3148,90.6950
230.6726,259.6292,47.5674,89.8310
234.2584,264.7375,46.7298,89.8736
239.7064,267.4244,44.3046,92.5009
246.3015,270.8125,41.8460,94.9104
251.0442,271.4773,39.6393,97.7017
253.4005,275.1783,38.0805,99.3450
254.6673,279.6830,36.7079,100.4218
256.4870,284.4545,35.8574,101.0178
257.0826,288.8811,35.0048,100.9905
255.3071,297.6142,35.0670,98.1773
253.1657,310.7460,35.7530,94.7762
254.7482,315.8172,35.8896,95.1184
255.9363,321.7546,35.8175,96.0878
256.2318,329.6667,36.1412,96.2453
252.7734,336.5547,35.6586,96.7850
250.0549,345.1751,36.4196,95.2562
247.2924,353.1012,37.3115,94.3745
245.7986,361.9403,37.6920,93.5500
245.7212,370.1024,39.0941,93.0112
243.6328,375.7112,38.9830,94.1858
241.1075,379.7034,38.4960,95.5625
241.0888,382.1764,37.9400,96.2862
240.9596,384.0472,37.8300,96.4394
239.1354,386.9234,37.5736,96.7863
237.5100,388.2979,36.4771,97.6077
236.4688,390.4955,35.7351,98.1068
235.4663,392.1472,35.1233,98.8579
233.9530,394.0267,34.7371,99.2275
233.1232,395.3051,34.4122,100.1198
232.0358,396.2427,34.1774,101.0295
232.1465,398.2657,33.1372,101.8599
233.1593,400.0023,32.4641,101.4378
238.1113,411.4740,33.7893,97.9976
238.8341,417.3760,32.9764,98.0549
239.3588,425.9045,32.5374,98.2102
239.7605,432.8934,31.8926,99.1669
239.9893,438.4326,31.4402,99.8781
243.5935,447.1707,32.2221,99.3576
244.7188,456.5002,34.1026,98.0979
244.9452,465.2730,36.0846,95.8505
243.1934,471.5075,37.8124,95.6296
241.1109,479.1144,39.3547,94.6800
243.4633,485.8299,39.6193,94.8170
246.4002,490.2895,39.1177,95.6610
249.4886,495.7458,37.6596,96.4477
250.2188,498.7002,36.6061,97.7160
250.7229,502.3156,35.8214,98.5190
251.6407,506.0184,35.7159,99.0224
251.3783,510.7525,35.8980,98.8321
250.7271,514.3969,35.9788,99.0482
250.2123,517.6741,36.0293,99.4140
249.3266,520.3091,36.0729,99.8302
248.4055,523.3793,36.4786,100.0571
247.7949,529.8552,37.1363,98.3400
251.6837,541.1182,37.5554,96.1794
250.1856,546.2496,36.5136,97.4360
252.3991,556.1727,36.0108,97.7127
253.1734,567.2877,44.4862,85.7402
255.8125,581.6145,54.4970,74.8904
276.9639,574.4966,61.3637,69.4134
288.3743,563.3461,68.9698,64.2399
303.7267,551.7341,73.3965,61.0952
319.6331,544.0225,76.0024,60.6450
331.5814,535.3662,78.7745,61.0298
343.5834,524.6389,81.1070,60.4600
355.1476,515.0818,82.4994,59.6539
364.6722,507.4209,83.9677,59.2358
374.5969,500.3815,85.3886,58.7948
384.3654,498.0844,86.8778,55.5121
403.0374,491.3319,86.3103,51.5760
409.5504,488.1114,85.6806,48.6087
419.2526,490.3885,84.7705,50.2067
429.1367,490.2945,81.8738,55.4528
433.9478,493.7350,76.4447,59.7585
444.4408,498.3945,69.0933,65.8842
456.8004,495.7886,60.2590,73.6696
463.3653,493.4435,52.7546,80.6795
469.5344,494.6483,47.3409,86.8149
472.4516,500.7390,44.5064,88.5642
474.0764,505.1751,43.4690,89.2852
473.4708,509.7464,42.5550,90.2369
474.6021,512.9207,43.0733,91.3090
473.6392,516.3496,43.6961,92.4684
472.2448,518.6608,43.5930,93.8463
475.4175,527.5895,45.4819,91.2571
471.9720,537.3000,44.1595,90.3413
471.8790,545.2159,45.1516,91.1330
473.4441,556.6090,47.4728,90.9406
475.7526,566.5354,49.6076,90.9049
480.5326,574.7330,51.5659,91.7067
482.3405,584.4562,54.0319,91.0286
484.7441,593.6603,56.3071,90.1707
492.1083,600.0360,61.6911,82.2073
490.1579,609.3952,64.6631,76.4321
499.2576,603.5319,61.7326,78.6651
517.2697,590.2514,55.4161,85.7434
521.2266,567.3241,53.2295,92.4023
531.9106,544.3997,50.6632,93.8187
544.8801,527.2611,46.9196,96.6918
551.2268,508.5855,46.3212,97.3973
562.6248,499.5288,49.3101,92.3241
567.7391,487.5135,55.7153,80.2757
568.4600,489.5633,63.5576,71.4483
585.2892,494.2627,67.4248,70.0314
599.7804,506.4601,71.6648,68.7632
611.5761,520.2693,75.2625,67.2710
628.0505,528.1981,75.7347,68.9905
641.8810,535.6481,77.2422,71.0440
650.6551,547.7806,79.6987,70.6823
662.0154,556.7924,81.3319,69.7985
671.2383,564.6559,82.3181,70.0212
681.2106,573.9952,82.5492,69.4770
690.0427,582.5883,83.0084,68.8468
698.3831,588.8918,83.0755,68.7122
705.7889,594.2549,83.2798,68.9708
713.4962,600.6464,83.5271,68.9069
721.6892,604.0532,83.5617,67.0627
732.8260,604.5844,80.7296,65.4621
737.7081,611.3770,82.6773,58.9918
735.5215,621.2200,87.0008,51.8022
743.7618,623.9208,86.6174,48.9503
751.3562,624.8857,85.2816,49.1347
759.5078,623.4822,84.0436,50.2318
763.1180,621.4372,84.8309,50.9880
766.8395,618.8530,85.5245,51.4290
768.5143,614.4515,86.4991,50.8293
773.0591,609.2600,86.9692,49.1998
781.4261,606.6778,86.6892,48.7046
792.4885,608.3987,85.6222,47.8178
800.5654,603.9304,88.3581,41.3123
807.7269,607.7328,91.6084,34.1870
817.1411,610.4192,94.9609,29.5315
826.3066,613.4810,96.5397,26.2177
835.8749,615.9705,96.7150,23.9148
843.9438,617.9832,96.4984,22.7093
852.6677,618.7367,94.7503,22.0877
860.5441,616.6349,93.7345,22.4647
871.8484,617.0171,91.6600,23.6193
881.1046,617.1562,90.4779,23.2299
888.4346,615.9136,90.7699,22.2032
896.9293,613.7207,90.9825,22.6260
907.1346,612.4698,89.8291,23.5357
914.8473,609.7785,89.4159,24.3432
923.2885,607.1862,89.3967,24.5206
928.6848,604.9293,90.0224,24.2195
934.7191,603.3078,90.2419,24.4243
940.6420,601.7854,90.5156,24.8127
946.4731,600.4110,90.6124,25.2277
953.5949,601.8810,88.4900,26.6847
965.2816,602.9622,88.0557,25.1723
973.6360,603.3563,88.9981,23.3560
980.2209,603.6326,89.9423,22.1437
988.5651,604.4099,89.9180,21.7086
996.6716,606.5727,89.5609,21.7820
1004.3907,608.6335,89.1560,22.3034
1012.5593,609.4730,88.9040,22.9361
1018.7882,611.2021,89.8032,22.7663
1025.2096,613.9581,90.5945,22.2400
1031.0637,616.9978,89.8245,22.1826
1041.7837,612.7145,87.7243,23.5391
1048.5652,612.7604,87.3818,25.4083
1057.0822,610.2744,87.4388,28.2376
1067.0095,608.8114,86.9140,31.4411
1074.4612,607.4257,86.3942,33.7116
1080.8408,605.0646,88.3587,34.2975
1078.6111,602.5006,92.1933,34.6360
1080.9037,601.9185,94.9218,34.5635
1094.5177,599.5378,95.9179,33.4029
1105.8197,595.4285,97.4932,31.8524
1121.9847,593.1750,94.5386,32.0892
1133.6898,592.4705,82.6909,42.1192
1151.5018,590.3065,70.0268,56.9815
1167.7704,606.9228,59.6295,69.8490
1177.9523,621.7627,52.8789,79.6481
1193.7263,632.8619,46.4956,88.1388
1200.9368,645.7191,42.5989,94.1031
1205.7631,658.7745,40.3654,98.0193
1210.5082,672.0280,39.9680,99.6863
1216.5940,682.0298,44.1384,92.9995
1222.5366,710.1117,58.5802,76.0073
1248.5002,724.8568,70.7402,61.3681
1281.7834,731.1905,80.9307,48.7910
1311.6119,735.2928,85.6168,40.9150
1346.4706,716.8708,72.9658,53.7344
1377.9309,678.3232,63.8900,63.4957
1400.9739,636.1035,62.5477,68.3848
1422.7269,605.3434,63.8847,70.9744
1441.4258,580.1925,66.3372,71.5545
1459.8713,558.3025,68.9242,70.7935
1478.0822,539.7394,70.1189,71.6960
1496.2712,522.1583,70.1599,73.5973
1511.2003,504.2044,69.4895,75.9801
1521.1376,481.2551,66.2857,75.2924
1524.9556,468.8978,64.6541,76.0810
1522.5981,446.0611,65.3187,75.4322
1508.9027,426.5132,66.5430,75.6576
1494.5718,410.1229,66.8681,77.6504
1484.0546,391.3441,67.3130,76.4424
1471.9899,374.7623,66.3568,78.3444
1461.6375,361.4387,64.4128,83.2044
1450.9778,349.8692,62.5280,86.2978
1444.1501,338.2085,61.5509,87.8541
1439.1816,324.3079,62.4987,89.0453
1431.9495,312.3038,63.8976,89.3168
1424.4521,302.7848,64.6463,88.6754
1387.2498,297.4556,75.2636,74.6241
1338.8335,314.2910,85.5175,61.5240
1288.0045,333.0091,92.6549,49.0937
1247.3718,339.6772,97.1052,39.7294
1213.0048,343.0824,98.9548,32.9581
1183.5450,345.3790,99.0773,28.2262
1158.3147,347.0668,98.9744,25.0375
1132.9875,348.2520,98.1716,22.5852
1111.8998,348.8618,97.2241,20.8739
1091.2911,349.8450,95.6938,19.7231
1073.8583,350.2074,94.5111,18.8562
1057.7257,350.8401,93.7289,18.3358
1041.7083,351.2776,93.1268,18.0111
1028.3220,351.9428,92.2859,17.5276
1014.9954,352.3184,92.1453,17.3747
1001.4134,352.8766,91.8212,17.3096
989.0638,353.3929,91.1717,17.0977
977.6676,353.2449,90.3847,16.9561
972.5816,353.7625,88.8671,18.3914
967.7515,351.3302,78.1746,28.4869
966.5082,347.1324,67.8024,39.2416
969.0132,358.7813,65.9213,40.3305
972.9427,364.2747,68.0871,40.2547
977.1453,368.3487,70.7108,39.8944
983.3004,372.5172,72.7533,39.6959
989.1937,376.0682,74.2043,39.9956
984.8499,377.3829,73.4632,40.2114
1001.5258,384.0729,63.5748,50.8591
1009.9846,384.1327,55.5260,59.3160
1009.2805,380.6508,53.6153,61.1534
1009.2323,389.7231,57.2317,56.3883
991.2875,385.5223,60.2065,55.2024
967.4975,376.2821,66.3712,51.5660
944.3723,363.7982,73.4715,47.3125
926.2260,360.9729,78.2096,44.0519
903.5402,355.8972,83.5303,36.5829
874.9304,349.6860,86.8300,33.6694
849.9915,346.5845,88.3329,30.0272
829.2095,343.1628,88.2995,28.0231
812.1135,339.8708,88.6352,26.4480
797.6838,336.7502,88.7362,25.9881
787.2013,334.5701,90.1607,25.9288
776.7513,327.1600,87.4822,31.0759
763.4846,322.2239,83.9904,36.0898
741.0892,319.3401,83.4450,34.8591
726.5200,315.9009,85.9839,29.7763
706.5023,313.2322,86.3628,27.4869
686.4091,313.3682,86.8855,26.0740
668.6168,309.7399,87.4914,25.6854
651.9050,305.7175,88.7649,26.3749
636.7950,301.7146,87.7658,27.5546
622.1230,298.1658,86.9641,28.7897
609.7332,293.9820,87.1512,29.2232
597.5237,289.7612,87.5602,29.3831
584.7143,287.7349,88.2522,28.5117
571.5217,283.9781,88.2341,27.8534
562.1404,281.1767,88.4169,26.6271
552.9146,278.5075,88.7867,25.8470
543.1934,275.8558,88.1361,25.3951
534.2267,274.3321,87.7038,25.1813
527.5629,273.1373,87.5984,24.9618
518.3583,270.8458,87.6469,25.0910
508.9086,270.7729,87.0526,23.8756
487.9091,271.7277,84.3973,26.9390
457.9023,279.2380,85.5474,26.7109
429.3934,286.6309,87.2352,25.9948
403.6200,291.5665,88.2382,25.6244
380.7699,296.0229,88.4872,24.8566
360.0088,300.4288,89.0323,24.4068
341.3141,303.0049,88.8405,24.0327
326.8127,302.6427,87.8230,24.8171
315.9582,303.4799,82.1476,28.8774
304.7733,287.0880,73.2259,40.0236
290.4471,265.5260,63.7773,53.3692
283.5193,244.9304,57.2323,63.5757
280.1425,233.0029,52.6508,72.1222
276.9715,220.1388,48.3852,80.9238
272.1154,206.6601,45.3054,87.3257
265.6196,194.1699,42.9851,92.2466
261.2544,182.5725,41.8450,95.2272
258.7278,172.5115,41.7354,97.1228
256.7762,162.6858,42.4620,98.1585
253.4941,153.6212,43.0645,99.5539
249.1733,145.5365,42.5625,99.8040
248.2264,135.0905,44.0918,93.4107
247.7568,134.0923,50.0321,83.8425
245.3866,128.9695,58.5306,72.8845
245.1408,125.0274,69.1553,60.4969
253.3112,121.4861,77.4652,50.4209
262.6046,120.8240,83.3369,43.5937
272.4735,118.4238,86.3892,39.1501
279.6780,116.3103,89.2625,35.4944
287.7013,113.1290,90.5587,32.7444
294.2786,110.8906,91.5926,30.8643
302.9308,109.1966,92.0267,29.8778
309.8949,107.0707,92.3269,28.9140
316.4164,105.2961,92.3324,28.2075
324.0760,103.1557,92.0252,27.3569
332.1673,101.7764,91.9216,27.2108
336.6273,100.0187,92.0183,27.4100
346.1176,98.0132,90.4922,26.7238
359.6551,98.3976,87.5759,28.6434
375.8123,100.5961,83.7193,31.0720
384.2562,104.9448,82.5608,31.5742
390.8121,108.8704,83.4825,30.7914
395.2098,113.0254,85.4933,29.5748
401.3282,116.2973,87.0496,29.1429
408.9193,119.0665,87.5430,29.5261
415.7896,122.0275,87.5693,29.6571
422.3126,124.7322,87.3205,29.8721
