1
445.6382,341.2747,41.0130,34.1507
444.9385,340.8606,42.2694,32.8252
443.7164,340.2258,42.6560,31.4124
442.5874,339.7538,42.8404,31.1649
441.8552,339.7531,43.0678,30.8757
442.3492,339.5331,42.9743,30.6530
442.5817,338.8951,43.0381,30.9175
442.1776,338.9981,42.3520,30.7619
440.9607,338.1150,42.8506,30.9802
439.2435,337.6512,43.1982,31.4772
436.8108,337.2422,43.5550,31.2952
437.5037,337.3118,43.5370,31.6388
435.1750,337.4517,43.5330,31.6420
432.6469,335.8073,44.2056,31.0737
433.3000,329.8753,41.5549,31.3282
426.1625,331.0819,41.7620,31.8120
414.7049,332.1326,44.5560,29.2604
417.0915,332.8385,46.6512,27.4061
424.9423,316.5652,42.8546,29.9848
426.4169,325.9014,41.2897,32.8999
424.0399,325.7226,41.8400,33.7532
422.6164,324.7977,42.0045,34.1465
420.0838,322.9635,41.6667,34.8112
420.2666,323.4737,41.7604,35.1494
418.6524,321.5566,42.6948,35.4248
418.4271,320.5842,42.8570,35.5503
420.4422,319.5541,43.5153,35.6459
423.7729,318.3256,44.1519,35.5131
427.0962,316.2140,44.8267,36.2066
426.8515,315.2887,45.5766,36.8214
429.9366,313.4669,45.8478,37.7742
434.0456,313.0362,46.6462,38.1833
437.6141,312.0211,46.9790,38.9635
440.2108,312.5795,47.5433,39.1187
443.5762,312.9857,47.9422,38.7788
443.8763,314.8234,48.1728,38.0217
446.6393,316.0508,49.5367,36.7504
448.9340,317.5356,50.9334,35.1428
446.7314,318.1429,48.5422,34.1894
434.3948,298.4004,50.9137,32.3419
430.6768,293.4397,50.1961,32.8241
428.1744,293.7003,49.3703,33.3994
457.9778,296.9674,46.4260,34.6303
462.8669,304.3598,47.5114,33.4966
464.5198,304.2907,49.4834,33.9540
467.2767,304.2524,50.8128,33.8325
469.9517,302.5397,49.5959,33.9241
470.3737,303.4280,50.1084,33.9646
473.2628,300.2100,49.8169,33.3300
474.0422,296.8882,50.4485,33.5795
475.2271,293.2210,50.6578,33.3904
475.9199,288.5926,50.7809,33.8468
476.9070,283.8767,50.8060,33.4239
477.2951,284.1245,51.0756,33.8318
477.1992,279.7401,51.4342,33.2176
475.0768,275.5570,51.9883,32.7808
472.0187,271.0583,52.4729,32.4105
469.8758,266.9407,52.8988,32.3907
468.3817,262.0896,53.9197,32.4217
468.6393,262.0569,54.0528,32.7079
466.9496,257.9091,54.4261,33.0252
467.5223,252.6212,53.9161,33.1856
469.4272,248.4568,53.3888,33.0649
470.7368,244.4212,53.4831,33.9156
470.2676,238.6379,53.0910,34.3918
471.4221,238.6016,52.6622,34.8050
469.0485,235.5454,52.8729,34.5863
465.1673,232.8952,53.2061,35.8077
462.5963,231.2024,53.5856,35.2956
459.7880,228.6619,54.4709,35.9334
457.8305,226.2954,55.3302,36.0871
457.9767,226.7215,55.2837,36.0608
456.7698,225.0015,56.2205,36.4476
457.1970,223.7415,56.2138,36.4287
459.8623,222.9730,56.1729,36.2309
463.7024,222.3317,56.9359,36.6286
472.2505,222.6995,57.7919,37.6681
472.1429,223.4773,57.9038,37.4587
481.9108,224.8290,58.0937,37.0561
493.3362,227.0072,57.9883,36.6888
505.7719,229.8671,57.7462,36.0455
522.4847,233.8588,57.6750,35.8360
534.3342,237.6854,57.9239,35.3986
535.9553,239.0915,57.9634,36.0831
547.6997,243.2630,57.7529,35.3255
556.8760,248.5654,58.2466,34.6994
562.6520,254.3854,58.3559,35.1474
565.0271,261.3118,58.9041,35.2649
567.9447,267.9566,58.9531,35.6730
568.3248,269.3138,59.7059,35.1459
574.9814,275.1801,60.4444,36.1151
583.1369,281.1536,60.5047,36.8943
590.9493,287.2020,60.4575,37.5032
598.9942,293.0348,60.9621,38.0061
604.9832,298.6709,60.7965,38.8992
603.5540,300.3975,62.0650,38.2011
607.6174,305.1880,62.5324,37.6406
613.1519,309.1978,62.9686,37.0940
616.0952,312.9681,63.5734,37.1103
620.5137,316.2135,64.0388,37.0015
619.7588,314.8261,56.5871,42.3534
620.4338,315.0870,56.4147,42.7595
627.6829,303.2171,55.9644,43.2998
627.3239,276.1961,54.8146,44.2708
635.4902,308.5544,52.9590,45.8177
636.9402,310.6154,52.8513,48.1320
638.1116,312.3156,52.8783,48.5284
638.1028,314.4647,52.7757,48.1602
637.9044,316.5974,53.5659,47.7624
637.7307,319.2668,54.3414,46.7738
637.2566,321.3287,55.8817,45.9807
636.9498,322.8066,57.0067,45.1446
639.1665,324.6693,57.5553,44.4542
638.8686,325.6096,58.4694,43.6181
640.4246,326.0575,59.1253,42.3958
641.0558,326.0221,59.4249,41.7937
641.0764,325.8805,59.6077,42.3219
639.0538,324.2975,59.9823,42.1442
635.6907,322.7078,59.3352,41.6102
635.6433,322.6784,59.3692,41.2896
632.7929,320.3274,57.9429,40.6506
631.7825,317.8866,57.6889,40.2342
629.2537,319.3402,58.1888,40.6833
627.9367,321.9218,57.6698,40.5958
625.4124,322.8284,57.2101,40.1094
625.3480,322.8775,57.3288,39.6163
618.5652,313.0598,53.3886,41.3469
621.5817,310.4813,50.4273,43.2843
622.0726,311.3365,52.0272,43.1229
621.4042,315.2693,52.7112,42.1435
621.0696,318.1951,53.3545,41.0558
619.8646,319.6936,54.0400,40.1432
619.2147,322.4519,54.5922,39.2560
618.2321,324.1622,55.5501,39.1257
616.7092,324.7229,55.5215,39.0646
613.9442,324.7969,56.0067,39.3408
609.8934,325.4078,56.5345,39.5350
609.4995,325.4726,56.9101,39.2684
606.2753,324.9249,57.1319,39.5046
601.4557,324.5266,57.4852,39.6188
596.7085,324.3402,57.3237,39.7643
592.1855,324.6422,56.6448,39.7695
587.2941,324.3725,56.5574,39.8788
586.4867,325.6886,57.0259,39.3240
582.9995,326.2353,57.3144,39.1121
578.6777,326.1425,57.4905,39.1584
576.4797,325.5786,57.4201,39.1996
573.6451,325.5357,56.6775,38.9796
569.0235,325.4640,56.7584,38.7737
569.1897,325.7558,57.4121,38.3159
566.8309,324.8510,56.9198,38.1049
564.9652,325.3642,56.7159,37.9795
563.1901,325.2550,56.6961,38.2058
560.1166,324.2273,56.5169,38.4496
557.6924,323.3822,56.6332,38.4775
556.8091,323.1916,56.9717,38.3756
554.3788,323.0655,56.9106,38.0356
550.2161,321.7972,56.6740,38.0411
546.0235,320.8631,56.1300,38.1382
541.6850,320.1167,56.5877,38.4390
538.8428,318.3496,56.9131,38.5334
538.8481,318.4913,56.6259,38.4086
535.6722,317.7605,56.2103,38.3441
532.4136,316.0446,55.9584,38.7508
529.2125,314.7886,55.7153,39.0837
524.5502,313.1140,55.0027,38.9410
519.4906,310.5970,54.6100,38.9990
519.2557,309.8017,54.4745,39.0711
515.1100,308.0597,54.6635,39.4944
509.2181,306.5039,54.2313,38.9762
503.6955,304.3287,54.1100,38.4412
497.1049,302.0931,53.0655,37.7135
490.9243,299.9476,51.9251,36.9215
490.5168,297.9737,52.0009,36.9098
484.0381,295.5586,51.2576,36.5622
477.0331,293.2188,50.7682,36.0630
470.2350,290.2469,49.8784,35.7513
463.0170,287.5023,49.1081,35.1428
455.2196,284.7503,48.9995,34.5133
453.9326,281.5703,49.3051,35.1697
446.4615,279.1425,49.0568,34.7695
438.7625,276.7294,48.3196,34.2455
430.4079,274.2323,47.8450,33.4138
421.8925,271.6969,47.6032,32.7465
413.3703,269.6744,47.5714,32.2094
411.9132,267.0185,48.2206,32.3453
403.8002,265.9070,47.7882,31.8890
395.3096,264.9455,46.9778,31.4946
387.5975,264.5888,46.1430,30.9595
380.8974,264.1826,45.8747,30.8253
373.3455,263.8258,46.2640,30.7696
365.9497,264.3984,46.0468,30.4199
365.3008,264.0243,46.3803,31.0296
358.9007,264.4427,46.2823,30.9058
353.5832,265.9760,46.6574,31.4695
348.7018,267.9659,46.5222,31.7905
345.2917,271.3271,45.9629,32.2874
343.3872,276.5423,45.8768,32.7565
343.1268,276.7239,45.6597,32.9822
341.3601,282.4718,46.0004,33.7944
340.4060,288.1306,46.2069,33.8988
340.6894,294.4988,46.9533,34.7911
340.7590,300.5850,46.6856,34.7094
340.5880,306.3559,46.5397,35.4883
340.4543,308.2510,46.1308,36.0605
341.1419,314.1022,45.7490,36.3260
342.4495,320.1235,46.3249,36.6629
343.1658,325.6322,46.5103,37.0055
345.0286,330.9884,46.7407,37.6704
347.8677,336.0821,47.2411,37.8695
347.9298,338.0726,46.9374,37.4264
350.8270,343.2044,46.7251,37.3702
353.7131,347.1565,46.9578,37.5366
356.2184,350.5462,46.9044,37.3466
357.4721,353.1973,46.7672,36.9895
359.5597,354.3891,46.3815,36.8895
360.0746,354.9091,45.7259,36.9207
362.1136,354.9389,45.5582,36.9273
363.9063,356.5969,44.9784,36.4237
365.7729,356.1580,44.6159,35.9386
366.6330,355.5873,44.1243,35.4415
368.3889,355.3126,43.3900,35.0485
368.6325,355.5724,43.0734,34.7270
369.0233,355.2877,43.1778,34.6032
369.8965,354.4675,43.0995,34.2845
371.4681,353.4580,43.0221,33.9916
372.6280,351.6193,42.9218,33.8587
372.7394,350.6046,42.5214,33.4234
372.8172,350.1386,42.2464,33.5398
374.7563,348.9651,41.8510,33.4340
375.5584,347.7933,41.4617,33.1323
376.4762,346.7813,41.2551,32.8814
376.7526,344.9286,41.0705,32.6429
376.7823,343.2983,40.9491,32.3405
377.1069,343.4907,40.8419,32.3181
375.7720,341.0561,40.8261,32.4582
375.0267,339.7092,40.9003,32.3518
373.9259,337.8826,40.8810,32.1032
372.2880,336.1725,41.0516,32.2029
370.9149,334.4764,41.0226,32.3845
371.0808,333.7617,40.8185,32.4515
370.4976,331.6853,40.2076,32.5246
367.9291,330.1660,40.2137,32.2088
365.4251,328.6893,40.5343,31.4572
361.5335,326.5682,41.0605,30.8558
357.3182,324.4348,41.1918,31.2844
356.7417,324.6490,40.9220,30.9187
354.1062,322.6270,40.7798,30.2427
351.6319,320.5020,40.5411,30.1630
348.6900,320.0190,40.5992,29.7838
344.7041,317.7018,40.3534,29.9104
341.5682,316.0128,40.5249,29.8032
341.1399,316.4142,40.4614,29.5558
340.3581,315.9031,40.4639,29.3909
339.4712,316.5801,40.4032,29.6156
339.4616,317.0894,39.9643,29.0637
338.2890,317.7461,39.6610,28.9468
337.1610,317.5912,39.3980,28.9864
336.6488,317.5488,39.3742,28.7913
335.3231,317.6619,39.0740,28.4567
334.2841,318.0259,39.0038,28.4706
333.2472,318.0871,38.7164,28.3441
332.1851,317.8057,38.3730,28.3491
330.6664,318.6089,38.2938,28.1149
330.3658,318.6781,38.2296,28.0215
330.9434,318.6429,37.7963,27.8496
330.0171,318.4774,37.9255,27.8865
330.5580,318.4218,38.4185,28.2045
329.2213,318.6748,37.8673,28.1354
327.9277,318.7949,37.8318,28.0857
328.0494,318.5783,37.7628,28.2377
326.8526,318.6897,37.9618,28.4166
325.6467,318.7503,37.3043,28.2826
325.9136,318.1778,37.3265,28.2116
325.5620,318.4949,37.3021,28.1145
326.4946,317.7137,37.5075,28.2620
326.3040,318.1472,37.8552,28.3774
329.2012,318.2688,37.2976,27.7819
327.9283,318.2674,37.1424,28.3610
328.8155,319.3941,37.2423,28.2580
328.9438,319.0894,37.5012,27.7946
329.1119,319.5888,37.1355,27.3087
328.4942,320.3776,37.2855,27.0821
330.2659,319.3355,37.1231,27.2045
330.6118,318.8967,37.0221,26.9178
330.9819,317.9693,36.8628,27.0144
331.9973,317.8306,36.7416,26.7724
333.4173,317.9766,36.4201,26.2654
333.0629,318.0250,36.2436,26.4123
333.2222,317.1797,36.5641,26.6822
331.3408,314.3523,36.7165,26.5333
330.1032,311.6770,36.7220,26.1733
331.1822,309.7549,36.4623,26.2834
331.0182,306.9797,36.7558,26.3310
330.8233,305.7955,36.5647,26.2868
329.1810,303.0526,36.7081,26.5127
326.5298,299.6607,36.1888,26.2987
324.1506,294.9043,36.2622,26.7422
321.5668,291.2958,37.1624,26.5289
317.8181,288.3741,37.2304,26.3332
316.9573,287.0956,37.1475,26.2679
313.5942,283.7332,36.7868,25.8863
309.4290,279.6938,36.7588,26.7284
305.6324,277.6580,36.8082,26.0875
300.7803,276.1254,36.7690,25.1085
298.1889,273.3369,36.4827,24.9095
297.6134,272.1233,36.5068,24.3837
294.6514,269.0688,36.4347,24.5719
291.0331,266.5923,36.3156,24.5345
287.4204,265.2420,36.0743,24.0275
283.8860,263.5760,36.7375,23.7342
278.7918,262.7464,37.0944,23.5489
279.1162,261.1914,37.5628,23.7083
275.7129,260.0552,37.6850,23.2664
270.3131,260.2401,38.8899,22.4405
266.4579,259.4069,39.1554,22.2236
258.9469,259.2848,40.6123,21.1477
252.8369,259.9790,41.9624,20.1104
251.5618,260.3710,43.7457,19.3949
245.8001,253.1428,42.6003,19.8709
243.1562,252.8602,40.9459,20.6825
238.7266,252.3495,39.9677,20.7664
232.7677,252.9580,40.2620,20.5385
230.1636,253.5407,38.5669,21.1602
229.4973,253.5385,38.4821,20.7856
227.5098,255.8567,38.1367,21.8437
227.0004,258.8991,37.4582,22.4274
226.7282,262.4831,37.2716,23.1932
227.6560,266.5823,36.9270,23.9832
228.2117,271.3062,37.1801,24.6087
228.7242,271.9514,36.7849,24.3957
230.9953,276.8717,37.1708,24.7163
233.8021,280.9476,36.5871,26.1128
237.7548,288.2960,37.3655,25.9558
242.9660,294.1242,37.1999,26.9959
248.2904,300.3053,37.3186,27.7463
249.8302,300.2734,37.3028,28.3632
254.8085,303.7054,37.3634,29.4746
258.1182,307.3554,38.4910,30.3665
260.7760,311.2967,39.0436,31.0115
262.9102,314.2120,39.8702,31.2743
264.8108,317.2227,40.3587,31.3431
265.1494,318.4682,40.6782,31.3290
265.8401,319.4936,40.8714,31.2126
262.7104,319.8712,41.4858,31.5373
258.2166,319.8897,42.6320,31.5609
251.6376,318.5180,42.9145,31.9249
244.7437,316.9355,43.3106,32.5123
243.9320,316.0930,43.1195,32.1258
237.8965,314.4604,43.7202,32.1892
231.8560,312.9368,44.0228,32.0101
226.2089,311.6461,45.0059,32.0341
220.2446,310.1568,44.8681,32.2090
214.3684,307.2513,44.7994,32.3784
213.6363,306.0867,44.4252,31.6461
207.9067,304.3702,45.3503,31.8248
201.0011,303.0717,46.0884,31.9966
193.2415,301.5143,47.3586,32.8943
186.2663,300.2326,47.1694,33.4045
178.6190,299.0219,47.3514,33.4984
177.4601,298.7604,46.9264,33.0166
170.7710,297.6250,47.1849,33.3003
164.0168,296.1689,47.6154,33.1862
156.3442,294.7073,47.7054,33.4295
149.0115,293.3329,47.1960,33.8699
142.5611,291.8554,47.2896,33.8869
140.6777,291.6534,47.2197,33.1722
134.6966,291.0767,47.3573,32.5710
129.0316,290.7382,47.5044,31.9135
123.2894,290.7933,48.3285,31.6610
118.5697,291.0936,47.8957,31.6110
118.9149,293.6404,47.0153,31.0494
118.8209,293.9657,46.7263,30.4873
124.7357,297.0673,46.7919,30.7037
130.8210,301.2825,48.3559,29.7544
144.5892,308.9257,49.7237,28.5569
160.5827,316.7262,51.1723,28.0675
174.9937,323.9734,51.9888,27.5503
178.2452,326.2065,51.1465,27.8934
190.8455,334.0228,51.3836,28.0295
203.2408,337.9754,51.0647,28.3118
214.9889,343.4219,50.2564,28.1502
220.0592,346.7027,51.4917,28.5111
225.2046,350.0674,51.5162,28.4888
225.2499,352.2662,50.9272,28.0400
229.6234,355.8656,50.9406,28.1758
233.6963,358.6095,50.3057,27.8226
237.4936,361.1349,50.0555,27.6710
242.7320,364.0659,50.2155,27.8026
248.8644,366.4345,50.0642,27.7222
256.2886,368.5264,49.8158,27.5839
256.0705,369.5347,49.4744,27.3454
265.6168,371.0139,48.9049,27.9881
275.5204,372.7582,48.4773,27.9088
285.7254,377.8056,48.7900,27.7684
296.6722,382.7152,48.5227,27.8639
306.1281,384.3106,48.1839,28.1780
305.9515,385.3997,48.5713,27.9076
315.0868,386.9792,48.4466,28.7097
322.0028,389.1770,49.1213,28.2225
328.3354,391.4518,50.0611,28.1565
333.9033,393.5546,49.9848,27.6343
338.9552,394.9954,50.3193,27.7111
339.9002,395.9445,50.9119,26.9387
346.2748,397.0338,51.8031,26.4927
355.0937,398.4739,51.3505,26.9459
362.9607,400.6996,51.1921,27.5816
371.2807,402.4806,51.6298,28.3685
376.9916,403.8073,51.2884,28.9298
378.5439,404.5433,51.0302,29.0356
383.3604,406.1957,52.4753,28.1802
391.7791,407.2915,53.0240,27.8683
402.0892,409.3573,52.7441,28.2316
413.4817,411.5002,52.9107,28.1363
425.5430,413.4622,52.6073,27.6056
427.4955,414.8934,51.4354,27.9263
435.7266,416.6379,51.6344,27.7619
444.2211,417.8571,51.6898,27.8263
451.6239,419.3036,51.6824,27.9739
459.0450,419.6231,51.5357,28.1762
466.5947,420.1767,50.9405,28.4739
466.6731,420.5219,52.0494,27.5496
471.7296,420.9128,52.7085,26.6736
480.4398,420.4460,53.8620,26.4569
491.8077,419.5562,53.5270,27.5795
506.4470,420.2616,51.8226,29.2657
519.3326,420.2008,50.4718,30.8303
520.4274,421.6503,51.9048,30.2302
533.8840,421.6339,50.7451,31.3954
548.4969,421.2904,50.4234,31.6547
562.2101,421.1829,49.9618,31.6254
575.0898,420.6832,49.8245,31.6673
588.5128,420.4495,49.7735,31.1162
590.5532,421.7362,49.3080,30.8949
600.3846,421.8711,48.9247,29.5163
610.2441,421.9161,48.9115,28.4547
617.3170,419.8526,48.7649,27.4981
621.3738,417.1151,48.2100,27.2103
621.4356,415.9288,48.1945,26.8493
621.7091,415.6614,47.5156,26.8452
622.0721,413.4799,47.0444,26.8109
621.4075,412.8301,46.5850,26.0804
620.3049,412.4429,46.4226,25.5766
617.7247,410.3624,46.4438,25.6181
615.6193,410.0649,46.0196,25.0384
616.1413,409.2292,45.2222,24.9904
612.8761,408.8702,44.5269,24.7783
608.2191,407.2904,44.2870,24.5403
604.4112,405.3343,44.5801,24.4181
597.5967,404.6453,44.5529,24.0660
593.2527,404.3690,44.5527,24.0182
593.0447,404.9162,44.5023,23.7309
590.5840,404.6198,43.8884,23.0109
584.0384,403.3863,43.6967,22.6583
579.9781,401.9274,43.2144,22.6485
574.4089,401.0989,43.1722,22.4205
571.7476,399.5034,42.6273,22.5023
572.1211,399.7813,42.1967,21.9663
568.3367,399.3926,42.2691,21.8963
565.5934,399.2504,42.2993,21.5621
560.9714,398.6794,42.5886,21.6705
558.5286,397.9991,42.1327,21.4886
555.0620,397.8210,41.9544,21.8314
554.7660,398.0038,41.6230,22.0466
551.9657,396.3742,41.8298,22.1218
548.7484,395.7709,41.9314,22.4411
546.6133,395.2172,41.8715,22.6432
544.4630,394.2309,41.8881,22.7536
542.0490,394.5027,42.2037,22.6870
542.6241,394.3341,41.9833,22.6148
539.9813,394.2050,42.5365,22.6320
538.5379,393.6523,43.7861,23.2949
536.6701,393.5108,43.7032,22.7281
533.5087,393.8250,45.1469,22.8459
531.8994,394.2233,45.5996,22.2545
531.7648,393.6923,45.8203,22.5143
529.4412,394.3006,46.2225,22.5381
529.3560,394.4942,46.7991,22.7957
530.4487,395.4477,47.4192,23.0619
531.2995,395.2713,48.1123,23.2681
533.1467,395.2357,48.1901,23.3534
533.3469,395.1258,47.8407,23.1628
534.0782,395.5190,47.9496,23.2448
535.4203,394.8192,48.5357,23.5238
538.4592,395.2827,48.5128,23.5580
541.2864,395.2350,47.9809,23.7228
544.0121,394.4706,48.3399,24.1172
544.5032,394.3302,47.6459,24.0580
549.1946,393.8037,47.5759,23.9832
556.4413,394.1696,48.1419,24.2408
561.0212,394.6846,48.3156,24.4709
566.7840,394.6762,47.7745,24.4539
573.2767,393.5582,47.3950,24.3859
573.5101,394.1272,46.7963,24.0823
579.7611,392.2132,47.5103,23.8091
586.0096,392.0126,48.1365,23.3628
593.5281,390.4933,48.7428,23.1506
601.7726,389.8570,49.0594,22.8824
609.6677,388.9517,48.9576,22.6126
609.9570,389.1199,48.2322,22.6578
616.8991,387.3039,48.7857,22.9413
624.7462,386.9382,48.4755,22.7819
630.2905,386.2228,48.5719,22.7420
634.4036,383.8294,48.4918,22.7428
638.2896,381.5347,48.2559,22.8296
639.0141,381.5427,47.7047,23.0234
642.2056,378.5207,48.0680,23.1618
644.8240,376.7144,47.7172,23.2787
647.6459,374.5104,47.7901,23.3547
649.1515,372.4064,48.1264,23.7840
651.2972,370.3918,48.2277,24.2206
652.2211,369.9852,47.7211,24.3109
654.1181,368.0197,47.4998,24.2916
655.6749,365.1604,48.0228,24.5191
655.7840,363.5468,47.6385,24.7817
655.1309,362.4198,47.2869,25.0023
653.5842,359.7247,47.8334,25.3030
653.1514,360.3251,47.6836,25.1472
652.6651,357.8949,47.0259,24.9627
650.3152,355.8798,46.9892,24.9891
646.8378,353.6357,47.1761,25.2599
643.6613,350.9131,47.3708,25.5006
640.3842,349.6136,47.2893,25.7491
639.9165,350.1035,47.3155,26.0560
635.8165,347.8609,47.5547,26.2901
631.4396,348.0192,47.8717,25.8940
627.1090,346.2386,48.3723,26.2983
623.0709,344.2042,48.9963,26.1703
618.6145,342.4412,49.5634,26.0800
618.2938,341.3610,49.4022,25.8334
615.6140,339.7605,48.9104,25.7491
614.1668,338.1638,48.8299,25.9628
613.7014,336.1229,48.4587,25.9152
613.1146,335.1791,48.0750,26.0234
612.0489,335.1929,48.3248,25.7710
612.4243,334.9703,47.6848,25.8806
612.0721,334.9008,47.3256,25.8330
612.7807,334.1658,47.4063,25.9258
614.2729,333.6434,47.5321,26.1704
616.0366,334.1054,47.6855,26.3265
618.8396,334.1082,47.5951,26.4414
618.7668,334.4221,47.4963,26.4794
620.9357,334.1120,47.6171,26.2305
623.2707,333.6346,47.9506,26.4889
624.8421,333.6863,48.1871,26.4735
626.6793,333.6616,48.2577,26.4117
627.6257,333.5487,48.6262,26.4311
627.2457,333.5755,48.9843,26.4860
628.1226,332.6933,49.0856,26.7179
629.1238,331.3176,49.1023,26.6884
629.3842,329.2379,48.9168,26.6878
628.7263,327.7119,49.1555,26.6969
628.3298,324.8985,49.2172,27.0448
626.8785,324.5380,49.5311,27.3492
625.9884,323.0515,49.6635,27.4364
625.2004,320.3614,49.6510,27.7961
624.0469,319.0896,50.1246,27.5891
