1
1100.6971,613.4492,40.0116,49.5219
1097.1497,601.3429,40.0570,50.8816
1061.4581,607.8782,42.0013,50.3836
2
0
0
0
0
1
908.6919,613.1940,48.7253,44.8743
917.2905,613.4482,46.4855,44.3515
2
0
0
0
0
1
816.9860,560.3234,40.7662,42.3491
806.3412,560.2055,40.9403,42.4237
800.9893,559.7342,41.0313,44.1686
797.6717,555.9239,42.6774,44.5512
791.4510,556.7073,45.9267,43.7003
785.9833,558.3109,50.3169,42.4473
785.0419,559.9163,56.7254,38.4014
786.6430,562.0255,62.3286,33.2884
788.6710,562.8788,64.1613,31.8361
788.9625,559.1389,57.8472,37.1610
792.0773,541.8404,54.6128,37.8135
795.8994,531.3067,52.1296,38.7804
795.3875,518.4576,49.4991,41.9716
797.0157,512.0511,46.5475,46.5423
798.3455,502.6670,45.0990,47.3912
796.7021,491.0951,43.4560,47.1443
790.3626,487.3344,42.6612,46.9690
782.8616,486.9432,42.7558,45.8320
769.6369,485.7508,42.1968,43.9957
763.2268,484.4857,42.5362,41.7340
754.7120,482.1960,43.0831,39.6899
742.8501,478.7440,43.6938,37.8862
733.4662,473.7719,44.7495,36.6399
714.0477,469.8881,44.6309,35.5351
693.5363,466.1001,44.6389,34.4454
672.4712,462.3256,44.0668,33.1303
651.6479,459.5087,43.1897,32.2818
629.6816,455.7491,41.6038,31.5625
607.2998,453.0900,40.2374,30.9017
583.8826,449.6671,39.1869,29.9175
557.9051,447.7973,37.9843,29.5028
530.3014,445.0530,37.3496,28.9075
502.1417,442.9593,36.7897,28.2736
483.6083,437.9810,36.1596,28.7528
445.8853,436.2570,36.5307,29.7318
424.0959,432.4380,35.2607,30.4900
2
0
0
0
0
1
2
0
0
