1
630.4970,659.3428,52.0922,33.1474
627.5658,654.2070,52.0922,33.1474
610.8961,649.2418,50.0432,35.5749
582.5198,647.8729,48.8831,37.3387
564.9742,651.8983,48.8831,37.3387
540.9802,652.5132,48.8831,37.3387
533.6888,653.7520,48.8831,37.3387
513.1017,650.3099,48.8831,37.3387
493.1627,619.9519,45.3628,45.4919
475.1780,625.3713,45.3628,45.4919
459.6208,625.8020,45.3628,45.4919
449.7921,629.3570,45.3628,45.4919
2
0
0
0
0
1
309.1274,498.4360,40.1285,41.6389
289.3324,492.8352,37.7566,45.4327
265.9477,491.1703,35.2275,52.7673
238.0367,503.4463,31.8727,55.8033
214.7994,527.2798,31.4691,58.9327
201.4293,539.5259,29.8065,61.1410
199.1655,546.7376,29.6250,62.6994
186.6433,568.0989,27.3934,64.8138
183.7694,578.4042,27.3934,64.8138
178.4413,589.2007,27.3934,64.8138
2
0
0
0
0
1
264.9551,761.6425,27.8691,44.2365
285.2168,786.3745,27.5788,41.2320
297.6913,797.4196,28.6424,40.9419
310.8581,803.3778,28.6207,40.7813
318.0999,809.2753,28.9182,40.2558
326.3609,812.2316,29.3649,39.8867
345.4552,818.5563,30.4860,38.2094
369.7109,833.3470,29.0989,39.3978
387.0306,850.6553,27.4579,36.9308
394.5382,859.1190,26.4884,35.0153
396.5467,858.1454,25.4339,36.8541
399.0424,855.9595,27.4121,36.8082
399.8913,860.1387,26.9761,35.2012
402.4246,871.3530,25.4580,31.6594
396.8281,868.3226,26.2912,31.5126
400.1580,865.9631,25.5664,30.5338
399.1471,865.9860,25.8453,30.9462
401.5552,864.1713,26.5319,31.6151
407.0283,867.7947,26.2282,31.1365
411.4776,875.5275,24.6473,29.3235
412.0208,878.0610,23.8259,30.7858
410.3222,877.9702,23.9216,30.5469
410.9049,883.2841,22.0827,30.3853
408.5720,880.3767,20.6229,30.6829
403.5945,879.9243,19.5308,30.8293
402.3115,881.8430,18.6911,30.5606
402.1585,883.0105,19.3774,30.5236
399.5390,883.6169,18.8215,30.6950
397.6740,883.0323,18.0094,31.5559
397.1917,879.4794,18.7082,32.7098
399.9054,884.3367,19.0960,31.6305
400.5891,885.5801,19.6257,31.2465
398.5996,885.9216,20.5257,31.4867
401.1923,887.2769,21.3506,32.2758
397.8767,886.4453,22.7578,33.4610
396.9876,882.7795,22.0151,34.9415
402.1291,885.3232,22.3892,34.9245
407.4320,887.2366,22.3892,34.9245
408.5771,883.3505,22.3892,34.9245
409.3784,879.6737,22.8198,33.9001
414.6987,879.7631,23.7793,33.8156
412.8698,875.1624,23.9881,34.0238
412.9664,880.1564,24.1498,34.9594
412.4041,880.7225,24.0947,34.5683
415.3465,886.5241,24.0947,34.5683
415.9624,891.5541,24.0947,34.5683
421.1198,892.0059,24.0947,34.5683
423.7302,891.3024,24.0947,34.5683
425.7620,892.2381,24.0947,34.5683
426.1546,894.6538,24.0947,34.5683
429.1217,896.5355,24.0947,34.5683
427.4702,897.2408,24.0947,34.5683
429.3453,893.4177,26.6469,32.3321
425.9889,896.6512,29.9271,32.1562
425.6230,894.5459,31.4333,30.7191
420.0744,895.5908,33.5731,29.7937
421.7473,896.8516,34.1459,29.6338
414.4979,895.2753,34.9545,29.7258
412.2324,894.5336,37.0987,30.5052
415.8589,898.8660,36.4931,31.1150
408.3215,891.5186,37.0652,33.6283
413.4191,896.6402,41.9187,36.0206
416.3192,902.9514,45.9978,37.0289
417.2418,898.2762,45.1948,39.0693
413.0037,890.3828,44.9386,42.3389
415.4854,891.1124,45.0590,43.7998
411.2650,891.4561,43.2075,45.8226
399.8377,885.5213,39.9933,45.2058
407.2201,886.2509,42.2378,48.5226
410.3160,888.3425,44.0686,48.8568
410.6924,890.1305,46.3521,49.1399
411.7361,890.4579,46.8566,49.4345
415.2270,888.6133,46.5311,52.7279
412.6397,890.7911,48.6044,50.9001
420.2272,891.0740,48.1844,52.1226
411.8349,889.9454,48.5296,52.5596
419.2235,890.5169,50.2722,50.9738
418.8517,891.4712,48.5037,49.4344
417.0377,891.6856,49.1216,45.5275
420.7857,894.2281,49.2255,43.3088
426.4324,892.6801,48.0963,40.2703
434.8098,886.8565,44.6969,42.4096
437.5364,886.9724,44.6969,42.4096
430.8261,890.2064,45.4464,44.3072
432.1702,886.2064,45.5975,43.2750
431.8213,884.1028,47.9217,44.8279
433.5352,884.6068,47.5939,44.9307
440.3871,883.1672,48.3574,45.7860
433.1010,881.0670,47.0462,47.9602
447.6763,870.3056,48.5590,47.6524
470.7781,871.5818,47.2011,48.1799
484.7319,868.8516,46.9479,48.8905
487.5714,862.7841,46.7277,49.3165
509.0086,850.7864,45.6854,49.1270
536.7501,847.0424,47.5941,50.3360
559.3096,846.9489,47.8887,49.9606
575.0461,844.3692,46.9908,46.8791
577.3043,843.6711,45.0309,46.6957
586.2133,848.1138,41.5324,45.6461
581.7710,848.1520,40.4711,46.0252
583.8734,852.2481,39.6031,43.9300
583.3957,852.5310,40.6306,42.3949
580.9818,852.0225,40.2916,40.9519
580.2798,847.6593,40.4777,41.2882
586.9696,841.6125,40.4777,41.2882
587.1876,840.0308,40.4777,41.2882
594.6354,834.7332,40.8127,41.0990
596.4124,833.8547,40.8429,41.0937
598.9880,837.9979,40.8430,41.0936
607.8779,839.4997,44.4923,39.0408
606.4224,842.8320,47.2220,38.4794
610.8741,833.9274,47.8908,42.5709
614.1113,830.3094,49.0634,44.2142
621.7798,830.3988,49.0634,44.2142
620.1245,825.9759,49.1825,44.5020
620.6467,815.9386,49.1366,45.2376
623.3459,813.9369,49.1366,45.2376
625.0700,818.4260,54.9401,43.3666
632.6102,821.4961,61.4281,43.4960
640.5849,826.4254,62.8568,45.4564
641.7027,817.0441,62.8568,45.4564
647.4712,820.0056,62.8568,45.4564
651.8294,820.0183,62.8568,45.4564
655.8079,825.0474,62.8568,45.4564
647.5933,828.7034,62.8568,45.4564
642.0593,831.9276,62.8568,45.4564
635.9362,839.1300,62.8568,45.4564
2
0
0
0
0
1
752.1915,717.6391,40.1577,45.5061
767.8215,697.9899,37.3237,54.2527
780.3260,673.3073,39.6482,56.4496
785.9074,668.4567,39.0786,56.4053
788.8080,666.2840,39.0075,57.3033
792.5494,669.1348,42.2298,53.3950
792.4503,671.2464,42.7456,50.8525
791.5723,674.0418,43.4919,47.2090
792.4084,672.5742,44.4236,47.3970
791.4121,674.8438,43.8778,46.5702
794.0635,673.8128,43.9812,48.8144
790.5660,679.3959,44.0890,50.8163
794.7560,682.0567,47.1593,49.4001
786.8351,687.9001,47.1111,50.2891
789.9203,692.1515,47.1111,50.2891
792.1602,693.1831,47.0457,50.3394
786.2222,702.1370,47.0457,50.3394
788.0063,704.0563,47.0457,50.3394
789.4925,710.2515,47.0457,50.3394
786.2127,711.5514,47.0457,50.3394
786.8972,718.5433,47.0457,50.3394
777.8807,723.7350,47.0457,50.3394
769.5333,729.7300,47.0457,50.3394
772.1515,731.0993,47.0457,50.3394
765.0377,734.9072,47.0457,50.3394
757.2872,726.6680,43.9564,58.8087
737.8190,727.3595,44.3378,66.1910
721.3899,724.1642,45.5889,65.6797
707.0633,741.3569,46.9267,59.5418
686.5671,743.5309,48.1583,58.1726
681.9785,748.9575,50.0759,56.1938
679.6688,751.9893,52.4335,54.2048
679.1736,753.9570,52.6385,52.9103
677.5116,742.3290,54.6033,55.6862
680.7042,745.4742,54.4077,55.4658
677.8087,746.9902,53.6937,57.4234
676.4979,746.0458,55.3497,55.8721
667.1627,749.0173,55.3497,55.8721
2
0
0
0
0
1
674.8815,765.4529,35.7915,38.9894
673.1567,764.8021,35.7158,41.8284
674.4537,751.9359,34.0596,45.5341
673.2006,750.0567,34.5741,45.6939
678.1907,750.2958,34.3292,46.2825
677.8718,754.0247,35.1299,46.0694
671.6931,747.0421,35.0612,46.0520
674.0293,742.2926,35.0612,46.0520
676.1298,739.2631,35.0612,46.0520
677.6411,740.4280,35.0612,46.0520
669.4402,738.5215,35.0612,46.0520
668.7825,736.2087,35.0612,46.0520
663.3040,736.5917,35.0612,46.0520
664.7222,736.9880,35.0612,46.0520
2
0
0
0
0
1
490.1117,637.7734,55.6222,27.4000
481.0204,631.1208,47.1291,33.7832
457.8665,640.7228,45.0005,37.3725
424.2566,647.3644,44.6197,36.7161
392.7128,652.3143,45.4587,38.6877
365.7134,662.6898,47.7490,38.0430
339.9026,677.2485,49.8117,40.6805
330.4569,686.7107,43.7721,45.4520
319.7159,691.5251,43.7721,45.4520
310.5569,697.9170,43.7721,45.4520
307.3671,710.3295,43.7721,45.4520
2
0
0
0
0
1
361.5630,816.6427,38.8160,44.3661
378.9942,821.3264,37.8259,52.6368
404.4722,825.6396,42.5943,51.7790
412.1808,820.5587,43.0716,60.6793
420.3440,831.5524,42.1546,66.7158
438.6416,835.9277,46.5394,66.2753
437.8340,843.0477,48.4409,67.9462
440.6869,842.3914,51.4103,72.0290
433.0771,838.2583,52.4174,77.2819
425.1635,827.9586,49.4292,74.2276
421.8365,837.8764,52.3770,69.9820
414.2054,826.2786,50.2276,72.9382
394.5889,835.0152,53.5784,74.8543
369.8383,821.7813,55.5179,72.7455
352.6487,822.5087,57.4351,69.8480
338.5596,820.0757,56.9393,72.5294
293.7332,804.7940,59.0873,71.7369
296.0564,785.1754,57.0468,75.2324
276.1459,768.2098,60.5521,70.9846
246.3525,745.0876,61.8346,71.0888
220.9202,712.4952,65.0819,73.7098
204.9566,694.9585,63.6893,68.1261
186.9908,667.1475,69.6800,71.3762
175.4490,654.6356,65.4196,78.0878
160.9013,651.5540,63.2285,76.3469
162.3857,651.5750,63.5902,77.2287
160.3331,653.2049,62.9355,75.6061
160.0923,655.6392,62.6041,76.6793
138.3564,659.5148,62.9283,77.7728
144.2175,645.8796,57.5855,74.3427
150.4977,651.5633,55.7507,74.9770
150.0190,644.4598,53.1846,71.8894
149.5652,642.4033,53.8128,67.8944
155.3862,651.9690,52.7794,68.5628
154.7316,649.4025,52.3178,69.0634
150.9265,640.2756,54.5029,73.8642
142.6194,625.1274,48.7781,74.5435
136.8060,623.4818,41.9337,69.6055
145.2650,602.2873,42.3425,69.3390
132.6858,588.8567,42.8264,72.8489
135.5490,561.5172,43.8530,74.8238
120.0780,544.7274,44.8641,73.1732
116.1042,537.2802,41.6363,79.6217
130.7310,521.6689,40.0391,77.1699
133.4774,495.9803,38.6548,78.5332
139.3385,471.5316,43.0675,81.4713
139.1040,450.4945,40.5300,79.8788
149.6446,415.0227,37.5137,76.8866
153.1176,386.9500,36.1389,71.2370
163.4373,367.8743,36.9706,65.2616
167.2760,363.6329,36.9706,65.2616
193.2977,346.5609,40.8155,67.0979
200.8833,338.6357,44.8930,66.5055
198.0820,335.9478,47.1595,65.1671
197.4569,328.3489,46.1055,66.7066
203.7171,325.0963,43.6805,68.8098
207.9403,326.7971,41.7889,73.0845
210.6915,325.0460,41.7889,73.0845
210.4056,307.2542,39.5175,70.2263
215.0716,313.8097,36.8149,69.7845
214.2473,315.7196,36.7757,69.7886
211.6188,317.6082,36.7751,69.7885
213.0184,315.7294,35.1404,69.4761
215.3048,318.2764,35.5735,70.3600
214.1739,309.5505,36.1484,70.4508
210.8764,309.3178,36.1485,70.4508
215.6583,306.2992,36.1485,70.4508
211.9843,307.0095,37.7875,69.8686
215.2834,312.1671,38.5417,69.9133
211.3635,309.8441,41.8536,71.1090
222.6315,316.4180,45.8238,71.0887
219.4531,316.1048,49.0935,67.3745
244.3788,322.6218,48.3803,65.9318
236.5799,308.8285,50.7744,67.2911
241.4669,303.4547,48.6932,72.7460
246.1240,295.7077,45.5220,72.1057
254.1174,288.4158,45.5596,72.9725
251.7068,285.4171,43.2286,79.7013
258.8467,281.9753,44.6122,79.0142
269.3142,277.3032,43.1107,77.7840
274.5789,268.8830,47.0211,74.7452
285.1985,264.4396,47.4404,72.2822
295.2558,263.8528,42.7556,70.0569
293.1471,250.3065,39.5397,70.6105
294.5096,251.3143,36.3959,68.6690
289.2097,233.9409,33.9692,71.9291
290.9699,226.1771,32.4356,74.7818
305.0302,227.2453,32.9172,68.2256
300.4524,227.3871,37.3483,64.7735
299.4948,228.4773,38.9835,62.1007
296.2648,238.3977,38.1658,54.8420
296.3833,235.0601,37.3422,50.6931
298.9523,230.8691,39.3681,51.7671
297.3428,238.8217,39.3590,51.7333
294.0562,240.4386,39.6675,47.2425
298.6367,238.7669,37.8891,46.2603
298.2751,239.6921,34.6153,44.6126
302.8883,242.0959,31.0639,47.0470
305.8340,238.9395,29.0575,49.8506
307.9179,235.6372,28.1027,50.6714
307.3834,235.6171,27.2004,49.8605
307.0160,237.7614,25.7137,48.0615
307.9585,238.8332,24.8569,46.8109
309.3675,240.2389,25.6850,44.5133
305.8205,241.0146,25.4945,44.2901
307.3377,242.6969,25.2686,43.3080
303.2606,243.4632,26.9014,42.2103
301.7570,245.0871,26.4238,42.5900
303.4810,242.9895,26.5533,43.1369
299.2834,238.4764,25.3123,45.6645
300.0061,234.7536,24.3968,46.3249
295.6426,233.7735,24.6736,47.5756
290.4238,228.6600,25.4488,48.2276
286.4388,226.8072,25.5201,48.5703
286.2918,226.0636,26.9499,46.2794
283.2785,227.9136,30.1886,45.5688
275.3732,231.1473,32.7567,45.5186
266.5104,232.5570,38.0225,44.4426
258.1721,230.1153,37.6479,46.5864
257.8549,235.5545,37.6479,46.5864
256.1097,242.2476,37.6479,46.5864
237.5346,252.0840,45.4275,48.1782
220.0924,260.8818,45.4275,48.1782
204.3373,285.7715,47.4756,52.2660
176.5526,299.9151,49.3036,57.8979
179.9556,319.9015,47.8899,57.2269
185.2655,322.2564,46.9336,58.5603
179.5897,312.7985,45.8077,58.9773
187.0053,309.1756,44.0629,58.6428
192.3496,307.2415,41.5346,59.9038
196.6408,292.5046,39.6606,64.4503
204.7487,283.5126,37.4808,63.7011
218.3067,268.8260,39.6659,66.6598
225.1817,246.9023,45.0621,74.3404
249.0418,235.8219,43.5577,77.4906
264.9140,225.9104,50.0034,72.3754
279.9593,211.1927,53.2038,70.1878
333.9376,197.8282,53.8338,67.3934
373.6049,190.7391,53.7819,69.4663
410.6862,189.7777,52.6193,70.2079
435.2690,189.9633,54.7050,69.4186
463.7196,210.4632,53.7077,68.7865
487.0482,244.7918,54.5719,68.4109
500.3897,252.3905,54.0749,65.1990
522.7624,245.5033,55.0289,66.4660
524.5297,250.1541,54.0962,67.7929
545.5496,244.4571,56.4798,69.4771
576.3695,235.9150,55.4607,68.3431
612.7804,189.2257,55.6875,71.5123
617.9799,202.5453,55.0481,68.9088
627.7728,200.8520,56.6319,70.5402
612.4753,208.7434,50.4246,67.2641
611.7527,200.5863,44.3194,73.1578
619.9328,201.1737,42.6372,72.8392
614.1702,194.0392,41.5137,75.6281
614.2946,197.1514,40.8178,71.0426
610.7598,189.4375,36.7606,73.5954
601.2747,184.6042,37.5601,78.3632
582.6659,174.2915,38.9217,80.6972
574.2678,172.5605,36.6282,77.1642
543.6811,164.9942,36.7393,75.6293
513.9412,145.3888,36.4944,79.4029
495.4583,153.7100,36.2684,75.7018
488.3715,156.8732,37.4396,72.1634
487.8222,158.1818,39.5566,70.1011
504.7415,153.1942,38.6284,70.8823
511.4318,158.6153,37.2192,75.5331
522.7966,167.2273,37.9438,73.6843
534.0594,165.5771,38.2819,76.0729
554.9714,178.7812,45.1168,71.5724
570.1456,189.2242,51.7294,64.7014
614.0650,204.0539,62.3468,62.8219
644.5486,222.0847,62.3944,61.7199
668.8310,232.3816,61.2975,60.1938
677.0153,244.2670,58.4299,65.0555
693.1111,281.2994,53.1113,63.0377
716.0451,317.3633,58.6357,64.4199
757.8992,305.0890,63.3939,66.4769
758.2801,332.3461,65.4582,65.6108
768.5551,343.1240,60.8711,63.9484
777.7791,378.8654,57.8378,60.8379
776.1675,404.8199,57.0965,57.0320
771.4212,430.3733,48.3858,63.6046
760.0569,460.6378,44.3065,78.9336
762.9640,500.4679,40.9696,83.1476
752.3689,523.3585,41.6103,85.5573
745.5411,574.5073,39.8176,79.9972
732.3846,598.3024,43.9859,76.0691
705.7018,612.7383,51.0834,70.7099
692.4688,614.6047,51.4358,70.6854
667.3186,615.0790,57.4576,64.6865
652.6252,605.5810,64.5087,66.2487
631.9093,585.9309,76.3027,64.7823
599.6990,549.7809,71.4971,62.5283
594.6046,504.8821,68.1231,62.7553
572.2906,457.3087,61.1182,78.1035
560.2911,407.9957,58.8044,76.5437
554.6465,376.2592,60.5247,69.6607
545.9173,349.4380,53.5508,76.9227
545.4358,336.8796,47.7546,81.2046
533.0964,297.3215,48.3674,79.3691
514.1835,275.5210,46.6851,72.1726
501.7774,258.2758,43.5730,74.6515
499.6473,241.0603,40.1294,81.4768
492.6066,202.5823,40.6450,76.5502
501.0080,174.1652,38.1190,73.1758
509.6408,152.1647,39.3719,73.0199
510.4411,149.9336,38.2234,73.7749
510.1102,162.8223,38.1779,72.2409
487.6230,188.9498,36.4728,65.4136
490.2690,168.4863,36.8231,66.5749
475.3431,172.1337,38.4454,70.0460
461.6137,171.0607,40.0256,69.6126
436.9518,165.3590,48.4885,72.5063
398.6700,171.9672,51.4851,73.0728
369.1954,194.4412,58.9729,67.3530
336.5518,212.1858,57.0626,66.2537
311.5406,222.8629,57.4290,65.7229
289.1502,225.2661,59.5017,67.9414
268.4711,236.3874,65.6927,68.7721
253.8232,256.0977,64.4921,71.5168
248.4024,283.5921,61.6628,72.3772
232.6874,325.7797,59.5754,72.6271
206.2191,362.9764,54.7894,80.3047
209.4986,415.1178,47.7770,84.9314
231.8802,479.4473,44.3495,81.2560
250.0168,526.6426,42.1540,85.3485
250.7818,546.5043,44.6002,85.0429
246.6267,566.8228,46.3754,77.0969
234.0684,571.4871,44.4646,77.7029
217.1774,586.4940,47.4289,73.3572
206.1681,626.1349,53.6221,68.1421
162.9696,639.5356,60.6841,70.3904
161.7863,636.6373,60.6841,70.3904
158.7392,643.8669,58.8585,69.3531
167.1915,645.9127,59.7211,67.5857
159.6106,636.0215,59.0630,66.3409
157.6859,635.2830,59.1606,68.4850
155.3178,637.9415,60.7380,69.6923
158.9429,630.9611,61.1270,73.4057
159.5158,635.5693,61.3966,79.6739
163.0357,642.6991,54.8252,81.1529
167.1286,653.3395,52.2205,80.0178
174.2099,668.5903,50.7065,74.3334
179.7204,672.1237,46.7071,77.6925
191.7701,689.0518,45.2786,74.0254
204.7580,694.2731,49.6783,77.0447
225.2273,733.1171,49.9344,79.6930
234.3458,732.0574,47.7102,82.3138
237.6519,737.7050,48.2806,86.2633
253.2782,750.0497,48.9742,86.3238
269.5453,746.3101,48.7471,83.9975
288.6800,742.7002,51.4007,79.5382
303.6049,743.2501,52.4948,75.9049
357.8545,728.5673,51.7830,71.8205
386.3567,720.8314,52.3722,78.4754
425.3228,729.4697,57.7837,79.0693
449.9008,729.5450,57.2479,78.0242
447.6859,746.3901,60.1785,71.9017
475.2536,766.0625,58.5513,67.6822
490.4754,782.4919,57.3521,67.9128
498.6418,809.8221,55.5614,72.8809
517.1024,828.5694,55.8041,71.8354
542.4926,830.4726,57.6757,69.6823
530.4678,818.7299,53.4772,65.3488
532.5535,816.3337,49.9473,62.5642
535.1924,816.1710,47.8093,62.8175
536.6295,815.8162,47.4071,64.0514
543.4185,822.2695,48.0466,63.1745
550.1988,822.4658,48.1778,64.5642
546.4496,822.5408,46.4006,62.2332
547.7794,824.0778,48.0244,59.9359
554.2699,822.1177,46.3150,62.0009
557.0014,813.0465,46.3150,62.0009
555.7036,813.8129,46.3150,62.0009
554.1503,809.5900,46.3150,62.0009
556.6403,806.5494,46.3310,61.9263
564.6036,805.9717,46.3310,61.9263
558.6545,799.9343,43.7687,62.7120
562.4467,796.2686,43.7687,62.7120
563.4527,795.1089,43.7687,62.7120
566.4164,792.8415,43.7687,62.7120
568.3976,791.8498,43.7687,62.7120
566.2438,791.7820,43.7681,62.7059
566.9016,790.1343,43.7661,62.6995
570.8069,791.3651,43.7661,62.6995
590.1011,782.1211,47.1354,60.1818
586.6011,789.8038,51.4222,57.4801
602.8759,787.8429,57.4775,56.4830
593.8903,779.0704,60.3375,59.3557
590.2637,777.0159,67.1110,61.4607
593.5944,781.5217,68.9379,62.9093
594.9318,784.9142,70.6003,62.6307
605.0953,784.2552,70.1409,62.2752
606.6065,782.5834,70.4498,63.0486
604.0396,781.8533,70.1175,62.4872
604.4269,782.6246,70.0350,63.3134
610.4045,782.3356,71.8070,62.5672
611.6392,782.1096,72.3472,64.2834
609.7798,779.3203,71.6959,67.2947
604.8767,779.1007,70.0117,66.8640
608.2534,777.4444,70.7799,66.8335
609.3607,775.3520,70.7638,65.7102
613.4698,775.0098,69.7867,68.1927
607.1387,781.7211,69.1242,71.4608
610.5300,783.1397,69.9619,70.3286
610.4234,783.6205,70.4404,67.9927
615.5122,783.6900,70.7433,67.9387
617.2676,784.1765,68.7729,72.7997
614.3686,785.8233,72.7089,76.3251
613.9321,789.7135,75.2548,81.0150
612.3334,784.9143,75.6456,76.9411
610.4644,784.7909,77.0587,81.9159
613.4535,785.9210,78.6262,87.3686
610.7526,781.0226,81.3266,91.9763
606.8101,772.3955,77.3466,95.3229
607.9774,771.9600,75.1801,96.6488
625.8531,765.2771,75.2141,97.1630
615.5639,756.1163,75.2141,97.1630
602.4508,773.0706,75.2141,97.1630
2
0
0
0
0
1
713.8818,727.9969,36.1736,44.4592
711.6146,727.4648,36.3244,46.4374
706.6994,722.9612,40.6415,54.4414
705.7965,715.2840,44.1439,59.5949
