1
334.3873,168.7245,28.8174,37.3274
334.3457,169.2513,28.5208,37.4672
333.6602,169.0592,29.6140,37.5969
335.8143,169.5571,29.0605,38.5866
334.3163,165.9010,29.4690,40.0552
332.4452,164.2412,29.4225,40.3422
330.7765,165.0990,29.6508,40.2165
328.1688,165.5793,29.8324,39.5394
327.7719,167.2562,29.6996,39.5353
328.6720,166.4644,30.0578,38.8970
330.0078,167.5281,29.9809,38.7237
331.0778,168.0653,29.4627,39.5858
330.4137,166.7321,29.2136,39.2539
330.3362,166.8788,29.4843,38.8838
330.3416,166.9169,29.3855,38.6560
328.5710,164.9029,28.8901,40.1415
327.4272,164.2059,28.9034,40.4108
326.3675,164.2889,29.1374,39.8758
325.1645,163.2721,30.1151,39.8957
324.4023,163.1444,30.5391,40.2434
325.5245,162.9886,30.9221,40.1356
327.6154,161.5682,31.2495,40.8954
330.3047,160.6606,31.8965,40.4466
329.6639,160.1269,31.9989,39.8055
326.6292,160.0675,31.7497,39.4230
324.7473,160.2977,30.6896,40.5016
327.6467,159.5929,28.8716,42.1052
327.5246,158.4758,29.2307,43.3896
327.0746,158.9138,29.3713,44.2554
326.0599,158.8193,29.6628,44.1290
325.6406,158.6481,30.3069,45.3433
327.3488,158.5492,30.4005,46.5422
329.4257,157.4281,29.5878,48.5719
330.1873,156.0972,29.9054,50.7996
331.0901,155.3176,30.0015,51.6639
330.4293,154.0604,30.1448,51.9793
330.9404,153.5531,29.6180,51.7331
330.8887,152.4458,29.2498,51.9409
330.0658,154.1829,29.8459,53.9520
328.1981,154.2980,30.6449,54.2192
329.7537,154.5129,30.1260,53.9497
330.5385,154.7368,30.6445,55.3559
331.7541,156.0101,30.6998,58.2154
331.5041,154.2616,31.7083,61.2800
330.0943,155.0590,33.0883,63.2414
328.3902,155.3943,33.8637,63.7722
327.1533,156.5876,33.7984,65.0630
329.1028,155.1140,30.3809,68.3973
327.9729,155.1196,30.1258,68.6847
326.0858,153.6960,32.0384,69.2369
329.9115,151.9459,31.8047,69.6800
331.6159,154.1108,30.9401,71.3859
333.4920,153.3849,32.4936,69.7332
334.7327,152.7579,33.9944,68.4373
336.1502,153.0194,32.2403,70.7929
336.4420,154.6519,33.7165,69.1754
335.9754,154.8517,35.4891,67.9807
335.2127,155.1060,36.6568,67.1860
333.8980,151.8354,37.5591,66.7416
331.6339,152.4399,38.7799,68.3567
331.4984,152.0678,39.3168,68.6290
330.8690,153.2829,39.3199,68.5934
328.5471,153.2273,38.9949,68.7143
326.0898,152.0233,38.8294,69.2578
325.1006,150.3250,39.6425,69.2289
322.3837,151.2464,40.7239,70.1779
319.9318,153.0938,40.6661,70.5764
318.7904,153.5857,40.2020,69.7149
318.9709,153.9958,40.5363,68.5302
317.8248,151.7008,40.7876,69.4130
316.4211,150.9580,41.2783,70.9982
316.8800,151.0740,41.4366,71.3860
317.5490,151.3889,41.2685,70.5084
318.9178,153.0862,42.5652,70.5440
318.1620,150.4215,43.5976,71.2539
317.2878,150.3150,43.5957,71.7184
317.9766,150.7853,43.8687,72.0742
317.8047,150.9597,43.6834,71.5788
318.4977,150.4950,44.3998,69.3152
318.7245,148.1747,44.8352,70.1380
317.8755,148.6656,45.7585,71.8524
318.5429,149.1894,46.2625,70.7552
320.5818,151.5542,46.8422,71.4820
322.7990,150.7793,46.8978,72.2388
323.4162,150.7484,47.3686,72.0088
322.5063,149.0591,48.1041,72.9231
321.5972,151.3698,47.4240,73.8536
321.1507,152.2222,47.3031,75.0005
323.7653,149.5968,47.4279,74.3373
326.6795,148.9862,47.6597,74.4661
328.1112,147.5754,48.4197,74.1371
327.1516,148.3459,49.1059,74.0166
329.1454,149.1557,48.4145,76.3764
331.1254,150.7313,47.4760,78.8325
333.7549,149.0890,46.7482,78.0331
334.0122,149.0624,46.5240,77.1182
333.8781,149.1566,46.2404,78.6477
334.1518,151.5891,46.3680,79.1263
335.0460,151.4720,47.8928,78.9413
336.3618,148.4595,48.4171,78.4546
336.3856,146.5702,47.7580,77.9249
333.1522,145.6817,47.7857,78.8606
334.4355,144.8295,47.6039,79.9840
333.7476,145.8227,48.1324,82.9617
335.0575,145.9829,46.6937,82.5099
335.7015,145.3269,47.8649,80.9062
334.7295,144.5233,48.7218,82.4888
335.1072,144.0726,48.9364,82.4405
338.4858,146.5972,48.4340,84.4916
340.9977,145.8508,48.3016,84.0513
341.8518,144.1763,47.7984,82.9631
342.4357,144.4863,48.5615,83.9222
341.6695,144.2330,49.7485,85.5306
343.9571,143.6530,50.8388,87.1208
348.9239,147.0979,50.4412,89.0513
353.7445,146.8111,50.1115,88.1530
356.0857,146.3625,50.7732,86.1824
357.2352,146.2527,51.2101,87.3143
356.6261,148.1746,52.4308,88.0697
355.6572,147.7179,51.3664,90.7203
355.6282,144.7073,51.1539,88.5595
356.5754,142.4979,53.0187,88.8259
355.7153,141.7351,53.4347,91.3082
354.9018,141.9282,55.0225,92.6874
355.5104,142.1694,55.7236,95.3790
354.5553,139.0397,54.7499,97.1809
354.4528,135.4910,53.1191,97.2949
354.6236,137.3214,52.9904,98.3228
355.2461,137.5962,52.7307,98.6216
356.9474,137.7577,54.2039,100.3389
357.2980,138.4519,55.3256,99.5951
358.3240,136.1651,56.4701,99.3304
361.1877,132.7890,54.6351,101.0466
361.4395,132.7148,55.4019,103.0926
364.8056,131.2854,54.8352,102.8913
366.7220,129.8888,53.5417,103.5878
366.7580,130.9525,56.3052,100.8898
366.9196,132.5899,57.5597,100.5003
366.4055,134.0662,60.4926,102.3823
365.1002,132.1860,62.4074,101.3894
367.7266,131.4505,61.9028,104.4314
369.9602,133.0693,62.9741,101.8726
370.3167,133.8455,66.6703,100.4643
370.6065,132.9212,69.1235,97.8214
374.3249,134.9208,70.0927,99.4204
376.9654,135.8081,70.8505,97.5434
378.9279,135.4305,71.2242,95.9584
381.3383,135.3233,72.5332,96.4074
381.5508,134.6854,73.9013,96.9661
383.3051,131.2664,73.1836,99.6549
387.2871,130.3226,70.6853,101.8886
388.1022,131.1802,67.9522,105.1783
389.9062,124.8709,66.0133,104.7080
391.2875,121.1663,63.6137,105.5645
391.9273,120.5334,62.3888,108.7659
389.0584,122.7364,63.7510,111.2201
387.7021,119.7870,66.2879,112.7259
385.3096,121.5609,66.8371,112.6799
384.2230,121.6733,66.6207,111.6525
382.6197,123.5248,67.4684,110.0510
382.9389,122.5850,69.6179,109.1432
384.1840,122.4676,70.2528,108.9417
386.0253,125.2895,70.5946,107.8007
386.3668,122.9588,69.8509,106.6679
386.1571,121.6376,72.9678,105.5904
386.1468,122.7832,75.7875,103.9121
388.2033,123.5345,77.3658,102.7709
394.6213,125.7837,81.3237,102.2192
396.2410,124.7497,81.0934,99.6936
395.2268,124.0525,81.5137,99.0773
397.6351,122.4991,81.7428,98.7360
398.4321,120.8392,82.4894,97.8788
398.2214,121.1401,84.3077,96.5060
398.4241,120.5888,87.3682,93.8152
399.4699,120.8228,88.2413,91.9203
396.3791,118.9360,92.4366,91.7008
390.9039,116.4472,93.2133,91.0496
391.1829,115.0100,96.1218,90.9490
390.8397,114.5876,98.6921,88.9335
391.5498,115.5449,101.4638,85.6789
387.9519,114.9802,101.2056,84.5264
383.8690,114.4496,100.4982,83.3786
383.4514,114.3632,96.4110,85.5696
379.5522,116.4318,92.5512,88.8690
377.8434,118.3618,89.3662,92.3527
2
0
0
0
0
1
461.6312,163.2224,31.5699,75.7729
458.3828,163.8141,34.3293,75.2614
456.2604,163.3340,35.5939,73.7751
452.7329,162.7570,35.0678,72.0613
450.8399,161.6944,34.0097,70.2982
451.1142,161.3137,33.1690,68.9041
452.1667,160.9282,33.7512,66.0414
450.5495,163.1089,35.1818,66.8907
451.0912,162.2439,34.5162,66.4045
451.7298,161.0895,34.3070,66.4977
451.9914,161.5264,34.1408,65.9333
450.5096,160.1766,33.5744,66.3634
450.2179,160.5482,34.5668,67.3409
451.5117,158.7217,35.5727,65.4902
451.6646,157.9559,35.4306,64.4944
450.8048,156.5457,34.5914,63.8603
449.4379,155.4343,34.3925,62.5168
448.5323,153.6648,34.0309,62.7385
445.8722,154.5066,34.7627,64.7912
443.9000,154.2985,35.2755,64.7456
444.3928,153.8815,34.6982,63.6440
442.3182,155.6355,34.3508,61.8961
441.1093,157.6016,36.1862,63.0254
442.1778,153.6540,35.5354,63.3057
442.8531,152.9094,36.1363,63.1234
443.4926,153.0960,36.4984,62.7344
444.9417,152.3268,36.3389,62.9662
442.5529,152.8990,36.2306,61.0868
442.0725,153.6978,36.7410,62.1070
442.9860,151.2744,37.3052,62.8660
443.7124,150.6941,38.0800,63.8155
445.3235,149.5763,38.5036,64.8889
445.7339,148.7337,38.6855,64.3797
444.3404,150.2372,38.1068,63.1556
445.5961,149.8744,38.6637,63.7822
446.1850,149.7110,39.4701,65.6063
448.8099,145.2938,40.3518,66.1031
452.5374,145.1247,41.2752,67.0302
453.0813,145.5691,40.9881,68.5691
450.1681,146.0623,40.0469,69.8320
449.5315,144.5511,40.3451,69.7609
449.8369,144.2831,41.4409,71.0382
453.5860,143.0511,42.3250,72.4007
459.2058,142.7844,42.6856,72.5346
463.7546,145.5129,43.4231,73.2124
469.4840,146.4930,41.9512,74.3373
475.4357,142.4110,41.4485,75.9489
485.9591,134.4404,43.2712,77.3617
492.2238,131.0600,43.4114,75.7882
496.5585,129.9308,43.4961,74.8537
501.2753,128.7326,43.8421,75.2053
508.1143,130.0352,43.7859,75.7732
512.1243,128.6035,43.4131,78.2111
515.6744,126.3186,42.7942,78.1712
519.6803,123.0028,42.9762,78.0959
524.7968,121.8777,41.9708,77.2106
525.8291,123.5787,42.0528,76.0668
527.4191,123.9261,41.4880,76.1480
528.1995,121.5070,41.7583,75.6426
527.9322,118.8196,40.6423,75.4238
528.8827,120.8314,40.8115,73.7534
529.5648,119.2194,40.4537,74.4355
527.9280,119.5198,40.8534,74.7077
524.5367,121.1314,40.9164,75.7091
522.4403,120.4789,40.5200,75.2123
518.8774,117.9035,40.3613,73.7323
516.2738,117.6799,40.7204,73.0755
515.3521,116.4961,41.0924,73.2183
511.7495,117.4595,41.4203,73.3385
510.3255,116.9573,41.5737,72.6688
507.6594,116.0400,41.3331,71.4311
506.8207,114.1968,41.7989,71.1147
507.7350,113.3682,42.0841,70.9031
507.2171,114.3854,42.1311,70.0794
502.2148,113.9039,42.0583,72.7608
497.7260,111.8027,41.5519,73.5527
495.1068,110.5438,40.7952,73.5564
492.5274,108.5302,40.5396,72.1346
490.3741,104.0156,41.2932,71.9755
487.4990,102.2472,41.7842,72.6531
485.3857,101.5464,41.3876,73.8193
482.8233,99.5794,41.0905,72.7136
481.2615,99.0104,40.3657,71.4056
480.9189,95.8294,40.4490,71.2180
482.5482,92.5265,41.1394,72.5652
483.4824,89.8413,41.4283,73.0888
482.1025,89.1152,41.4915,73.8607
479.4034,90.5010,41.4122,75.1029
479.1790,91.4610,40.7090,74.8598
478.8678,88.8790,39.9715,74.2784
479.5959,87.6356,39.7772,72.2959
481.1169,86.5298,39.7778,72.5513
481.8330,85.3960,40.2070,73.1854
483.1238,85.7562,39.7715,73.7626
484.9931,84.0801,39.4610,73.5224
485.8390,84.0282,39.6681,72.4976
487.2452,84.0242,40.2190,72.2193
489.9704,82.4087,40.8371,74.2844
490.7004,79.7235,40.7979,74.3739
489.9272,78.8418,41.4645,74.7325
486.9340,81.5740,42.1259,76.0682
482.6393,83.1335,41.3793,76.2138
482.1136,82.1572,41.0690,75.2213
480.9548,83.0300,40.9754,74.6058
482.3544,82.9936,41.2971,75.1710
480.1690,84.1984,41.2375,74.9266
477.2940,85.6852,40.3815,75.0483
474.8445,86.8921,40.3260,75.6861
470.8477,83.8559,40.6484,74.5099
465.9614,83.7025,40.8645,74.4014
464.1268,82.0291,41.3698,75.1757
462.3774,82.5041,40.0932,73.0099
459.0042,84.8636,39.3963,72.9218
454.2893,88.4740,39.2810,73.5601
449.7720,90.8884,39.2523,74.5681
444.1122,91.3869,39.8417,75.2907
438.2115,90.5263,39.3934,74.5598
436.3409,91.8059,39.3261,73.9734
434.9290,92.3902,39.4910,73.4735
433.3488,94.1635,40.0705,74.0952
431.0987,95.8041,39.2310,73.3099
429.9231,96.0286,39.6656,73.6180
429.2590,94.7325,40.0355,73.6611
428.7791,93.0013,38.9122,72.3112
427.8228,92.7588,38.9340,71.7275
426.9574,95.4389,38.5634,71.9604
426.9009,96.1543,38.4249,71.8229
424.8958,97.8127,38.1166,71.3546
422.8412,98.2376,38.0556,72.2817
422.7178,98.0954,37.7524,71.7683
422.2573,99.6470,37.6336,71.8958
423.6389,100.1371,37.5972,72.5159
424.1838,101.2042,37.6891,72.5985
422.4648,97.7027,38.0455,72.3033
422.1135,97.5675,39.2314,72.1677
420.1202,93.9308,39.7307,70.2759
420.0829,92.2588,38.4367,68.9551
418.8605,94.6161,39.0237,70.3648
417.0598,97.1993,38.5533,71.3424
412.3230,95.6747,38.1991,70.2830
409.6747,93.8717,37.7436,69.6177
407.8841,92.4229,37.0418,69.5386
407.0106,96.4635,36.5779,70.3909
405.0602,97.5549,36.3661,72.1593
403.2887,96.6418,37.2169,71.9816
401.3734,97.4331,38.1140,70.8530
398.8089,90.3170,35.2726,70.5474
396.2415,90.5822,36.0252,68.7175
392.6443,93.9114,35.9118,69.1639
390.6867,94.5486,35.7362,68.0982
388.8999,94.1858,35.7104,66.5319
387.0165,93.3058,35.1249,65.1932
381.7487,94.0618,35.1681,64.5848
377.6102,94.9529,34.9822,64.4443
375.5194,94.5169,34.7242,65.3876
371.3681,92.1266,34.6060,66.0702
371.7851,91.3267,33.8363,65.5336
371.6530,91.7561,33.0426,64.7507
