1
183.7324,22.3028,48.9727,37.5795
183.1428,23.5606,49.1789,37.2054
182.6905,24.2114,49.7404,36.9115
182.0956,26.8610,49.6100,36.3275
181.3030,28.9067,50.0715,35.7092
180.1863,30.1100,50.1688,35.0823
178.6255,32.0242,50.5072,35.0371
178.3219,32.9734,50.8171,35.1498
177.5829,34.6856,51.4857,35.1867
176.6647,37.1341,52.7305,35.2959
175.3972,39.0466,53.5350,35.9035
176.1168,39.8969,53.7915,36.3921
174.3498,40.8832,54.0659,36.5613
174.0147,41.9037,53.9461,36.5217
174.5813,43.0910,53.9503,36.2316
175.1856,44.6266,53.7671,36.6254
175.3107,45.0800,53.5632,36.8545
175.3851,46.5357,53.7277,36.9124
174.7668,47.4222,53.8436,37.1592
173.8768,48.3241,53.1388,37.2642
174.9051,49.5210,53.1860,37.1572
174.2097,51.1779,52.3851,37.0217
175.1108,52.4590,53.1295,36.8021
175.1113,53.8970,53.7368,36.5609
174.3935,55.5168,54.0663,36.5065
174.3275,54.9946,54.3587,36.7696
174.5901,57.0094,54.8477,36.7936
174.4710,58.1549,55.5977,36.6444
174.2114,60.3260,56.1449,36.9109
174.0084,59.5888,56.8866,36.8025
173.1405,59.6759,57.2000,37.0780
172.6160,59.6871,57.2274,37.3023
172.8398,59.8239,57.5680,37.4551
171.9984,59.6728,57.4390,37.7045
170.8195,59.0786,56.6654,37.2003
171.1557,59.0804,55.8942,37.0248
172.8828,59.7234,56.1975,36.9070
172.8708,58.6371,56.0064,36.5633
174.3914,58.4628,56.7043,36.4210
173.8055,58.6464,56.1310,36.2136
173.5590,59.3621,55.6163,36.4657
174.7435,59.2606,55.3296,36.4924
175.6068,58.8782,55.1558,36.5095
176.9185,59.2857,54.8128,36.5918
177.1804,59.3860,54.9321,36.4204
178.7753,60.1141,54.7971,36.5635
180.3697,59.4703,54.4934,36.9249
181.3729,59.6461,54.2962,37.4268
183.4501,59.1883,54.2815,37.8641
183.3381,58.5052,54.2700,38.1283
183.6644,58.3502,54.1001,38.3712
184.5565,58.1875,53.6988,38.7516
185.4549,57.6112,53.1660,38.3373
186.0609,56.8665,52.3895,38.2350
187.0793,56.0978,50.8020,38.0020
189.1939,54.8901,49.4552,37.7323
192.6725,54.4358,48.5949,37.3559
194.0451,54.2341,47.8749,37.0116
195.9394,53.9983,47.7783,36.2234
197.0289,53.0659,47.1182,35.8881
198.3897,52.3159,46.7494,35.6278
199.7213,51.3199,46.0324,35.4399
200.5782,50.9378,45.3022,35.2855
201.4313,50.6590,44.4711,35.3213
201.1885,50.3273,43.7205,35.1328
200.6733,51.0620,42.6609,35.0485
201.6833,50.8008,41.7123,34.9466
201.4510,50.6551,41.0314,34.8430
202.4497,50.4024,40.3797,34.7480
203.9060,50.6374,40.0616,34.3644
203.7089,50.9541,37.1909,37.0570
205.4573,49.5298,34.9786,38.6665
206.8012,49.1575,33.4493,39.8069
208.2395,48.5571,32.5153,40.7433
208.6087,48.3159,32.2646,41.1380
209.5008,48.2429,32.5092,41.1998
209.9277,49.2611,32.7651,41.1270
211.2527,49.5136,32.7841,41.0954
211.3429,48.9359,32.8306,40.8338
212.5683,48.9449,32.9816,40.5522
214.5555,49.2299,33.0354,40.7740
215.5392,48.6386,32.9656,41.0511
214.9342,49.0914,33.0081,41.1989
216.8548,48.1279,32.9892,41.0401
219.3498,47.4665,33.2002,40.6495
220.8296,46.9083,33.1563,40.5994
223.2717,47.1639,33.2286,40.3228
223.7617,46.8336,33.2707,39.7661
224.2792,47.1698,32.7041,39.9198
224.9284,46.8225,32.0176,40.1015
224.7004,46.5105,31.7423,40.3203
224.1269,46.9039,32.0382,40.3383
224.5515,46.6744,32.1777,40.4246
224.3090,44.6804,32.3434,40.7862
224.9187,43.9408,32.5310,40.8945
224.6317,42.8183,32.9538,40.9905
223.8532,41.6461,33.1290,41.6046
222.9933,40.1703,33.4668,42.2620
221.8485,38.4633,33.7428,42.9308
222.2684,37.1619,34.1620,43.3720
219.9165,36.5208,34.3606,43.4098
220.1932,34.1110,34.6065,43.8873
219.7187,32.6569,34.5462,43.8199
218.4349,31.0617,33.8332,43.9514
217.0403,28.4177,33.8340,43.2961
216.5914,26.9834,33.7486,42.7782
215.5536,25.6661,33.8089,43.1199
214.1004,24.6292,33.8848,43.2425
215.3318,24.1714,33.9884,42.9407
214.1628,22.9494,34.2592,42.4195
213.8591,21.6704,34.3789,42.2821
214.3075,19.7499,34.3338,42.5263
214.1117,18.3601,33.8863,43.0771
214.2547,17.5763,33.7298,43.3451
213.8219,16.8981,33.6847,43.5224
213.7240,16.2080,33.6205,43.6751
214.4850,14.7492,33.1264,43.8246
214.6866,12.4457,32.0602,44.7204
213.6417,11.0000,30.3845,45.8525
213.1431,9.4019,28.5833,46.5367
213.1877,5.6390,27.2767,46.4723
212.9916,5.5269,26.0930,46.3508
213.5422,4.6133,24.7739,46.1769
213.8237,5.0659,23.9838,45.6022
214.9874,3.9860,23.2437,44.7887
216.9286,4.0841,22.5810,43.8348
217.9811,2.0499,21.9610,43.5851
222.9195,4.0554,21.5948,42.7823
223.7053,4.7451,20.9837,42.4841
224.1918,5.0262,20.1466,42.4139
225.6599,6.2236,18.9058,42.6481
227.5249,7.0427,18.1430,42.4681
229.1755,5.0854,17.3964,43.0739
231.0760,4.9412,16.4670,43.7157
232.2957,7.8976,15.7115,44.4405
233.9805,11.9993,15.1335,45.1974
235.0638,10.6082,14.9318,45.7923
236.2827,12.6284,14.6685,46.9199
237.9141,16.6190,14.1920,47.7780
239.3814,18.9458,13.7677,48.2781
240.8091,21.3881,13.6167,48.1887
242.5324,21.4294,13.7475,48.0283
243.3505,22.0664,13.7000,48.3733
244.5864,33.9304,14.2638,48.2144
245.0239,43.0858,14.4245,48.2692
245.9419,45.9472,14.8472,48.1596
246.7643,45.6565,14.8815,48.0308
247.1792,57.5170,15.3751,47.6437
245.4568,67.7436,16.0597,47.5555
242.9975,73.6225,15.8082,48.1514
243.4609,75.0948,15.8365,48.2056
244.3145,75.7811,15.9831,47.6776
243.9791,75.9913,17.0307,45.4404
243.2184,76.9315,17.3173,44.4021
242.7440,83.6494,16.8505,45.4167
242.5925,83.2755,16.6701,45.7428
245.9726,92.6467,16.6392,45.9310
246.1354,94.9997,16.4822,46.5332
246.5868,96.1041,16.4397,46.9548
246.7481,97.0910,16.3650,47.1390
246.5164,103.0911,16.1422,47.7129
245.8520,105.0593,15.8505,47.8457
245.4701,109.8496,15.6206,48.0784
244.6001,112.8010,15.4168,48.6900
243.3808,117.1721,15.4522,49.4661
242.3027,120.7063,15.5797,49.9259
240.8918,127.9907,15.8688,49.8688
239.3514,131.1347,15.9560,49.8657
238.1544,132.3824,15.9514,50.4929
236.3354,134.9310,15.9583,51.2960
234.7827,137.1157,16.2259,51.3598
233.1673,138.6481,16.5267,51.8032
231.1329,139.9160,17.0402,51.3959
228.6683,142.8468,17.7557,50.8970
226.4602,143.2751,18.8115,50.6540
224.1400,143.2858,20.1282,50.5459
221.8323,144.6031,21.4859,50.1049
220.5523,146.6850,22.5716,50.1188
219.6185,148.6758,23.6348,49.8759
218.5387,151.6129,24.5025,49.9804
218.1722,152.8513,25.1950,50.5902
217.5111,154.4336,25.6155,51.1880
215.8019,157.4568,26.0668,51.1684
214.7894,160.5151,26.6895,51.3445
213.1789,163.3024,27.4883,51.7453
211.3937,166.3319,28.3733,51.9029
209.9032,168.0942,29.1524,52.3654
207.4739,170.3819,32.4231,51.3886
205.5286,173.1840,35.6182,50.7291
202.4689,175.2331,38.6087,50.6611
202.1731,177.9602,41.0151,50.2994
199.4665,179.4170,42.9835,50.7614
199.2885,180.2690,44.5797,51.2537
196.8261,179.7854,46.1468,51.8322
195.7893,178.9315,47.1601,52.7931
194.3777,179.5486,48.0386,53.3594
191.7549,179.5304,48.7019,54.3449
190.4486,179.1888,49.8726,55.4051
186.7779,180.3678,50.8430,56.3797
183.9732,180.3992,52.2835,57.2054
182.7948,180.4261,53.2452,58.4491
178.0886,180.7830,54.4397,59.5145
176.5883,181.0348,55.5979,61.1326
173.2143,182.2980,56.6259,62.0709
169.2407,184.0462,57.6810,63.5741
166.9948,183.8777,58.6391,64.3875
162.0734,186.5834,59.0010,65.2753
159.2660,186.9621,59.6838,65.4595
156.8666,188.6121,59.8040,66.4091
154.8748,190.8659,59.9257,67.2707
153.0755,192.3503,60.1137,67.5218
151.0086,192.8636,60.4620,67.6659
151.1234,194.5664,60.2719,67.6840
147.9618,197.4667,64.8050,62.5070
144.2694,200.5259,67.7700,59.8857
140.5186,202.8607,70.0198,58.5010
137.2401,205.2791,71.7514,57.8202
134.7981,206.9209,72.5422,57.4761
132.8579,207.1307,72.6475,57.5863
130.1616,207.7927,73.0082,57.8972
128.1668,208.4381,73.6875,57.9751
126.7772,208.6043,74.7230,58.1593
126.5172,208.9078,75.0552,58.7883
124.9640,210.6306,75.3706,59.8041
124.8301,210.3213,75.8396,60.3420
124.2895,210.7664,76.4129,61.4148
125.3753,211.3099,77.1159,61.8813
123.9433,212.2486,78.4656,62.2332
120.4513,213.4340,79.4823,62.4515
116.6572,217.7108,80.1064,63.0088
112.8302,219.8347,80.4609,63.1955
108.9436,221.8470,80.7587,63.1742
108.6391,222.3652,79.8368,63.1536
105.2055,222.1212,79.6005,62.8795
102.8093,222.1441,78.7349,62.6586
102.2448,222.6783,78.5492,62.4052
100.4896,221.1595,77.7372,62.8190
101.7803,219.2979,76.9094,62.9743
100.7208,219.1758,75.1290,62.8002
99.7459,218.2055,74.2066,62.7074
100.0048,218.6941,73.5984,63.1586
96.6192,218.8570,74.3439,62.8566
96.5148,219.0339,73.8577,63.4716
96.6165,216.1447,73.0580,63.3230
96.0293,213.8051,71.9698,63.1398
94.3333,215.0462,71.3558,62.7588
96.0759,211.6733,69.6508,62.9874
93.1142,212.4701,69.1964,62.3078
91.3757,212.7201,67.4961,61.5037
89.3014,212.6454,67.0176,60.5481
88.0552,210.6711,68.0923,60.3374
84.8037,210.8013,67.8710,60.1453
79.9169,210.5860,67.5613,60.0198
78.0234,211.0623,66.6601,59.7641
76.6467,212.8331,66.2764,59.2208
74.8062,213.2859,64.7198,58.6489
72.1857,213.5231,63.2037,58.3306
69.1928,214.7959,61.5763,57.7417
66.9910,215.8726,59.8134,56.7218
68.4623,215.9382,58.5674,55.7326
73.5798,213.7761,56.8680,56.2405
78.8742,214.0734,55.5022,56.6037
76.5259,214.4759,53.8263,57.2634
77.8127,218.8869,52.4258,57.3783
85.9900,219.1520,51.7335,56.3029
89.8599,221.0665,50.6538,55.9902
93.3906,218.3727,49.9286,55.7108
101.6582,215.3406,48.7599,56.0980
102.7753,217.2019,47.2200,56.2478
110.5567,218.1367,46.4723,55.9928
107.7736,215.7793,46.1203,55.6881
101.9137,217.0384,48.6631,54.0835
94.3108,227.1823,49.8481,51.9604
93.6486,230.5150,49.2305,49.8355
2
0
0
0
0
1
173.7340,234.2124,39.1540,32.2852
173.3164,232.7833,39.7809,32.5791
172.5939,229.3856,39.8276,33.4371
172.0918,226.4588,40.5790,33.9872
170.3568,225.1557,41.1938,34.1814
170.4385,222.3154,41.7838,34.6884
169.6708,221.3356,43.1675,35.3247
170.0067,220.3816,44.5264,35.9467
173.6621,218.6795,44.1932,36.8192
176.9284,216.8579,43.7146,37.5748
178.0965,219.6616,43.1646,38.1304
180.5768,217.4689,42.6079,38.8043
178.8053,216.7837,43.0560,38.9381
183.0769,219.5971,42.3574,39.2214
187.9043,218.4432,41.4740,39.8186
187.2905,217.8317,41.9956,39.5512
190.8006,216.5193,41.3724,39.7188
194.3055,216.0470,40.4854,39.6477
195.0027,215.7426,40.1636,38.9488
198.8657,216.3346,39.4787,38.4750
202.9948,215.8380,38.6636,38.1521
201.2655,219.4634,39.0782,37.2034
203.7117,219.0199,38.8675,36.6206
205.9578,218.8200,38.8148,36.1933
211.1669,219.3174,37.8237,36.0669
212.7610,220.0947,37.9376,36.0378
216.8067,219.3227,37.6063,35.7858
217.3950,218.4837,38.2004,35.7247
221.0154,218.7373,38.2627,35.2756
224.4769,212.7770,37.4968,35.5568
226.4316,208.9859,37.1348,35.9963
227.3564,208.0378,37.6270,35.9095
229.0805,206.1601,38.0176,36.2578
231.2816,204.2091,38.4527,36.9037
235.3799,201.6332,38.1689,37.5224
238.5324,200.4218,37.9481,37.7874
237.5071,199.2896,37.6894,37.9611
241.3407,197.4413,37.4626,38.1494
246.1686,196.1219,37.1383,38.5027
250.4465,196.0167,37.3397,38.5139
254.0051,199.2494,37.2281,38.0753
258.7436,197.7277,37.4664,37.9275
260.7384,197.8041,38.6645,37.0048
264.9306,196.5547,38.7217,35.9880
269.8684,194.5403,38.4433,35.9369
270.7422,198.5516,38.7522,35.3133
272.9552,198.1754,39.2801,34.6314
277.9637,196.9823,39.8044,34.2793
280.8490,194.4979,39.9385,34.7834
283.3949,191.7321,39.8171,35.3139
292.0232,188.5325,39.3660,35.2488
294.9569,185.0365,39.0382,35.4208
299.9055,182.2301,38.4769,35.6594
305.9612,179.1270,37.4633,36.2134
311.8627,175.9745,37.2074,36.3389
314.1001,174.5195,36.9824,36.4864
320.9500,173.6703,37.7046,36.1924
326.9422,170.4807,38.1230,36.5220
332.5186,165.7130,38.3941,36.5601
343.2012,159.7811,39.0931,36.0127
353.2358,153.9653,40.1531,35.6608
360.3476,152.6417,40.5819,35.4377
366.2650,151.4080,40.2667,35.3870
369.8678,150.1490,40.4140,35.5294
375.0551,148.9156,40.7617,35.6582
378.7159,147.5385,40.8944,36.0835
387.4062,140.5355,40.3659,36.8636
388.9132,141.1624,40.2177,36.8704
389.7484,142.5335,39.8957,36.9477
397.0616,141.4728,39.6755,37.1876
397.0151,141.8995,39.5285,37.0631
397.4993,142.5766,39.7133,36.6653
399.2792,142.7443,39.4497,36.7795
400.2178,141.2249,39.0647,36.7619
402.2357,140.4460,38.3385,36.6095
403.0233,140.1152,37.6486,36.2665
403.5123,139.1675,37.4308,35.6419
404.3679,137.1085,36.6988,35.2198
404.5625,136.0863,36.0096,35.1510
404.7943,135.4835,35.3228,35.1760
404.0185,134.4429,34.9514,34.9320
403.5841,134.0702,34.5973,34.5956
403.3666,134.1298,34.0325,34.1471
402.2802,133.2357,33.4544,33.7209
401.8353,132.1239,33.2606,33.3013
