1
189.3517,348.5444,49.7272,106.2362
198.8448,353.3363,47.3092,108.4015
203.5208,356.5910,46.5573,112.2618
210.0775,360.2867,46.2749,115.3246
221.1057,359.4749,45.4667,118.4243
232.9754,360.0014,46.0865,118.0154
245.4259,360.8141,47.3743,119.1560
256.3991,363.5050,47.2830,119.7689
263.1934,367.8004,47.9257,120.7908
279.5414,361.9645,49.9280,121.5851
295.8292,358.0330,50.3094,123.8008
311.5387,358.9822,52.6102,122.0038
326.6663,362.5575,55.1112,117.9323
342.6919,360.2749,54.7426,118.7345
359.2716,360.8683,55.0527,118.9005
374.9960,364.1812,56.8553,119.2924
392.7406,376.2894,56.2076,120.5042
407.9421,388.1753,55.7090,122.8308
421.4426,398.7090,57.2243,122.9757
430.1190,402.3044,73.3316,108.9304
438.2754,399.1249,92.7305,93.1911
447.7143,404.2400,107.7252,84.3618
469.8522,409.6777,109.6865,87.2266
448.2798,391.3907,99.3309,99.1869
451.0548,381.1333,103.6527,96.3410
486.4511,397.7527,106.0780,97.0196
502.1618,400.3661,98.8359,103.6030
513.3825,402.2395,92.0686,109.6308
514.4494,410.2688,88.7757,114.8586
498.3770,416.6397,85.1374,116.3666
491.9167,407.4795,90.9454,108.7813
490.0558,402.7208,87.9753,109.4197
493.1833,383.5901,92.1755,103.7941
571.4003,368.8804,93.2021,102.2551
589.4092,385.1818,93.6341,101.0540
616.6966,387.0640,91.6200,102.5202
623.3917,360.5936,81.2589,118.1224
613.2598,397.5885,72.5120,132.9894
604.7272,405.0713,63.8733,145.8731
2
0
0
0
0
1
618.4974,170.7921,123.1974,150.2878
617.5583,139.0171,121.3973,153.1115
655.9411,119.6058,106.0457,174.2094
671.5040,128.8012,106.4948,176.3857
577.6509,250.8727,113.1997,167.0264
556.1401,244.2648,121.7600,154.2871
528.0529,222.5112,124.5392,147.6705
503.2281,195.0858,142.4663,130.8167
520.3792,182.5180,145.6088,127.5750
526.5880,157.4258,147.6346,130.0412
534.8603,127.8621,146.3271,128.6232
557.0642,113.0199,141.5693,129.7679
598.9388,184.2004,130.9944,141.6208
605.1302,186.5038,131.4208,141.4815
619.9540,196.6773,132.5613,141.1487
626.8309,214.1128,131.4935,141.2986
607.6658,224.9126,137.8723,135.5651
610.4039,232.3251,141.5058,131.3574
618.1736,246.8544,140.4810,130.5798
627.0370,247.3144,133.1612,136.9283
629.5870,262.0379,133.2916,137.5757
654.9704,276.5151,132.5133,135.7159
629.6935,320.0847,120.9116,144.9352
631.8594,334.3848,112.9888,153.1246
712.3124,316.4146,128.2441,140.0086
751.2982,401.3064,129.2824,139.1423
744.7859,419.9818,126.5388,143.2940
757.7839,440.5240,119.1299,149.6682
756.7204,457.5975,106.9271,166.2198
758.0159,416.3736,103.6558,166.0298
741.2888,493.3781,102.0226,165.4301
749.3073,505.1150,99.2311,164.0116
748.9516,500.6896,97.3660,163.4010
753.2615,495.8820,94.0334,163.4088
763.1510,489.9383,90.5368,165.4094
713.5149,408.3741,91.7075,162.9684
728.6165,405.2528,95.9516,156.1021
733.7778,403.0865,94.2382,155.5407
736.2818,398.9730,92.4411,157.2334
723.6548,362.0260,88.4961,163.2593
725.3801,353.1816,84.6908,170.9849
729.8006,350.7549,82.4409,176.0205
733.8988,344.4944,81.3513,179.0520
738.5875,343.2022,79.8186,182.6634
741.6288,356.0518,78.2234,185.0991
755.6107,399.6089,76.8000,186.6323
755.6054,397.4827,73.5951,190.9051
755.5484,391.5566,73.9500,189.8291
757.1171,391.7601,72.0398,191.8798
759.5020,389.9275,70.0907,195.8413
760.8530,384.9731,68.3392,198.6239
761.6213,385.6806,67.1080,200.0134
761.0847,391.8381,65.5892,201.1419
708.5693,362.8354,64.9641,202.5966
704.2751,355.9899,65.2937,201.5303
701.2767,360.9059,66.2807,199.9257
2
0
0
0
0
1
767.2943,309.1451,74.8422,323.8020
761.7740,317.2028,80.8769,316.3424
760.6827,316.3898,83.2972,313.0108
759.0228,312.2623,84.1679,312.9254
755.2393,313.7098,86.2662,311.2295
752.2449,311.9554,87.1316,309.5551
747.5635,310.7987,88.5908,307.7612
747.6771,308.0184,89.7946,306.0288
745.8269,312.7464,91.1469,301.0276
745.9377,311.3566,89.9584,302.1525
