1
275.4209,66.8524,21.1943,63.8705
276.4080,66.7864,21.3079,63.9644
276.7997,67.3249,21.2198,63.8475
277.2421,68.1663,21.1343,64.5985
274.8580,69.0939,21.1570,64.2033
274.6921,68.6253,20.9294,64.2473
275.0500,66.7329,20.6271,63.9566
274.6181,66.4567,21.2372,64.4954
274.7622,66.9502,21.9490,64.4466
276.2442,66.9847,21.6904,64.5258
275.8909,67.8298,21.9662,65.1703
276.7514,67.7494,21.9478,65.9007
276.3636,65.0418,21.8599,65.9788
277.0108,65.1775,21.6511,65.1122
276.9134,66.4990,21.7086,64.0533
277.0714,66.5791,21.7309,64.0700
275.0177,67.4071,21.6531,63.8574
274.1972,67.9463,21.8048,64.0177
274.0217,67.1034,21.9020,64.1125
274.4115,66.4619,21.8799,64.4124
274.6481,67.1145,21.8684,64.2207
276.4391,67.8024,21.9935,63.8983
277.0095,67.4284,21.7066,63.9347
276.9899,66.7626,21.9680,64.9770
277.1172,64.0370,21.9053,64.4672
276.9805,64.2639,21.6442,64.1767
277.2518,65.5391,21.9218,63.8587
276.8125,64.6881,21.8585,64.0409
276.2065,65.9092,21.7062,64.4636
275.4815,66.0777,21.7435,64.8756
275.2342,64.1196,21.5317,65.0955
274.9500,62.1246,22.1234,65.2211
275.1265,64.0437,21.9068,65.3203
276.7720,64.2075,21.4490,65.1243
277.6049,65.0307,21.7345,65.6314
276.9384,64.5322,21.5950,66.4305
277.1866,62.6145,21.5248,66.2540
277.4225,62.0208,21.4509,65.6291
276.6379,63.6453,21.4790,65.8134
276.9548,62.8202,21.5171,65.2770
276.9617,64.8657,21.3086,65.5539
275.6490,64.3215,21.5558,66.3443
275.3200,62.8460,21.3423,66.7576
274.2767,62.1820,21.6716,65.9009
274.6888,63.0576,22.0556,64.9466
276.0323,64.5507,22.1146,65.0056
275.7659,66.4826,22.4758,65.2501
276.0425,65.3140,22.3986,66.1682
275.7510,62.6206,22.1789,66.0337
276.9327,63.2728,21.5031,64.7856
276.8053,64.2558,21.7235,64.4804
276.5962,63.8320,21.9001,64.2097
276.0339,65.0790,21.7992,65.2567
274.2609,64.0236,21.9907,66.5711
274.2780,62.2047,22.2333,65.6072
273.5430,63.7772,23.3491,65.1874
273.3229,63.0984,23.5400,64.2601
274.5143,64.6483,23.4358,64.3783
274.5951,65.7632,23.7160,65.2530
274.7885,65.0002,23.2197,66.7456
274.1646,62.5660,22.5313,67.7539
275.4002,62.6313,22.2704,65.9736
275.0858,63.9034,22.2240,65.5181
274.5545,64.1494,22.1589,65.5528
273.4628,65.9437,22.4938,66.6857
272.2278,65.3321,22.6113,68.2107
272.1775,63.2145,23.5218,67.2858
271.4802,64.0862,24.4723,65.9872
271.7778,63.1353,24.1009,65.3112
273.2977,65.7461,23.7362,65.3422
272.9084,66.2858,23.3332,67.9165
272.4172,64.1312,22.8725,70.0456
272.3057,62.8752,22.6795,70.8965
272.4690,62.2259,22.1712,70.3058
272.2773,63.5213,22.2956,71.5217
271.7293,64.8521,22.7540,73.7879
269.8783,63.1912,23.5914,74.5848
269.1227,62.9363,24.0316,74.7073
268.5165,61.0770,24.3235,74.3463
268.2214,59.7300,25.0663,72.0984
267.7766,61.9317,25.7176,70.8450
268.1102,63.8376,26.3982,71.8125
268.0283,63.4938,25.8055,73.5612
267.1182,60.4247,25.1425,74.4946
267.6879,60.3550,24.9727,73.3739
267.1885,60.0557,24.8174,73.6029
266.8271,62.3721,24.9752,73.9410
265.8084,62.9360,25.9883,76.0228
264.2681,64.0173,26.4282,78.5855
263.3976,62.7752,26.7505,80.6381
261.6633,61.8034,27.8957,81.2479
261.1014,62.9637,29.2207,82.8825
262.1692,65.0348,30.3139,84.2154
263.3869,67.8218,30.7280,85.6225
262.1864,69.1702,31.0566,85.9710
262.0554,69.5857,31.1721,84.9033
262.9794,70.6370,31.1620,83.4945
263.6342,72.6193,31.3600,83.2145
263.9166,73.8542,31.4015,82.6429
263.5740,74.4801,32.0838,82.1592
262.4089,74.0452,32.8613,81.6525
260.7180,72.2407,32.9293,80.3701
259.8307,70.9072,33.1114,78.6300
260.6412,72.5435,33.2397,78.6415
261.0320,73.0459,33.0629,78.5756
260.6703,72.5562,32.6293,79.6155
259.9325,71.5016,32.1486,80.2205
259.8282,69.7387,31.7661,80.8326
259.9232,68.5618,31.0206,81.6735
259.8656,68.2391,31.1734,82.8223
259.1784,69.5698,31.8305,82.8704
258.2866,68.9055,32.2133,83.5357
259.5168,67.8758,31.9668,83.2909
260.0959,68.1896,31.6413,82.8854
260.0732,68.8614,31.4888,83.1012
261.6282,69.4404,31.3626,82.2477
261.7288,70.6767,31.9861,81.1174
262.6656,68.5743,31.7001,81.2142
262.9594,67.8589,31.5630,81.8187
264.4813,65.7771,31.0946,81.9519
267.5876,67.2428,31.4086,83.4502
268.8362,68.4929,31.7918,84.2963
268.6310,69.2511,32.7860,84.3289
269.2820,67.8882,32.9665,84.8902
270.6388,66.6741,33.0839,85.1133
271.4685,65.5885,32.6236,85.8095
271.9166,65.4078,32.4954,85.6341
272.4689,66.9764,32.2589,85.0438
272.9272,68.0201,32.8072,83.8939
272.9242,67.9464,32.5243,83.6524
273.8940,67.9395,32.6518,83.7282
274.0578,67.7632,32.8940,84.1312
275.2294,67.0439,32.6687,85.1500
275.6651,69.9642,32.8258,85.0149
274.8622,69.6626,33.6477,84.7200
273.3674,67.5896,34.0636,85.3307
273.6205,65.3234,33.8651,85.5796
273.6791,65.5995,34.1956,85.5608
274.6632,65.9838,34.5038,85.8428
275.9804,66.4486,34.6601,86.5120
275.9942,67.0307,35.1510,86.2517
275.9549,65.8401,35.4097,86.3399
276.0492,64.9029,35.0497,86.0103
277.2382,65.6636,35.3030,86.0507
278.0459,66.0540,35.7504,86.1242
278.7222,67.2080,36.7152,85.1395
277.6804,67.5600,37.3842,84.2659
278.2388,66.9677,37.0720,84.2797
278.6641,67.1364,36.9015,84.1268
280.1524,66.6074,36.4589,83.5565
282.0092,68.3340,36.4176,83.0926
281.8463,68.6120,36.1427,82.7062
281.7678,67.1009,35.9608,82.9278
282.2425,66.8051,35.5774,83.3871
282.6867,65.9611,35.6617,82.5479
284.4878,66.3646,35.5798,82.2230
284.0917,65.8954,35.8397,82.2511
284.3443,64.7986,35.6815,82.7039
284.4899,62.1097,35.3032,83.9741
285.1930,60.4321,35.0792,85.2373
284.9197,59.2849,35.4171,86.1515
284.8160,59.1924,35.7719,87.1901
284.5713,59.5414,36.1343,87.8952
285.7708,57.6785,35.4413,88.8938
285.8692,56.0834,34.5676,90.2038
286.1809,53.3680,33.8236,90.1522
287.0820,53.8799,33.2231,90.3353
287.5116,53.8987,32.6042,92.1165
288.4417,55.2206,32.9364,92.9716
287.0341,55.3658,33.4163,93.6034
287.2271,54.4386,33.7410,94.0451
287.3948,53.5230,33.5327,93.0050
287.8896,54.3768,33.8127,93.4608
286.9727,55.3792,34.2573,94.7642
286.9552,57.3167,34.8489,94.3623
287.1240,57.9200,35.3383,93.9286
287.4080,55.3845,35.2178,94.2092
287.2828,53.4264,34.4791,93.1891
289.7196,54.9266,34.3831,92.5463
291.4238,56.3530,34.1146,93.6296
291.2735,55.1827,34.1593,94.0967
290.2673,56.6067,34.0593,94.9293
290.6470,54.9994,34.0257,94.7803
290.7829,53.1832,33.7273,92.8513
290.8494,53.6551,33.4507,93.9975
291.7740,52.5510,32.9007,95.5325
292.4485,54.1264,32.3512,96.5191
292.0427,56.0594,32.5585,96.7235
293.7633,54.0158,31.9772,97.7717
292.8729,52.5123,31.7818,96.0505
293.1676,52.0436,31.0287,93.6204
294.4012,54.9914,30.7924,93.6137
294.6098,57.3888,30.8388,94.9070
294.8999,56.4294,30.8844,95.6954
293.9608,55.1585,30.9426,95.9592
294.0699,53.7151,30.4994,95.4430
293.9294,52.8755,30.5191,96.3948
294.0266,52.6492,30.8988,96.8942
294.6635,55.1142,30.7183,98.1771
294.0375,56.3757,31.0261,98.0138
294.6552,55.5003,31.1268,99.2301
294.2241,52.3311,31.0176,97.7940
293.1169,51.9085,31.1083,95.6577
294.8396,53.2249,30.0247,93.2837
295.3090,56.6157,29.9320,94.5609
295.9192,56.8456,30.0072,96.5420
295.0029,53.8365,30.2024,98.7185
294.4556,52.5976,29.6639,97.4785
294.9969,52.4768,29.5745,97.9459
294.7561,53.0675,29.4966,99.2096
294.9802,54.3758,30.4147,101.4494
294.7400,56.4557,30.1269,101.9491
296.1242,56.2261,29.9258,103.3944
296.5663,53.9988,29.9053,102.9964
296.6846,52.8969,29.9624,100.8433
296.5272,54.8898,29.9657,98.0281
297.3947,58.1631,30.2028,98.6837
297.6281,57.4269,30.3962,98.9736
296.3707,56.7674,30.8727,99.1444
295.9546,54.7337,31.1861,99.0372
295.2901,52.8016,30.9549,98.8862
296.6445,52.6138,30.5992,99.3868
297.4001,54.1038,30.3039,99.4528
297.2299,56.0216,30.2823,100.6233
296.8476,55.5740,31.0069,102.0363
296.7041,52.6001,30.6425,102.0666
297.3935,50.3965,30.7105,98.3126
299.0140,51.0456,30.1303,94.7893
299.8047,55.1644,29.3034,92.9442
299.3789,58.3737,30.0311,93.8807
299.0830,58.1332,30.2109,96.7599
298.9140,56.4096,30.4296,98.5947
299.3026,54.3928,30.5214,99.9684
299.4544,56.0806,30.8021,102.8787
300.2588,56.8891,31.0442,105.3069
301.2620,58.4552,31.8059,106.8557
301.8977,57.5283,31.9826,108.6391
302.6298,53.1145,31.1843,107.3316
302.5544,50.9006,30.9391,103.0722
303.2845,51.4784,30.4914,98.9193
303.6366,51.8164,30.1571,96.7567
303.6894,54.5540,29.9916,97.7139
302.2481,57.6651,31.3180,99.7957
302.6236,56.9928,32.1925,102.2800
302.8793,55.6762,33.0852,104.8676
302.6815,57.2118,33.6821,107.4259
303.0515,59.7720,34.7492,110.3741
303.5528,55.4168,34.5483,114.5127
303.8990,56.5067,33.8600,117.3777
302.9781,55.0353,34.4828,116.9420
303.5016,46.5953,35.1748,111.9540
302.7402,50.1272,35.9421,106.7527
302.5844,52.2360,36.4620,102.9136
303.1327,56.3872,36.4991,101.9729
302.2380,53.8564,37.4929,101.6900
301.5002,54.3569,38.3392,103.0808
300.7802,55.0736,38.3509,105.5531
300.9319,59.7897,38.5176,109.8085
301.3659,62.7121,38.9872,114.1942
300.2707,59.2172,39.9359,116.8469
299.8427,60.8056,41.0579,119.9354
299.2862,53.1231,41.3368,119.1009
300.6699,51.8666,39.5987,116.8481
302.1244,50.5966,38.3159,113.2485
301.5489,50.2279,38.8807,109.6929
301.8253,53.0359,38.6704,107.6621
300.7176,54.0382,39.4808,107.0187
300.6797,54.2532,39.6857,107.4880
300.2419,57.7004,39.7055,110.5476
300.3996,59.1393,39.9507,114.0822
300.2977,61.0682,40.6633,116.8315
300.5782,55.8675,41.0440,118.2058
301.3888,52.0745,41.3804,119.2092
300.4344,57.7835,41.7566,120.2471
299.3154,51.7309,42.3530,117.7809
300.0332,49.1525,41.0122,114.2936
298.6799,53.3245,42.9938,109.0762
298.0233,60.4457,44.0602,107.4429
298.2514,61.4004,43.0209,110.4665
298.2685,57.5666,43.0895,112.7193
298.7444,60.9798,42.7077,118.4159
298.9355,56.4688,42.5561,121.0775
299.1522,60.8232,42.9205,124.9624
300.5529,61.7853,40.9523,130.6761
300.7051,62.1234,40.6019,134.3132
300.2098,59.5741,40.7053,136.3721
299.5943,49.1092,40.9850,134.4166
298.8684,51.8616,41.1563,134.0831
297.7188,54.4088,42.0711,133.2390
297.1188,54.8514,42.4553,133.6492
297.5108,54.2519,41.9224,134.5757
298.1216,57.0383,41.7905,137.5016
297.3653,56.0615,41.2045,141.1410
296.6401,58.9030,42.3989,141.7151
299.4156,58.8020,41.9824,143.7785
298.9512,59.4330,42.8521,144.2833
295.8801,58.6849,43.7359,144.8936
295.4141,55.8165,43.1619,145.6563
296.7196,51.7103,43.4986,144.7891
297.3922,54.5866,43.1247,144.8173
295.7379,58.0830,43.1533,143.3140
293.7143,57.2689,43.8488,142.9621
292.2522,55.4641,43.6244,141.8925
288.3302,54.6602,44.0307,140.9561
284.7969,56.0047,45.2542,141.9857
282.2753,56.2258,46.0774,142.2971
280.1071,55.8227,45.9969,142.4365
280.2447,57.5871,47.0895,141.9055
279.5408,56.0177,47.8618,142.8525
277.3625,53.5437,48.2743,142.0151
278.0676,55.3916,48.0941,143.7069
277.5452,56.9101,48.2780,144.6137
276.8723,59.3955,48.5886,144.6653
275.1667,60.8276,49.3202,143.3982
272.3730,59.2659,50.0006,141.4160
269.4135,56.6557,50.3668,136.4979
267.6236,61.0807,51.1795,136.2183
267.0097,63.5025,51.5595,137.4626
266.6953,67.2036,52.4103,137.6579
267.1636,67.2106,53.0098,138.8414
268.0105,62.7579,53.6217,140.4691
268.3474,58.9218,52.9749,139.3931
266.9435,59.8836,53.8365,139.6465
266.7875,62.2475,53.8562,140.4233
265.2008,63.4059,54.0895,141.6872
264.3318,63.5101,54.3166,141.3914
263.5900,61.0865,54.2527,140.6677
262.8910,57.2788,53.7923,138.5161
264.5414,56.1732,52.8568,136.6044
264.3094,59.2120,53.0960,136.1522
263.1730,59.9651,53.8472,137.5093
264.0607,62.5311,54.5038,138.3959
264.4912,64.7897,55.0290,139.7651
264.4581,61.1895,54.1899,141.9914
262.7784,57.3893,53.2186,140.4968
261.9853,60.8552,52.3920,141.5132
261.8469,65.5154,52.3778,142.6879
259.4926,64.7073,52.9380,144.1949
257.1403,62.5559,53.4767,145.6283
256.2132,57.8485,54.3084,145.6413
254.1355,56.3898,55.3162,146.0648
252.4674,56.0049,57.4886,146.8399
251.2188,58.6211,59.7814,147.2545
251.5069,61.2588,61.0803,149.0390
251.2988,61.6100,62.3833,149.9655
250.9691,58.4731,62.5016,151.2680
250.6698,52.3158,61.3140,149.9660
253.3513,54.7652,58.2913,150.2527
254.0102,56.7830,56.2773,153.5090
252.8936,60.4750,56.3467,154.4508
252.3417,59.5427,56.8268,154.8387
252.2314,60.1587,56.8038,154.9602
252.1132,56.3494,56.9597,152.6355
250.1641,56.7322,58.1883,152.5175
249.1264,58.6835,58.9154,155.0626
250.9059,61.1995,59.4706,155.5507
252.9814,60.1316,59.8836,157.3146
254.2611,56.1852,59.4275,159.6532
253.5711,51.5089,59.4331,158.7130
255.5930,52.6939,58.8145,156.7032
259.2093,54.2015,56.9383,158.8764
258.2144,57.9651,57.5868,160.2360
256.8198,57.2842,58.0526,161.8090
257.4162,57.6722,57.9307,162.3805
257.2679,54.5182,58.1336,161.9698
257.0441,53.7066,58.8693,160.9541
255.7711,56.6306,60.0722,161.9404
256.5287,57.7098,61.1210,164.0658
258.2641,61.4907,61.3873,164.4283
260.7730,58.9591,61.5562,166.0602
262.6845,53.9988,61.2785,166.8554
262.9054,49.4058,61.3170,165.9243
265.9133,53.8247,61.0588,165.1862
266.3587,56.2853,60.8803,167.8473
267.5147,58.0091,61.3592,168.9679
266.4953,56.4726,61.1515,170.8433
266.9388,56.0544,61.2381,170.4408
267.5326,51.5344,61.2090,167.2684
267.2741,53.1522,60.9554,168.4950
268.2160,54.2981,61.7106,169.3783
270.8978,55.4639,61.3905,169.7713
271.4659,58.0533,60.8815,170.2925
275.7520,55.1293,61.0444,172.0813
275.8471,52.3937,61.6239,171.0436
275.5847,50.3798,61.8409,170.7776
278.5925,54.0148,61.2395,171.1712
279.2313,56.1381,61.0081,170.9089
279.6449,58.0701,61.0557,173.1107
278.5822,57.1409,61.8612,174.0767
279.3491,54.5023,62.0836,173.8612
279.0272,52.2498,62.3554,172.7744
279.1949,51.4267,62.7127,173.4849
279.9928,50.8608,62.3320,173.3372
283.4453,50.1860,61.5305,173.1255
284.0324,53.2942,61.3899,174.6628
286.7935,51.4722,62.5644,178.5082
285.6874,47.3610,64.5377,177.8921
287.2115,46.9481,65.2070,179.6233
290.4623,46.2113,64.5178,178.4659
290.4044,47.4926,64.4888,176.4376
291.1048,51.1958,65.4227,176.3901
289.7377,51.8803,65.8646,176.3808
288.2965,51.7431,66.0195,177.8272
287.7906,45.9688,67.4471,175.4328
287.5317,45.6758,68.0668,174.4567
288.8806,46.7950,67.4537,174.6616
288.4744,48.8850,68.1392,176.7589
289.3593,50.4109,67.8552,179.3278
286.3218,48.0688,67.6229,182.5587
284.5843,45.6484,67.9351,183.6719
286.2189,42.5039,67.6772,184.2438
287.5702,40.7546,66.0287,181.4561
289.1379,48.0399,65.5574,181.4137
286.2144,50.0676,66.5179,181.3860
283.0910,47.2166,67.1078,182.9328
281.0170,46.9451,67.8483,185.8061
279.5511,42.4177,68.7075,186.0304
279.1342,39.7022,69.6642,182.3900
281.2896,44.3704,71.2225,181.0396
283.3622,47.1996,72.9397,181.2266
284.9122,48.7326,72.1087,183.8180
285.6640,46.2760,70.9852,187.7617
284.5836,41.7429,70.8856,189.2828
286.7678,39.9293,69.7609,187.7876
287.5045,42.3141,68.8876,187.0518
287.9534,44.8694,70.2602,185.8498
286.3837,46.0463,70.7653,187.3797
283.4516,44.7332,71.7333,189.7648
281.4594,41.6099,72.9553,192.2672
279.6609,36.7270,73.5423,191.4211
282.7662,37.7446,74.3679,187.8069
283.3972,41.3187,76.8516,185.4610
284.3339,46.0168,77.8370,185.0998
285.6357,46.5192,77.4387,187.8212
286.0929,41.3995,76.3667,191.6918
286.6675,39.6998,75.2879,193.4214
289.3443,39.3745,75.3543,191.9158
290.3861,44.9272,76.2097,189.3072
291.4048,47.8228,77.6857,188.2242
289.1131,50.6713,78.2132,188.5062
285.5441,44.0804,79.9792,191.4654
284.3544,40.9997,81.0939,195.4109
282.6517,36.7033,80.8205,194.6165
284.8358,40.7043,82.0765,191.6977
284.1312,44.0075,85.8978,189.1250
285.5663,46.8287,85.2115,188.6479
286.9639,44.3260,83.2792,191.9723
287.8923,39.4015,81.4237,195.4316
292.1612,37.6209,79.2641,198.6865
296.7150,35.1582,77.1340,198.9558
301.2863,39.7310,75.4815,198.1964
301.9734,42.1521,77.1170,195.9194
300.6810,47.9721,78.3484,195.6316
300.4811,42.8516,79.9273,196.4802
300.8804,40.5843,80.3473,197.4806
300.3253,37.1821,80.0139,198.7133
302.6512,38.7410,79.1576,199.3909
304.3710,42.4325,80.1158,199.7611
304.7846,43.9556,82.1943,198.4099
308.1738,44.5086,83.1920,198.2319
309.3253,36.9724,82.8312,199.4543
312.2198,38.0407,81.3094,202.5829
313.4097,35.1766,80.5839,206.2038
314.6028,40.6462,81.4327,205.5677
312.2703,44.9908,86.0409,200.7357
309.2357,46.3028,87.4454,198.4638
306.4059,46.1001,89.3521,196.7301
305.5000,38.9933,89.8765,197.7574
304.3439,38.8119,88.4635,200.0276
304.8937,39.5292,88.0881,201.2191
304.9293,41.7347,90.6374,200.7512
304.4849,43.2796,90.3538,200.7315
301.4796,39.5281,91.3861,199.9433
298.8175,34.8125,90.4118,202.6016
296.1823,33.3866,90.4862,204.9804
293.1095,37.7812,89.8957,205.7777
290.3312,42.7964,89.4137,205.0564
288.7965,47.7159,93.2231,198.8096
287.7383,47.6708,94.9733,196.0012
284.3484,47.4316,96.8620,193.5464
282.1793,46.5645,99.7405,192.0616
283.5677,44.1171,100.0301,193.4567
283.4041,45.6259,100.3311,192.0504
283.9344,48.6930,101.6109,190.0357
286.1631,48.8544,101.6645,188.9803
289.1698,49.7604,102.2035,190.5118
291.0293,46.5339,101.0454,192.9612
279.0233,43.2312,99.4894,194.4437
282.3591,41.6347,98.0779,196.9209
284.1872,46.0186,96.3383,197.5762
286.6189,48.2355,98.1966,195.0122
286.5490,45.9012,99.7638,192.5450
286.1331,43.2753,100.5993,192.8288
287.9709,40.9610,101.2935,193.6557
290.0764,40.3468,100.9792,194.1948
292.9367,35.7647,100.8128,194.3656
278.1098,41.0919,100.1881,194.4867
276.3844,44.5806,99.8508,193.9216
270.3294,42.1633,96.1677,194.3692
270.5908,35.0393,92.0852,196.0943
270.5979,28.6905,85.7608,201.5797
269.2405,27.6035,82.9740,203.7172
269.5883,26.6792,81.2599,204.7538
271.1730,30.7390,81.1749,204.3502
287.9034,42.2005,83.5975,201.4936
268.8694,39.9445,85.7023,199.6702
266.4673,38.2497,89.4685,197.7490
269.3409,41.7313,91.8300,196.1695
273.1709,34.4030,92.4938,197.7386
262.5284,40.2385,93.6775,196.6454
263.7713,43.2618,96.0049,195.2710
250.3999,38.7026,94.1252,194.3928
252.3669,32.4197,92.4305,195.3714
251.9694,28.5252,91.2287,196.9167
248.9114,31.4787,91.9293,195.4801
285.3031,41.2415,91.4858,196.1968
264.0327,34.3168,90.9889,196.9367
239.3969,45.9366,92.4946,195.0763
249.1649,63.1376,105.6734,182.5846
222.6946,63.8146,110.4549,176.6779
213.8472,58.4452,107.0444,178.3360
206.4145,61.3346,105.7948,177.1628
205.7951,69.3970,111.0283,171.3229
207.2768,75.9670,111.5447,165.9167
194.0170,71.5004,105.1880,166.4614
202.0251,73.5268,98.9211,167.6139
213.1898,70.3432,95.5266,167.9314
248.8980,89.6237,105.4649,158.0658
267.1333,94.5589,115.4528,149.3452
267.3307,96.0190,119.1018,145.0787
278.5843,97.6664,116.9415,143.0145
270.9474,92.7117,107.9828,145.4366
271.4121,93.2842,101.6536,146.4920
268.1203,95.2775,98.4815,145.5546
268.9580,102.6183,96.5862,141.3228
265.2314,97.5108,92.4652,141.7641
259.4850,103.4482,91.1520,138.8858
264.3470,106.9962,93.0797,134.3826
272.6735,111.1049,97.2478,128.4757
264.9081,113.5520,100.5565,125.4611
258.7083,110.6582,100.6798,125.6557
256.6871,113.0802,98.2261,126.3567
266.4292,114.6085,93.6224,125.2331
271.4935,113.1592,87.3216,125.7692
276.8300,110.8567,83.2683,127.1475
282.1276,112.8922,81.5754,126.8510
287.2185,113.2410,83.1561,126.3363
293.9673,115.2354,83.4435,125.8495
301.7552,114.3553,78.8707,126.2499
303.1292,112.5302,72.5480,126.2753
308.1468,112.6569,65.9916,125.7314
312.0764,114.7790,63.8343,123.2005
315.9276,119.6476,64.1943,121.7586
318.2709,123.9623,66.4898,120.0203
318.3187,119.8705,65.2351,120.8576
316.3639,117.3985,60.8074,120.5256
318.6654,118.8198,56.5456,120.4289
318.7401,121.4858,56.5222,118.8173
314.3667,127.5942,62.5401,114.5560
310.1275,129.9007,68.0831,111.4261
307.2735,132.1906,70.2455,109.6920
303.3214,128.7236,67.2564,109.2690
298.8886,128.9258,62.2035,109.9628
299.5358,129.3921,57.0372,110.8667
294.8065,128.4671,54.2370,110.7070
292.4086,129.6365,54.7464,109.1207
288.4026,131.3973,56.4136,106.5444
280.3333,131.4636,55.1694,104.8788
278.4733,131.4349,52.4487,104.7072
279.7210,131.0184,48.3054,104.6774
286.3616,135.8789,47.2077,105.2599
280.6926,134.7974,49.0273,104.2863
276.1548,139.6761,53.4676,101.2374
275.8847,137.7393,56.1143,98.7569
276.6560,138.8670,55.4466,97.3915
277.3570,141.2544,52.3605,97.5972
279.7188,140.4782,47.5420,99.2628
281.0210,139.7813,42.9530,99.0835
282.5034,141.7811,40.9691,96.7674
284.8375,143.6152,41.6692,93.7767
285.7256,145.8155,43.0285,92.1736
287.2961,146.8914,42.9322,90.8354
289.7212,147.8589,41.4042,88.8234
292.0448,150.5379,38.6990,88.0914
293.6544,154.1658,37.4934,86.4438
295.7542,153.6584,36.4112,85.6427
298.5726,155.0978,36.3505,83.6065
301.3394,155.6082,36.8136,81.4307
302.7035,157.5372,36.8821,79.2670
303.2417,159.0827,35.9362,77.9666
303.7484,160.1819,33.6964,77.2436
304.2315,161.2053,31.7871,76.3227
305.4451,161.7132,30.4522,75.2859
306.5400,162.9747,30.4434,74.5367
305.7059,165.5163,30.8991,73.1288
304.4066,165.1596,30.4829,71.4691
302.5486,166.3181,30.0258,70.1159
301.2139,165.6975,28.7660,69.9599
299.9421,167.5051,28.1259,68.9811
298.3844,167.5318,27.4984,67.4627
297.1352,169.3865,27.1963,66.2944
295.6952,169.0683,26.5221,65.0840
294.1013,168.9794,25.6044,64.1799
292.5312,169.1217,24.9700,62.8392
291.9234,170.8819,24.3404,61.2840
291.9117,171.7164,23.9910,59.8040
291.6027,170.4742,24.4834,58.4815
291.9938,169.6473,24.2598,58.0081
293.2452,168.6854,23.9975,57.5216
294.5358,167.0799,24.0729,56.5740
295.7538,166.4546,23.9857,55.8392
296.4069,166.5717,23.9174,55.1415
297.5151,166.7923,23.7940,54.4981
297.7163,167.1890,23.4138,53.3398
296.9479,168.9242,22.6729,52.0856
296.2553,170.1844,21.9635,50.7078
295.3289,169.1911,21.7334,49.3153
295.6573,168.7561,21.4497,47.9978
295.1958,168.4876,21.0627,46.9454
295.8906,169.4427,20.8648,46.0449
295.3174,168.3714,21.0651,45.1822
295.5434,166.5199,21.6578,43.8439
295.6503,164.6278,22.1588,42.3109
295.7794,165.8397,22.3935,41.4219
294.9156,165.4004,22.4768,40.2246
294.3502,165.8749,22.4147,39.6116
293.3765,164.3420,22.1156,38.9386
293.3377,161.9716,21.1658,39.1617
292.8329,160.8953,20.2717,39.0357
292.3302,160.9953,20.0232,38.2642
290.8939,161.9039,19.5252,37.7312
289.2682,162.1914,18.9422,37.6663
288.5176,161.2087,18.0989,38.2876
288.0803,159.8620,17.4595,39.3108
286.5431,161.1907,17.1397,39.7856
285.2311,163.2250,17.1504,39.4440
282.1225,162.1052,16.8342,39.3023
280.2986,161.6756,16.9272,38.6121
278.1263,162.5278,16.8993,38.3064
276.3752,161.8677,16.8437,38.0536
274.3471,161.5061,17.0987,38.1378
272.9770,161.4639,16.7543,38.0015
271.3056,161.4673,16.1990,37.6016
269.1808,162.7942,15.5537,36.5733
269.4539,161.9959,15.3047,36.1792
267.9106,163.7515,15.4922,36.4205
265.1194,163.9214,15.9547,36.7094
262.8137,163.4477,16.1733,36.8715
260.2912,163.3467,16.1603,36.9472
257.7778,163.8854,15.7174,37.2017
256.2632,165.1375,15.7549,36.8938
254.3225,166.0656,15.9473,36.7968
252.3948,165.0264,16.1605,36.4870
250.3661,164.2577,16.2051,36.5438
248.1552,164.3392,16.7344,36.2300
245.5352,163.6929,16.7361,35.8775
244.8692,163.5390,15.9770,35.1193
243.6583,163.5908,15.2491,34.1415
241.2993,164.0072,14.5509,33.2584
240.2914,165.5466,13.9408,33.0910
238.4113,165.7701,13.8479,33.7584
237.6039,165.9151,14.5743,33.9211
234.9599,165.9345,14.6200,34.6481
232.3156,164.9686,14.8750,34.5821
228.3575,164.6313,14.2197,34.7988
226.5062,165.1973,14.0451,34.6074
224.8149,164.8254,14.5673,33.9794
222.7216,165.3771,14.5431,34.2010
220.4899,164.2742,14.5191,34.6243
217.4365,165.2572,14.8275,34.6487
216.1439,164.8849,15.1802,34.1562
213.7546,167.3342,14.7546,33.6760
210.7997,168.2414,14.3237,33.3098
208.3404,168.1994,13.9719,32.5327
207.4273,168.2820,14.3376,31.4149
204.6720,168.2237,14.5444,30.3552
202.3422,169.6908,14.9287,29.4261
200.6922,169.6716,15.1673,28.4708
198.9379,170.1986,15.1328,27.7126
194.9017,170.4237,14.4901,27.6358
193.5029,169.3740,14.0510,27.7388
191.8403,169.4016,14.0578,28.1048
190.9827,169.2350,14.1531,28.5076
187.9668,169.3160,14.4413,29.0525
187.1281,169.5359,14.7719,29.1820
185.1361,169.6192,14.9201,29.3106
184.0353,169.4151,14.8492,29.2283
182.3443,169.4045,15.0023,29.2522
180.5083,168.7285,14.6002,29.6074
178.0336,168.6149,14.4275,29.7200
178.0233,169.3605,14.1048,29.8320
176.6044,168.9691,13.9439,29.5355
174.9141,169.1307,14.4047,29.2260
173.0953,169.7965,15.1262,28.7049
171.9090,170.0194,15.5674,28.4662
170.1190,170.4730,15.9877,28.0987
168.7054,170.7897,15.6250,27.9354
167.1979,169.9331,15.5825,27.8302
168.1185,168.7485,14.3206,29.0414
168.5552,167.2529,13.3448,30.1502
168.4323,167.7481,12.7863,30.9574
167.2389,167.8286,12.5485,31.2706
167.4827,169.3936,12.4923,30.8613
167.2293,169.4328,12.4633,30.2770
165.8595,169.2135,12.7586,30.0095
165.2224,169.7947,13.0116,29.6217
163.6110,169.3286,13.0974,29.5787
163.0408,169.3514,13.1822,29.9869
162.8024,169.7174,13.4433,29.8197
162.0310,168.7016,13.9168,29.8069
162.4015,169.1029,14.3296,29.7704
161.6997,169.0265,14.8246,29.5725
161.7886,169.4899,15.0137,29.5349
162.1751,168.6349,14.8635,29.8525
161.1215,167.9888,14.5471,30.8702
162.1523,166.9496,14.0869,31.6244
163.3830,167.4686,13.7357,31.8079
164.0375,167.0893,13.4780,31.8770
166.0354,168.1956,13.4838,32.2392
167.0249,167.6677,13.4923,32.0732
167.2173,167.8544,13.3963,31.8814
167.1752,168.3906,13.4682,32.0572
167.2780,167.7684,13.3399,31.7919
167.0655,168.2306,13.1858,31.5568
167.1660,167.3501,12.8781,31.8013
167.9617,168.0733,12.8152,31.7147
167.7953,167.8189,12.9522,31.9129
166.1407,167.8828,13.0496,32.0178
166.0159,167.0433,12.7860,32.4303
166.7498,167.0043,12.9125,32.2511
166.8161,167.3524,12.9423,32.0029
167.8276,168.0860,13.2008,31.8575
167.5210,167.3336,13.2793,31.6750
168.0522,167.7460,13.3319,31.7864
167.4059,167.2201,13.2511,31.8348
167.2312,168.1233,13.1371,31.8431
167.1432,167.8017,12.9457,31.5725
166.5526,168.4438,12.9811,31.5207
166.7884,167.9673,12.8855,31.2821
166.8322,167.9396,12.9321,30.8535
166.9680,168.2753,13.0065,30.6992
166.7554,168.9711,13.0259,30.6544
166.5046,169.2791,13.3968,30.0782
166.1293,170.1712,13.5049,29.5760
165.7177,170.6101,13.5727,28.8892
165.1185,170.7260,14.1741,28.3618
164.6087,170.8021,14.0979,28.2283
165.0121,171.4001,14.6866,27.6678
166.0886,171.2697,14.6644,27.6061
167.2947,171.9651,14.5692,27.4778
167.7921,171.7519,14.4213,27.5451
169.1562,171.1371,14.1793,27.6527
170.8158,172.0918,14.3177,27.4830
172.1507,171.7695,14.8514,27.1792
173.3148,172.0494,15.2763,27.0642
174.0859,171.1095,15.2864,27.1442
177.4043,172.2618,15.2898,27.0411
178.2096,172.3319,14.9224,26.8687
179.4578,171.4717,14.6958,27.1794
181.2292,171.4505,14.6320,27.3064
182.6695,171.3001,14.3687,27.4902
184.7449,170.6652,14.3945,27.3437
186.2920,171.4956,14.4292,27.3142
188.1673,171.2188,13.8812,27.9053
192.1023,170.9005,13.2385,28.3509
193.5247,170.1220,13.3924,28.3606
195.1437,170.7643,13.5159,28.2158
196.6700,169.9479,14.0500,28.1194
199.4650,169.9613,14.2514,27.9772
202.7913,171.2585,14.3404,27.7329
204.1456,171.0441,14.2082,27.8137
205.4392,170.7295,14.0474,28.0872
208.5081,169.8567,13.7561,29.0210
211.0706,168.3219,13.5436,29.1111
212.1738,168.7648,13.3490,28.9745
214.6077,169.9786,13.2022,28.9922
215.9768,169.4025,12.6168,29.7369
219.6996,168.3465,12.1729,30.7913
225.6878,166.9166,11.6554,32.0275
227.6961,166.3471,11.4940,32.6660
230.0399,164.9822,11.6344,33.2210
231.2857,165.1412,11.6012,33.1986
234.5736,166.1454,12.0484,33.1761
237.2737,167.2296,12.2951,33.3475
239.5181,167.2249,12.6513,33.2593
240.7908,167.4897,13.2628,32.8641
243.4193,167.7202,13.1832,32.3986
245.9985,167.4419,13.0185,32.0435
248.1819,167.8194,12.6724,31.6458
252.0417,167.5216,12.5047,31.6246
255.0232,167.2601,12.3836,32.3259
257.8955,167.4444,12.7399,32.9538
258.4844,166.7044,13.5153,33.1047
261.5685,166.1499,13.7242,33.6054
262.6037,165.2679,14.2191,34.2229
266.3972,164.7609,13.9642,34.2605
271.0110,164.1831,13.6583,34.4022
272.0862,163.7081,13.9242,33.6524
275.8849,164.2608,14.4778,33.7829
278.7607,165.8522,15.1678,34.0661
282.5499,165.5466,15.3000,34.6780
286.0851,165.1046,14.8819,35.1458
289.6471,165.2019,14.2846,35.4093
292.9382,163.2424,13.8849,36.7985
296.9202,161.4426,13.5742,38.0216
299.9120,161.8884,13.6827,38.6500
302.8847,162.1511,13.8840,38.9140
306.8017,160.5760,13.4415,39.9241
310.0814,161.7187,13.3985,40.2630
313.2942,163.6023,13.6774,39.3940
319.5779,164.4791,14.3291,38.4627
323.0607,164.2109,14.6670,38.1893
322.7516,164.0925,15.2056,37.2768
326.4811,165.2958,15.6481,36.3428
329.9010,163.1084,15.9211,36.0794
333.5391,164.5105,16.1756,35.7905
336.7262,166.3952,16.1612,35.3558
339.1671,166.9165,15.6040,34.8443
340.4492,167.1093,15.1865,34.8179
345.7050,166.6579,16.1793,34.2275
347.0816,167.7889,17.1967,33.2911
349.0077,167.8109,17.3838,32.9503
351.4435,167.8596,16.9714,33.0563
354.5267,168.0622,18.7174,31.5975
355.6873,167.6583,20.1740,30.7325
356.2762,167.9427,21.2058,30.1511
357.5709,168.9224,21.4510,30.2475
358.8510,168.6259,21.1532,30.5697
360.1458,170.0161,21.2555,31.0928
360.7367,171.0691,21.7518,30.5794
362.4124,170.6387,22.3010,30.1741
363.1982,170.6543,22.4277,29.9280
363.8030,170.0057,21.8630,30.4295
365.4431,168.5338,19.7805,31.8184
364.6653,168.4152,19.6151,31.7696
364.9380,168.5847,19.8548,31.6833
365.9605,167.3326,18.6721,32.3237
366.5343,168.8110,18.8578,31.8334
366.7880,169.1079,18.9258,31.1881
365.4843,168.6804,19.2696,30.6106
365.2800,168.4617,19.4535,30.3262
363.1835,167.4269,19.9156,29.8940
364.2475,166.2310,18.2372,31.5347
