1
118.8843,49.6748,97.5631,106.4230
116.2543,47.4541,94.3609,106.8622
115.0029,44.9521,93.4878,107.2911
112.9933,41.4417,93.3926,108.2332
111.7925,35.4949,92.6106,110.1327
114.3321,29.0529,92.4457,111.8412
119.9634,22.7248,92.5107,113.2932
126.0372,17.1086,92.8286,114.7494
132.0443,11.5704,93.1399,114.7817
138.3041,6.5719,94.2766,112.0158
143.9328,6.0479,94.6759,110.3322
149.6990,7.3488,94.8265,109.0771
157.0750,10.6355,94.7573,108.1448
164.3034,16.5171,93.8207,108.0406
171.4574,24.5548,92.8909,108.2312
178.2738,32.5376,93.8927,107.4880
183.5877,40.8732,93.4904,108.4619
190.6108,50.0774,93.6149,109.6096
194.4349,56.6119,92.9046,108.7864
196.7619,61.4100,91.3222,107.5186
199.2947,66.1123,90.4604,107.5089
200.7200,71.0253,90.4271,107.5308
202.0415,77.3472,89.3504,107.3260
200.4658,85.9932,90.0611,105.8004
200.3485,90.5979,89.1848,105.9397
194.1384,96.7882,88.6219,104.0378
190.8649,100.4965,88.9044,105.4043
190.4248,102.0771,87.3362,106.0668
186.8105,99.7257,87.9387,105.1935
184.0959,97.3118,88.3519,107.5987
184.4212,94.1297,90.1096,109.1807
183.1979,95.7055,91.2664,108.6564
180.2228,102.8109,90.2304,110.5391
180.0239,109.1598,87.0192,109.3013
178.9645,113.4740,85.6084,107.0350
180.5042,116.0076,83.3222,104.3190
181.3692,118.9920,81.5702,100.8564
182.4312,119.8564,80.7270,98.9367
182.2704,119.9630,79.2690,97.8509
182.0639,128.6424,77.4428,95.3545
184.3615,132.2943,75.5818,91.5552
186.5795,132.8902,74.5537,88.2298
187.1540,132.4893,74.8191,86.6995
186.4857,133.6109,74.4786,84.9359
188.5695,136.0272,73.5778,84.0306
189.3784,143.2362,73.3140,84.2696
190.6595,152.3247,73.0734,84.1596
191.4059,161.5536,73.4955,83.9004
193.2063,171.2079,73.8243,82.6602
196.1812,177.1082,72.7012,81.4072
201.5536,186.0372,75.1197,78.1299
204.9873,193.2866,76.1172,75.2388
209.1266,201.2784,77.0067,73.1248
214.9575,207.8703,77.2402,71.6347
220.1743,215.1168,77.9968,70.7385
226.0861,220.6031,79.5115,70.2591
230.5107,225.6010,79.2786,70.3853
236.4637,232.5525,79.9419,70.5064
243.7430,236.5623,80.2042,70.3622
252.6208,240.2055,81.3041,70.6005
262.0112,242.4942,82.2100,69.7456
272.2014,242.8576,83.3579,69.9138
281.6504,241.6462,84.1788,69.5417
290.9549,236.2614,84.2116,70.4288
300.4754,232.5810,85.7033,68.9070
309.4919,219.8868,86.0217,71.4919
316.3136,205.4884,84.3421,73.7154
320.2321,188.6305,83.6778,76.3822
322.9246,173.5885,81.8697,77.0561
325.0897,158.8502,80.4109,76.7091
332.3320,144.4150,77.9797,76.0663
338.9434,134.7254,79.7587,74.0971
345.9993,119.2886,84.2600,72.6818
352.4156,104.6543,88.3289,72.4447
355.3912,102.4000,89.4585,72.4020
361.7436,99.9179,88.4074,74.8052
367.0669,94.3169,85.4833,79.9466
372.5302,89.9068,83.8968,81.7402
373.9869,89.6700,85.0695,79.7269
377.9672,93.4663,83.8293,78.3460
378.0484,98.5734,85.7181,77.9116
371.1791,104.9663,85.1290,80.6227
2
0
0
0
0
1
337.4669,16.2672,103.2320,105.8059
325.1424,18.9050,102.2444,111.4937
311.3152,22.3437,101.1991,115.0020
293.3565,27.3373,101.4001,118.4617
277.2863,32.2061,100.7222,119.6449
263.9582,37.7620,100.7078,119.8519
257.5992,39.4608,101.3482,119.1667
249.9046,36.6987,102.4429,119.2547
240.9503,34.9808,104.2673,118.2874
234.5842,31.2106,105.9269,117.5652
230.6041,30.3249,106.0244,116.1716
227.9767,31.5176,105.4883,114.6347
223.8142,31.2890,105.1436,113.7512
213.4729,37.4827,110.1205,108.3119
207.5242,40.3183,111.8471,104.8622
203.5435,41.8554,113.4697,103.8625
198.9659,44.9990,114.0130,103.6554
192.3689,47.7226,113.6792,104.4310
185.7465,49.8694,114.4375,105.8306
177.0933,53.3714,116.9698,107.3177
167.0166,55.3636,118.5780,108.5994
159.4035,60.1046,120.3856,106.7008
148.7562,63.4272,124.2295,103.2702
136.7639,67.6329,127.3412,98.6428
125.4801,77.9495,128.2668,96.8294
119.3548,87.8239,125.4710,97.2528
109.6782,92.7487,126.8198,95.3244
100.4135,99.1047,127.5881,93.8755
87.8368,103.5348,127.8150,93.8514
72.6697,107.8647,130.7470,92.2163
60.0123,110.9718,130.1016,94.7046
56.6781,116.9611,131.0549,95.9836
52.9740,122.6517,129.4720,97.9199
45.0408,131.4756,129.4903,98.4042
43.1005,142.5966,127.5120,97.8286
45.9871,149.8120,124.6000,95.8871
51.7206,147.9919,119.1314,93.1429
58.2002,142.1142,115.4743,91.3026
68.0755,135.5708,112.7816,90.8216
76.2818,129.4584,109.9316,89.7824
84.7763,121.7390,109.1681,89.5797
99.6467,116.8829,107.1844,88.2616
109.3742,108.7566,106.2677,87.2684
119.2511,99.6045,105.0968,87.2451
129.8329,91.7499,103.9322,86.7178
139.3335,84.7334,103.5893,87.0488
150.2996,84.8759,102.2345,85.5485
159.7481,84.8996,100.9634,84.3943
166.2780,86.8581,99.0444,83.3127
170.0352,93.2622,96.8602,80.7059
170.2882,101.2525,95.1622,77.9781
169.7010,108.4642,94.0070,75.5177
173.3227,115.8971,91.9145,72.8669
177.4475,122.5297,90.7109,71.4929
179.8690,129.5172,88.8012,69.7100
180.6733,135.2517,87.5050,67.4291
177.0739,139.6826,86.7365,66.7514
173.8315,141.6205,86.7599,65.7267
174.8796,147.0797,86.3770,65.1291
177.3930,150.6508,85.0596,64.5823
181.2495,155.4076,84.4874,65.3137
185.4684,158.8696,83.5331,65.3996
195.7122,160.2060,75.8735,70.6643
202.0293,161.7025,69.9362,73.9697
203.8873,162.6555,65.6217,75.3933
205.0271,166.2286,62.7798,75.2831
207.5212,169.1689,61.2544,74.9290
210.5892,171.2922,60.2545,75.9169
215.2004,175.5712,59.6076,75.9972
220.3087,178.2156,59.2083,74.5938
222.4969,180.9156,59.1059,72.2794
221.7160,181.2215,59.3568,70.2555
220.9158,181.4045,59.2426,67.3236
222.0597,180.7413,58.6457,65.4245
226.3961,181.7043,58.6641,62.9563
