1
699.9324,241.1272,34.4034,72.0721
696.5085,238.8342,35.3638,72.6766
693.4167,236.6991,35.7017,73.2155
690.2956,236.9368,36.1102,74.0138
686.7579,235.6244,35.8502,74.1338
684.8829,233.2871,34.9748,75.5050
683.5731,231.2824,34.1911,75.0748
681.9587,231.6380,33.1265,74.5966
679.9476,233.2320,32.1421,75.5214
677.8274,235.9852,31.5005,77.3672
677.2987,238.1845,30.6881,80.7966
675.1441,237.1309,30.5715,79.9121
671.9590,239.1339,29.8456,79.7644
668.9679,239.4255,28.8466,78.0897
665.0416,240.7915,27.8385,77.1398
660.7324,242.4565,27.0561,76.2555
656.6036,240.7504,27.1994,74.9271
652.8610,243.8801,26.7328,74.0696
648.0002,243.0356,26.9846,72.8000
645.0775,243.3232,26.5599,71.8951
641.7311,243.8178,26.1876,71.9936
637.9669,244.3254,26.0179,72.9892
634.0440,243.1541,26.3120,72.0291
629.6581,240.6244,26.9510,70.8749
625.2628,240.2694,27.5391,69.2908
621.6870,239.1265,27.7489,68.3680
617.4127,240.6497,28.1195,68.2944
614.4940,239.4300,28.0127,68.2187
610.0653,238.7882,28.6444,67.9283
606.0858,239.6335,28.7756,67.6554
602.3867,240.7110,28.6544,67.9830
600.3540,239.0606,28.8611,67.2603
597.5482,238.6000,28.7329,67.7687
595.1437,239.8462,29.2102,67.1309
591.5186,240.3155,29.6826,68.2360
588.9998,240.3068,29.6534,67.9341
586.0463,238.1103,29.0553,67.5847
582.8013,238.9404,28.5484,68.4924
579.4163,238.7869,28.2649,66.9552
575.8810,238.2059,26.9225,66.6107
572.4188,237.5360,26.5417,66.9872
569.6735,238.6673,26.4213,66.0552
567.5325,240.9802,25.9080,65.5600
565.2842,241.5159,25.9927,66.0352
562.0442,241.0040,25.8238,67.5182
559.0364,243.1646,25.8636,69.3994
555.3476,243.5809,26.4988,69.5863
551.7106,244.7702,26.8652,69.1180
548.1796,243.0907,26.7809,69.2419
546.0140,243.1162,26.6134,69.7631
545.1981,241.5746,26.4574,70.6050
542.5408,240.0459,27.0960,70.9984
540.3542,238.0807,27.6331,72.9124
539.4243,234.7188,27.8362,72.7827
538.4634,234.4661,28.2735,73.3131
537.7717,235.1249,28.7164,73.8431
537.4543,235.9340,29.0005,74.2771
536.2309,235.5409,29.3958,73.4690
535.2445,238.2361,29.4347,73.0896
534.1644,238.9445,29.4011,72.2515
534.2990,235.9508,29.0863,72.8860
534.1060,236.2560,29.3879,72.9163
533.7010,235.4709,29.6452,74.5792
532.9329,233.7446,29.5675,75.0696
532.7448,233.0572,30.3178,76.1934
533.2108,233.6835,29.9237,75.7033
532.6548,233.7040,29.9098,75.8608
532.9240,230.7621,29.7528,76.6233
532.7820,230.9353,30.5140,76.6959
533.3126,229.7865,31.0074,77.1197
533.6167,228.9891,30.8300,77.6647
533.7523,229.4035,30.6483,78.4242
534.6511,228.6219,31.3617,78.7550
535.0990,228.8370,31.9430,79.1730
534.2139,228.0632,33.0228,78.6486
533.5816,229.0760,33.2160,78.5637
533.3932,228.8495,33.6221,77.7883
534.2946,228.9153,33.5720,78.2011
534.7856,227.6719,33.5667,77.0305
536.2972,227.9212,33.4463,75.6503
544.2756,228.1481,33.1884,74.3939
546.2095,229.5996,32.9210,74.1756
547.1624,231.3169,32.8579,73.6089
548.4446,231.7337,32.7440,73.9940
547.1846,233.4352,32.3603,74.3656
547.0085,233.8896,32.0684,73.7451
546.0385,232.0836,32.1211,71.7187
551.4795,234.8290,32.5064,70.5548
550.7958,236.9066,32.1090,69.6907
556.0331,237.9779,31.8462,67.9870
557.1338,238.6627,31.1848,66.9303
563.9243,236.4836,30.4925,66.8964
564.3759,236.5936,30.7391,65.3214
570.7220,236.4215,30.8250,65.0686
576.3569,236.1898,30.7555,66.4055
577.3860,234.1691,31.1685,67.3269
577.8727,233.0903,31.9752,67.2850
579.1782,233.0193,32.1869,67.1158
580.0932,231.9581,32.4411,66.5699
581.6494,230.6840,32.3591,66.8306
583.1991,231.3706,32.2924,67.0009
585.5750,231.7025,32.0044,66.9366
587.2410,231.0754,32.8343,64.7605
589.7592,229.6824,32.4333,64.6663
591.2048,229.0435,32.7888,63.4697
592.6453,231.0395,32.8030,62.8054
594.3345,232.3473,32.2483,62.8914
595.1276,231.8617,32.5564,61.9647
596.3732,231.3761,32.9230,61.1509
596.9102,231.4814,33.1404,60.1418
597.9493,230.7212,32.9026,59.6627
599.2876,230.7563,31.8957,58.1467
599.1802,230.6695,31.9947,57.0157
599.1876,230.6262,31.4540,56.6346
596.3981,232.0991,32.4993,55.3381
591.7823,231.5321,32.7324,54.8216
583.4615,232.2183,32.3220,54.8084
578.9135,231.1566,32.6949,54.8993
573.2405,230.9384,32.9740,54.3238
567.3987,230.2761,33.3254,53.4197
561.7254,230.3277,33.1201,52.1490
552.4485,230.2722,32.9985,51.8070
544.9950,230.7231,32.5353,51.1848
536.5648,230.4617,32.8422,49.6775
531.5859,231.0714,32.3518,48.6417
527.6350,232.0327,32.9285,47.3003
518.5036,232.1387,32.2501,46.6368
510.8586,231.6362,32.1615,45.6683
503.5039,231.6734,32.3044,45.2721
497.7314,230.9507,29.8848,46.4294
487.0210,230.9697,28.2482,47.3497
476.6591,232.0841,26.6281,48.2891
466.2848,234.7538,25.8309,48.0667
461.0513,239.7749,25.1839,47.4567
451.0551,240.0970,24.6916,46.2549
436.2944,241.0900,24.3439,44.8036
417.3899,241.6310,24.5166,44.3062
402.7146,242.4464,24.4344,43.9258
392.1392,243.7850,24.3278,43.0308
377.8727,242.8783,24.2031,42.6884
363.6351,246.9330,23.3241,44.1174
345.5922,246.9964,23.3592,44.4667
323.0884,247.4429,23.4829,44.5551
300.8305,247.4983,23.4382,44.9884
277.9478,248.7730,23.5368,45.0648
258.2967,249.0884,23.6034,44.5470
244.1069,250.0854,23.5604,44.5864
221.6647,252.0291,23.0164,45.5833
202.6827,252.8744,23.6497,45.1891
184.5909,254.1425,23.6374,46.0365
166.2744,253.7449,23.0697,46.4698
155.0581,255.5363,23.5106,46.3415
141.1185,257.1742,23.7784,47.0190
127.0312,258.1042,24.0041,48.7103
115.9996,259.1194,23.7046,49.6840
105.1507,260.1997,24.1130,49.9940
95.2403,259.7467,24.0503,51.1034
89.1632,257.9659,25.0652,51.8318
84.2200,256.7581,25.0589,51.9517
84.1051,256.7682,25.1505,52.4253
84.4150,254.5806,25.1925,53.1893
84.7041,254.8043,25.3688,52.5310
85.1413,255.4561,25.3342,51.8622
86.9509,256.7931,25.2695,51.8757
92.6101,259.0033,25.2851,51.2471
94.4986,259.0680,26.3456,50.9178
95.6978,263.6246,25.6919,49.3972
96.5042,266.3369,25.0456,48.0370
96.5599,268.0759,24.7268,47.2732
97.3407,269.5501,24.3705,47.7767
97.0353,268.5010,25.4567,48.2037
96.8534,267.4600,26.2466,47.5214
97.2270,267.0184,26.5544,47.4910
97.5891,267.4752,26.6891,47.5263
102.7108,272.0257,27.3171,47.4818
107.7294,272.6735,27.5153,48.1536
112.9687,271.0571,27.8003,48.5543
118.5220,271.6014,28.3475,47.9114
124.8458,271.0395,28.0040,48.0777
135.3328,265.8424,27.7849,47.5686
145.4665,266.9771,27.5788,46.8433
156.2141,266.7372,27.3970,45.8913
166.3974,264.6242,30.0828,43.0467
176.4135,265.5789,31.2410,41.7723
187.9009,265.6340,31.3448,40.9451
194.8969,266.2357,31.6075,40.2742
202.5628,266.2860,31.8162,39.8391
210.9006,267.4633,31.3515,39.4400
218.0064,268.1387,31.3132,38.8114
222.3900,268.4629,31.4233,37.8246
229.4754,269.3367,31.2541,36.9996
237.3979,269.5632,30.3138,37.3970
244.1264,268.6873,30.0296,38.0656
251.5504,267.4931,28.8938,39.1307
257.6776,264.4559,28.8265,40.2960
263.8076,265.0748,28.7137,40.8837
273.2173,263.8154,28.4993,41.3473
280.3458,261.3300,26.3855,44.4620
286.9331,260.0645,25.0838,45.6003
297.6101,259.0964,24.5692,45.6658
304.3145,259.2336,23.7550,46.0140
315.7068,258.3746,23.3075,46.4509
322.2823,260.3266,22.7996,46.1750
333.2827,259.5098,22.1869,46.2940
340.7330,259.4609,22.3204,45.7463
347.5508,260.1566,22.2610,45.3640
354.8172,260.7401,22.8652,44.8239
361.8694,259.2718,22.7150,45.5739
369.4532,259.5135,23.1650,45.3463
376.0105,258.6046,23.6629,45.5414
382.6282,259.2713,23.5522,46.7066
389.0445,258.7929,23.8635,47.3874
390.6839,259.9855,24.3007,47.1817
397.9579,260.0637,25.1687,46.6817
405.6525,260.2355,25.1974,46.8043
417.8222,259.6055,24.7938,47.1314
425.6169,258.4412,24.7858,47.1028
433.8826,257.5406,24.9548,47.2190
440.5769,256.1319,24.5229,48.3198
448.0887,255.0477,24.2876,49.2759
449.3519,254.0580,24.3592,50.7180
448.4856,251.5639,24.3537,50.4636
454.4926,251.3100,24.1614,49.8245
460.6339,248.7808,24.3870,49.9282
466.9026,245.9777,24.2559,49.8672
472.7191,248.2237,24.4717,50.2454
478.4043,250.8384,24.9405,51.3007
480.0917,251.7081,25.2482,51.5691
486.8524,253.2725,25.0274,52.5283
488.9709,252.6375,25.6390,53.7638
490.6999,251.3986,25.3216,54.7006
491.4495,250.8131,25.0738,56.9645
491.9298,251.2556,24.9663,59.1252
492.1079,251.0034,25.4829,60.5145
492.5986,253.8805,25.3742,60.2230
492.5346,254.2753,26.1316,61.3655
493.0575,254.4957,26.7051,60.8812
494.0289,256.0210,26.5711,62.5234
494.7906,256.5214,26.9711,63.3333
495.1714,252.6046,27.4991,64.2693
493.1277,253.2709,27.6671,63.7586
491.1060,253.9119,27.5091,63.3581
477.9518,252.4913,27.5193,63.1679
465.2057,258.6435,27.2281,62.8806
447.1614,257.4034,26.6920,63.6450
433.4706,255.9777,27.5121,62.8087
415.1704,253.2539,27.4485,63.5941
401.2852,250.6122,27.9075,63.6736
386.8903,250.5359,28.5495,63.5117
373.4124,250.8493,28.7136,63.5788
360.2424,251.8553,28.5975,64.0723
347.3584,252.1012,28.5195,64.6048
338.6511,258.6721,28.1858,63.0800
324.7200,259.3697,28.6759,61.5913
312.3328,259.8649,27.7806,61.8416
305.4236,262.1508,27.4653,60.5696
297.6956,264.5935,27.3561,59.2940
295.0303,267.1455,27.4657,57.8881
292.7191,269.0544,26.5376,57.0930
285.6837,269.4251,26.5157,55.1226
278.7906,274.0184,26.4435,53.3923
272.9874,277.1585,26.0074,52.5427
267.8240,278.5842,25.3657,51.8909
260.2361,280.4127,26.2332,49.4594
259.9302,281.6010,25.6049,47.7778
240.5110,288.7886,25.5207,47.2771
230.4382,291.3233,25.4734,46.7564
220.5628,294.7941,25.1560,47.3729
210.6104,295.5006,24.8078,48.4320
195.3742,296.6743,24.3895,49.5196
183.6998,296.9321,24.5870,50.0687
176.9731,298.3251,24.8076,51.1419
170.5221,296.4352,25.5176,50.4467
169.8799,295.7328,25.4263,50.0481
171.2044,294.8759,24.4532,49.3830
175.8868,295.3477,24.8008,48.4280
175.8675,292.1693,25.0599,49.3755
181.4513,286.2233,25.1657,48.2852
190.4755,291.7843,25.4092,47.7111
193.8285,289.7813,25.3507,47.5609
203.4536,287.2600,25.4556,47.2754
202.8627,293.9109,24.0506,48.8915
209.2459,298.3811,22.7528,50.1634
214.7275,300.4254,23.0811,51.1077
219.8241,301.4083,24.0036,51.4249
225.7318,301.3999,23.6976,52.1042
230.6359,299.7567,23.9777,52.6475
235.6549,300.2412,24.4713,51.9074
240.5320,298.0323,25.1457,51.7950
245.5818,298.3892,25.6240,51.4538
251.0948,298.3898,25.9800,52.3516
252.3247,296.9625,26.5348,53.3886
258.6987,295.9189,26.8446,54.6788
264.5070,295.3649,27.5462,55.5379
265.8938,294.5932,27.4692,57.0759
271.8675,294.2749,27.3127,58.0025
272.2562,293.6860,28.3529,58.8931
279.2571,294.4926,29.1065,58.8645
285.5701,294.9819,29.8003,58.0712
292.3848,295.3914,30.1197,58.2370
300.0859,293.5309,29.8538,58.8746
301.2061,293.1324,30.3137,59.4048
302.9543,293.9358,30.6567,59.8936
310.9854,294.5614,30.8471,59.3412
318.5615,292.3854,30.4545,59.0003
324.8231,291.3405,30.8296,58.8668
325.5457,291.0920,31.2993,58.6745
337.2494,289.9865,31.0279,59.5903
344.4211,289.8505,31.8786,59.5017
347.7681,289.0627,32.2863,59.9860
355.4989,288.5555,32.5992,60.8360
357.2826,290.1752,31.5163,61.5542
358.8519,291.6204,30.2463,61.8064
365.5314,289.2408,29.1842,63.0134
371.7888,291.2938,28.3055,62.9571
372.4416,291.8580,27.9041,62.3663
372.4488,294.1517,27.9351,62.0919
372.5356,293.1986,27.5113,60.5391
373.1055,295.7159,26.9903,59.5692
366.6548,290.4655,27.0318,59.4827
366.4634,295.4975,27.9929,57.8048
372.4859,292.6779,27.7517,58.1405
377.7078,291.1927,27.9763,59.2402
381.8548,285.0137,28.0826,58.9182
380.9411,286.2703,29.0038,58.3541
380.4936,286.1566,29.5096,58.5211
384.9932,278.2814,28.5170,60.7334
385.0724,271.9865,27.0625,63.6360
385.6221,267.9984,26.8391,64.2090
386.1850,261.3514,26.2813,63.8056
386.8737,260.9559,25.3647,63.2869
387.0551,260.1381,25.0751,62.3433
387.3227,261.6964,24.3735,61.7307
386.6392,261.3279,24.7960,60.6189
387.6385,263.3999,24.3424,59.9947
388.8493,266.3304,24.7316,58.5746
393.3234,272.6390,24.8024,56.8979
397.9414,275.2772,24.7744,55.5094
397.8188,277.7996,24.3165,55.2618
393.7852,286.6025,23.8267,55.5666
404.1279,306.6303,22.7264,55.5496
403.4602,309.3593,22.0661,54.4492
2
0
0
0
0
1
364.0750,297.4923,24.0995,33.8088
362.9856,297.6235,24.3972,34.2126
361.0240,298.6857,25.3901,33.2183
359.0608,299.3336,26.0659,32.6356
356.7004,299.1025,26.7485,32.5978
351.3693,298.9527,27.4340,32.2628
345.5915,295.7762,27.8592,31.4023
336.5454,291.5913,27.6250,30.9835
333.9142,300.3871,23.6978,34.3353
326.4795,301.9820,21.4060,36.3856
2
0
0
0
0
1
216.1297,298.1196,30.4683,16.7195
211.2749,297.4001,29.7106,16.3717
209.1207,293.7204,28.8960,15.9179
204.5993,293.2990,27.9381,15.4841
199.6389,295.3780,25.1279,17.6388
198.1706,299.8281,23.0065,18.9747
2
0
0
0
0
1
138.1262,300.0536,33.6191,38.0906
135.8862,298.7112,33.8664,38.9399
134.7664,299.7178,34.3315,38.5033
135.3529,300.2871,34.8953,38.0300
137.0533,300.4312,34.5699,37.5833
137.1551,300.9608,34.4201,36.6842
137.2998,300.9660,34.1976,36.4072
137.2129,299.7684,33.8604,36.9910
135.4598,298.3307,33.9054,37.4260
134.9540,297.5914,33.3453,37.8888
134.5211,297.8119,31.8894,39.3069
134.8429,298.5269,30.7988,41.0468
134.7511,297.6710,30.4941,41.6837
134.4571,297.2625,30.4554,41.5724
134.1429,294.2269,30.6423,41.9311
134.3991,292.1660,30.7729,42.3232
133.0375,290.0900,31.6190,43.1963
132.0123,289.0598,32.8664,42.4557
130.9059,287.1714,34.7422,41.1193
129.3206,285.5453,36.2185,40.2340
128.0293,281.3015,36.8792,38.9628
127.5993,283.3401,37.1754,38.3220
126.5591,283.7540,37.0384,38.2895
126.2245,284.0184,37.0289,38.2745
124.9581,283.2039,37.8227,37.8727
