1
151.3405,66.0677,44.5280,57.0461
150.7385,65.6370,44.4899,57.3353
150.7358,65.5265,44.4548,57.6562
150.4745,65.9641,44.2497,57.7656
148.7546,65.3211,44.3417,57.9077
149.5982,64.3811,44.1875,57.9336
149.4637,64.5750,44.1267,57.7737
150.6414,62.6264,44.5622,57.9262
150.0229,62.2437,44.2457,57.3818
153.2758,60.4036,44.0412,57.1391
155.0200,58.6806,43.8389,56.9164
158.8101,55.5754,43.5472,56.9897
160.4557,52.7841,43.2544,57.4441
162.9978,49.1601,42.9603,57.9095
166.6707,47.3310,42.2802,58.2498
168.3483,47.1690,41.7110,58.8714
173.2014,47.7001,41.1311,59.0032
178.1073,49.2762,41.3947,58.3147
182.8212,53.0439,42.6200,57.1295
186.2019,56.7544,44.5871,55.8091
189.3719,59.7127,46.5488,54.9985
201.2608,63.5034,43.9150,58.8541
204.2087,63.1893,42.4888,62.0027
208.6836,63.0339,41.2649,64.6026
213.6387,62.7610,40.8000,66.2071
217.8897,62.3586,40.9558,67.7457
222.2828,62.7218,40.1174,68.4741
223.3388,62.9724,40.1024,69.9034
223.3444,65.9442,43.5413,66.7207
223.7351,67.6130,46.5319,64.0677
224.9419,76.3832,48.9716,62.0423
224.3383,79.8710,51.3943,60.0008
223.7616,84.6015,53.1322,58.3306
220.0830,100.5751,54.0317,56.3187
208.4876,102.6804,56.2781,54.4888
197.8518,99.7845,62.9366,49.5848
188.5441,85.2181,61.8456,51.9764
181.0773,81.1379,61.9404,53.4518
172.9839,75.3408,62.1141,53.8679
170.0936,73.2659,60.7546,55.7045
164.9008,69.6595,59.9977,56.0789
159.5882,68.6982,60.4460,57.1918
153.6241,60.8357,59.9308,57.9597
149.9188,59.1975,58.9844,58.4922
132.9670,54.6847,57.4985,58.0888
121.1701,52.4576,57.0793,57.8567
112.6536,48.7463,55.3453,58.9005
107.5188,44.9212,50.9431,62.9482
102.4078,41.6152,46.4134,67.8901
96.4567,37.7233,42.5281,71.8318
91.7486,35.1552,39.7007,74.8303
86.5724,34.2422,37.8455,77.2651
81.6762,35.6402,36.5096,78.8129
76.5176,33.8141,35.6262,78.4397
72.9209,35.4405,34.8624,80.2363
69.3014,35.7527,34.0898,82.2052
66.5150,34.5388,33.6121,84.6402
62.7874,34.4806,33.6817,84.0859
60.2134,37.4822,34.2260,81.9349
59.0835,40.6161,34.5513,80.4505
66.9504,48.1328,33.8419,80.1174
71.1630,53.7429,33.9624,78.9875
78.6665,55.5333,34.0485,77.9503
90.8343,57.6719,34.1060,76.2093
107.0023,62.4225,33.7200,76.1051
121.3348,62.9907,33.7162,76.6982
144.7384,60.4489,39.3426,71.0462
148.4720,57.8599,43.7346,66.3071
158.8893,59.5601,45.1947,64.2583
167.6450,66.3453,47.2832,61.2202
171.6135,70.0428,50.2690,58.8494
176.9541,81.6437,51.2827,59.3526
195.8537,77.4263,47.0392,64.2141
204.5644,70.6251,42.6554,71.4002
209.9534,66.5804,39.8141,74.9666
216.2685,66.2678,37.2023,77.4155
214.3718,65.2145,36.0536,78.4545
214.1989,61.8761,33.7505,81.3163
210.5169,57.8683,34.7626,80.0014
215.4635,57.0975,33.3490,81.1574
214.9251,56.6633,32.2331,82.4744
213.7430,55.5159,32.2772,80.4590
202.1966,56.3017,33.8431,78.3848
173.4417,58.5033,40.7762,71.6900
163.9632,52.7120,39.7628,72.4458
154.5146,49.1699,38.5707,71.5506
150.7356,44.9603,37.8504,70.7437
139.2298,40.0400,38.0268,70.1580
129.4075,36.0108,36.8088,70.1073
120.5949,33.3337,35.8571,70.0900
114.6480,31.7678,34.8759,70.9617
111.6382,30.7613,33.8891,72.0943
111.4478,30.1946,33.7772,72.3201
113.9446,31.3807,33.5962,71.8512
119.4722,32.6054,33.5249,70.7858
134.7888,37.1070,32.3221,70.6690
146.7780,46.0541,32.5617,70.1572
157.1315,51.9436,34.1238,68.6385
170.3854,54.2373,32.8817,69.8494
179.8682,56.9065,31.9761,70.7353
188.9158,61.7376,36.5325,66.4707
196.4536,67.6280,35.4818,68.4366
211.3019,64.1010,34.7561,70.9039
219.3870,59.7129,33.8942,71.7832
225.4301,60.4366,33.9585,72.1983
220.3309,59.2158,34.6011,71.1259
222.4119,58.4735,35.1995,70.4584
223.7133,58.9067,35.6311,70.1440
219.3659,59.5217,36.0315,70.2985
221.7634,59.2351,36.8754,70.3733
224.0629,59.6170,37.3171,70.5622
219.8329,59.0651,37.6805,70.7760
221.6730,58.7323,37.6735,70.9705
223.2193,58.6300,37.7190,71.4539
218.5955,58.1720,37.7383,71.5564
220.3360,57.9494,37.8723,71.6141
221.7652,57.5224,37.7899,71.8511
222.4819,58.1463,37.6737,71.7118
223.7903,57.9135,37.5017,71.5893
219.4332,56.8253,37.6875,70.7530
220.5269,57.9128,37.5886,69.7935
220.6690,58.9341,36.7647,69.5243
221.7808,57.9870,34.7959,71.3448
219.4246,58.2464,35.5920,71.0525
172.3277,65.9516,43.4375,66.6068
156.1080,61.5117,47.8470,64.4270
145.8367,58.8289,51.0460,61.6103
141.4038,56.4625,53.3881,59.9571
136.7552,53.5355,53.7952,59.2731
131.8780,50.9569,52.2351,59.1102
125.3873,51.5425,50.3950,58.7961
114.9722,51.6704,48.7026,58.6731
106.3173,52.5317,47.1013,58.2794
99.3282,53.3461,45.9088,57.3105
95.1800,55.0344,45.1283,56.4638
93.8496,58.6531,44.4287,55.5662
95.8718,61.1732,43.6069,55.1425
100.8755,64.2325,43.7996,54.4268
110.0230,71.2171,43.4416,55.6879
117.5256,71.0325,42.8156,57.5523
130.0535,71.4311,44.1857,57.2678
142.5862,70.5834,46.8285,56.3080
145.8097,63.1948,47.0374,55.7478
181.3732,91.3861,48.4013,57.4373
202.4108,87.4990,45.1835,61.3386
206.3072,89.9313,43.3007,63.9278
214.1570,91.4337,44.6794,62.8693
226.6703,100.6734,45.0070,62.1985
216.1252,103.9451,47.7816,59.3876
210.3079,105.4207,48.7171,58.5348
210.8177,107.2792,50.7494,56.7340
214.9135,115.3291,51.4697,56.1530
235.5544,111.7202,53.9271,53.5631
235.2128,114.9515,56.8419,50.2958
235.5531,117.4848,59.7505,47.2749
234.7199,119.1860,60.8589,46.1796
233.0318,121.1996,62.9914,44.0038
230.9770,116.6781,65.6898,41.5752
220.7828,118.9192,69.8689,38.0871
196.8235,107.3834,73.0034,37.3473
181.4509,108.0800,68.6953,42.9601
183.2473,85.1903,67.8126,43.7936
198.1186,71.7290,60.3590,50.7805
201.5911,70.8770,53.6053,57.7635
171.2334,64.6956,53.9064,57.5512
159.2578,58.7170,52.6915,58.2816
163.0228,53.5229,48.5493,62.0598
165.6293,48.4923,45.8007,64.5987
168.0944,44.0339,44.4305,65.7891
175.4227,42.9578,42.2033,68.1119
147.0755,57.2847,43.9237,66.1084
149.5878,62.0008,44.3159,65.7471
2
0
0
0
0
1
249.2847,71.8047,33.6005,30.6771
248.9190,73.0524,34.3708,29.5516
247.2998,71.3029,34.2087,29.2163
243.8857,67.8286,33.7476,29.1407
238.6576,65.6352,33.7873,28.8808
233.3843,61.9741,34.0783,29.2932
228.9562,59.8072,34.2460,29.0391
223.2214,57.1675,34.0941,28.9565
217.4286,54.4616,34.7610,28.6673
210.7499,53.0837,34.6192,29.0016
200.1448,49.9859,35.3433,29.0940
190.1664,48.7106,36.3059,29.1088
179.9991,47.0045,36.1722,29.4722
166.8210,47.3363,37.0193,29.5677
153.7668,47.1446,37.3983,30.8703
143.0682,45.7086,37.9904,31.8309
130.5194,44.7228,37.6408,32.7462
123.0626,42.0031,37.3611,32.8750
113.8082,41.1405,36.8467,32.3914
102.7662,42.0663,36.2484,32.9745
94.0830,41.6322,35.4697,33.4094
84.1233,41.1882,34.6102,33.8096
75.7623,41.1923,34.0231,34.2719
70.7075,41.7029,33.1939,35.0348
65.7119,43.6663,32.5999,35.7378
62.4137,44.5642,32.1782,35.7200
62.0614,46.9375,31.9863,35.6906
61.7094,56.2029,32.0476,35.7841
68.3570,62.9660,31.4560,36.3487
73.0040,69.0994,31.3676,36.3417
81.8809,79.2469,30.7102,36.8535
80.8663,91.3461,31.4851,36.7802
79.5739,93.2335,32.4841,36.5142
80.9983,93.1017,33.6532,35.9291
105.0924,112.0929,30.4001,38.6161
109.9301,116.1510,27.3365,41.7655
104.8080,127.1715,27.5816,41.4073
104.7299,129.3786,28.1444,40.7409
100.7895,129.6362,28.9612,40.0903
100.8603,119.2420,30.0052,38.7942
101.6077,115.3216,30.5155,38.4694
102.8710,113.4990,30.8005,38.1953
104.3421,112.0524,30.9085,37.5924
109.3646,110.7313,30.0250,37.0711
113.4135,110.9442,26.9767,39.6523
113.0269,110.2861,25.0384,41.0293
115.2270,111.0043,23.9168,41.3638
116.9301,111.9159,22.9490,41.3654
118.6676,113.4619,22.3876,41.8918
119.7146,110.1660,21.6182,41.7253
116.0189,107.6257,21.3009,41.5403
125.5814,104.5850,25.0395,37.9120
127.4924,104.0130,26.8994,35.9984
129.7987,101.9866,28.1684,34.5927
125.7531,98.5487,28.2361,33.8568
132.2949,98.1849,28.4524,33.8090
135.3638,98.7660,28.6665,33.9610
134.6540,105.9894,29.3883,33.5456
137.5763,108.7276,29.7777,33.5027
139.6599,108.9047,29.8476,33.7062
142.2080,105.9057,29.9116,33.7541
146.5381,106.8220,30.0231,33.7813
151.2827,104.6728,30.0656,33.7910
157.0356,103.4322,30.1181,33.7494
159.8926,101.8116,30.1649,33.7407
164.5980,68.3766,26.7416,38.1201
166.8314,64.3078,23.8767,41.4702
167.0224,60.7818,21.6476,44.2137
167.5155,60.4865,20.4266,45.7459
167.4247,61.9736,20.6927,46.0022
163.7060,59.9160,20.8554,46.5238
148.4693,61.9853,25.3394,41.5589
135.7334,64.1856,28.7261,37.4597
127.9972,67.1326,29.8070,35.3517
119.8260,68.5446,30.8020,34.3412
127.5805,70.6174,29.5064,35.5828
128.4148,90.2000,26.6030,38.3427
126.7540,89.6806,25.0483,39.4190
126.9867,91.7388,23.4061,40.8376
127.7649,90.4809,22.1921,41.7212
131.1336,92.1374,21.5759,41.5588
131.1779,90.9252,21.1519,41.4623
132.9939,88.5610,20.9881,41.0324
134.6441,89.8970,20.9063,40.5190
135.5462,90.8754,20.8509,40.1379
136.1579,91.5017,20.9536,39.5734
137.1118,91.9607,21.1468,38.9444
138.1235,92.4498,21.2491,38.3639
