1
508.7249,197.7998,53.8519,30.1662
503.4626,197.8554,54.1793,30.4013
492.5441,198.2552,50.9643,30.8810
480.1125,199.6673,49.6463,30.7581
477.0230,200.1157,49.1532,30.0716
460.2057,197.8466,46.7286,29.7923
442.5644,192.8469,45.3470,29.7548
439.1136,192.5834,43.7034,29.9809
427.1266,190.7148,41.4269,32.1247
414.5826,189.0529,40.0982,34.6926
409.9898,184.8934,38.8731,36.9409
396.8164,175.8987,38.3113,38.6299
385.4662,175.8441,38.6032,39.7171
377.5131,173.3860,39.1986,40.2571
363.1512,169.7796,40.0551,40.2315
351.5396,172.5284,40.3830,39.9982
346.9352,171.6122,39.9027,39.3680
333.4464,166.6484,40.5757,38.5542
325.3749,166.5535,42.0546,37.7944
316.2039,160.5518,42.8432,37.8135
298.1302,160.6563,41.5848,39.0629
287.4874,155.4646,40.6131,38.8979
273.9384,150.5643,40.4855,38.2670
272.3810,156.1512,40.6034,37.9346
261.9177,156.9603,41.4011,37.0955
259.8344,156.3271,43.9807,34.6063
253.1844,155.3244,45.5847,32.8527
231.0300,160.0840,42.8370,35.2526
234.2614,160.4913,40.8803,36.4214
230.5624,162.8229,41.0948,35.0834
229.8601,141.5100,40.3976,36.9840
218.2702,147.0260,40.6715,37.2877
186.3736,148.1606,40.5599,38.8619
176.0902,151.8160,40.8889,39.0173
169.2894,149.2757,42.0452,38.4635
162.5474,148.4778,41.7031,38.4160
157.1023,160.1229,41.9444,38.9331
156.0575,161.9328,41.9068,39.1624
166.4160,166.4452,42.4702,39.6192
163.0621,182.4282,45.9619,37.3775
167.0322,184.4637,49.6334,34.8707
167.7605,190.7096,54.6713,31.4057
169.5549,195.9192,56.0849,31.1849
173.1834,196.3487,56.9147,31.1499
175.2080,194.2404,56.5661,30.9526
176.4276,197.0169,56.0263,31.0367
174.3323,196.6663,53.5479,33.3850
2
0
0
0
0
1
161.7743,174.1114,35.3384,35.9163
164.5419,175.9417,34.9027,36.7219
165.2634,175.2738,34.5238,37.0134
167.9789,173.8910,35.1024,37.3400
169.4189,173.2455,35.0249,37.5973
169.7830,172.9107,34.9333,37.1170
171.8156,173.7058,35.1988,36.8522
174.0216,174.1782,35.1571,36.8297
176.3867,175.9651,34.8148,36.9622
181.6735,179.7702,34.3467,35.9661
182.3548,181.8635,34.4832,35.7802
183.7777,179.6147,34.3293,35.6155
185.7530,180.0875,33.2665,37.1287
188.7783,180.0281,32.2960,38.1162
191.0129,179.2480,31.8245,38.9881
196.2826,182.6689,31.3097,39.3183
200.5655,186.6938,30.8322,39.6590
201.3141,189.1350,30.9884,39.7063
208.0541,188.5205,31.0401,39.8302
211.2652,186.7825,31.4983,39.9983
213.5495,188.2401,31.9682,40.0673
214.6563,197.3047,32.9710,39.7997
219.9949,200.0112,33.2620,40.3821
220.5487,201.6201,33.7605,41.1949
223.3142,205.5611,34.7052,41.0441
224.6943,208.8834,35.7335,41.6698
225.0688,210.3960,36.6395,42.0338
228.0035,215.3957,38.1037,41.1158
233.1329,220.3390,39.8151,40.4209
235.6723,223.0490,40.7733,40.4153
243.6265,223.3638,41.6860,39.7638
242.1911,229.5473,41.8397,39.5450
243.0103,229.8394,41.5539,39.8046
245.9734,230.4246,42.0728,39.6507
249.1693,240.1760,41.6864,39.5397
255.4022,242.7659,41.9926,39.8859
263.7325,242.4700,41.7207,39.7853
272.8770,241.1591,41.3126,40.2025
279.2126,237.6909,40.1195,40.8780
286.8669,239.5832,39.7134,41.2874
292.0229,238.6765,39.8532,40.9369
298.2961,244.8518,39.6750,41.1780
2
0
0
0
0
1
264.4547,255.5625,52.6452,33.5126
264.8637,258.6411,52.3088,34.0525
263.9145,262.5834,51.8414,34.4753
264.1412,263.6310,51.0697,34.7729
265.8416,267.9771,50.9720,34.2190
268.5411,271.1086,47.9822,35.5979
270.4197,271.8530,45.8068,35.8820
273.5180,274.2973,48.1542,34.3659
274.8604,277.8025,46.7501,35.6249
275.6070,279.9827,45.8982,36.7140
276.8694,285.7390,45.2248,37.1891
285.0111,287.4725,45.6533,38.2307
290.4547,293.6127,48.9022,36.6478
285.9830,295.0073,48.0136,37.8007
278.4767,293.6697,50.0672,35.9092
274.8465,290.9240,49.3819,36.5177
272.9590,291.4911,49.6455,36.9209
271.3852,292.6471,49.9216,37.6184
270.9608,292.5877,49.6115,38.3908
269.1880,293.7374,50.0241,38.8653
266.0218,294.4817,50.6051,39.1091
264.2046,296.0207,50.3208,38.8937
260.8528,297.8429,50.4239,37.1406
258.7753,297.7311,46.8098,38.2619
260.7366,298.3946,44.6403,38.8949
261.3475,301.8378,43.5042,38.9851
257.3659,304.3003,43.1123,39.1345
255.8973,304.6584,42.3796,39.7114
254.5948,308.2290,44.9211,38.1247
252.1159,310.3312,48.2029,35.6558
251.6586,311.4073,51.1246,34.0634
254.5975,312.4838,54.7374,32.8785
252.2274,316.4449,57.3457,32.1673
252.0999,319.3999,58.8036,31.8677
250.6469,324.5045,59.8234,31.8006
247.1357,330.4167,61.1220,32.2291
244.8281,334.3284,61.3410,32.8815
241.8447,338.9904,58.5861,33.8762
241.5765,342.9584,57.2931,34.1333
239.7607,344.6562,56.4342,34.3250
266.9407,347.5082,59.3769,33.1259
279.9914,347.0103,59.2440,32.9483
282.0551,347.1985,59.2352,32.8325
283.7448,347.5270,59.0616,33.0893
2
0
0
0
0
1
235.8597,337.3354,44.4749,38.8486
235.2130,335.4583,43.8909,40.7952
236.2889,336.0040,43.8249,42.0643
235.7375,335.3172,44.9359,42.7498
239.7370,333.1392,46.2198,43.7031
242.0076,331.2096,47.5534,44.2576
