1
335.3983,118.8780,18.4713,25.8130
329.4572,117.9859,18.5129,26.3934
324.0279,118.9296,19.2128,26.4313
319.0485,118.2853,19.4984,27.2399
314.8468,118.6476,19.9741,27.3753
311.2211,116.8119,20.0415,27.0435
307.3473,118.1544,20.2886,26.8645
303.8515,117.5688,19.8315,27.9820
299.9213,118.6737,19.9909,28.5628
296.8613,116.6734,20.0522,29.3679
293.2769,116.4158,20.4897,29.6649
291.0019,115.1445,20.5245,30.3423
287.6442,116.3502,21.0182,30.6468
284.5042,114.0473,20.8911,30.7134
281.8896,115.5663,20.8248,30.4636
278.1607,114.4213,21.3571,30.3534
275.3235,115.6273,21.7595,30.0889
271.9534,115.4535,22.2098,30.1339
270.2217,116.2663,21.9171,30.4721
267.5643,114.4568,21.6154,30.5361
264.6794,115.1596,21.2160,31.0792
260.9240,114.5179,20.6432,31.4001
256.9652,115.1538,20.3979,31.5744
253.2348,113.9595,19.9675,31.6669
249.1898,115.4501,19.9509,31.2725
246.1255,115.0761,19.7956,31.6573
241.1047,115.4327,19.5925,31.6103
235.3256,115.0606,20.0209,31.6211
229.5685,115.0041,20.3879,31.2564
224.7256,114.2668,20.6103,30.6135
218.8834,113.7359,20.4132,29.8820
213.7833,113.9685,20.5645,29.6187
208.5784,115.4604,21.3995,28.8575
204.6617,114.9316,21.0459,29.3408
200.3801,116.5339,21.4074,29.0255
196.3686,117.3201,21.6166,29.0175
194.5223,118.0211,21.3869,30.0081
189.1217,117.5758,21.4107,31.2612
184.7950,118.4008,21.5009,32.1653
180.4908,117.5290,21.5795,33.1319
176.8289,118.1503,21.7295,34.0058
170.8983,116.9723,21.7775,34.4847
166.6535,117.3061,21.6406,34.2711
161.8140,117.7281,21.7740,34.2993
158.1486,117.6398,20.7717,34.1077
154.4449,115.6063,20.3146,33.9518
153.1968,116.8629,19.9029,33.7824
151.4240,118.9972,19.6737,33.4936
148.8920,123.2862,19.5973,32.8589
148.7826,123.7598,20.0017,31.6305
148.4054,125.4936,21.4242,30.0655
145.1184,126.7830,21.8929,29.2897
143.5857,130.1437,21.6362,29.2576
147.2911,129.6485,22.0306,29.3012
147.6544,130.2393,22.2937,29.5273
149.3147,130.3378,22.8147,29.4751
149.8572,130.9361,22.9682,29.4600
150.6713,131.5485,23.3040,29.2341
153.5650,129.1884,23.0554,28.8448
156.0309,127.5434,22.8578,27.8587
158.7042,127.8760,23.5733,26.7474
158.5586,127.2888,23.0456,27.2699
160.8703,128.6348,23.4265,26.7986
162.3203,130.8283,23.2302,26.8323
167.0405,135.5527,23.0443,27.9133
170.1286,135.1492,22.8587,29.2555
171.0851,135.4923,22.7654,30.6324
174.8581,135.4491,23.0473,31.6398
179.3314,135.8526,22.0091,32.9330
181.5967,138.1804,21.4021,34.8833
185.1428,140.0412,22.7818,34.2149
192.6328,140.1713,21.7285,35.2053
197.1671,137.5841,21.4802,35.2621
200.8958,140.0353,21.2921,35.0237
206.0638,142.0096,20.8714,35.2404
213.7147,142.4808,20.5782,34.8494
221.5700,145.2761,20.1526,34.9182
225.9328,144.3104,19.7285,34.8941
231.2672,146.0912,19.7162,34.6022
238.4214,146.0797,19.1866,34.6715
244.9664,147.3722,18.6686,34.9187
248.9567,144.3586,18.4462,34.9072
254.2442,145.4884,18.2534,34.1744
259.9214,144.3018,18.1817,34.0735
266.7526,145.9284,18.0998,33.8787
269.6864,144.5679,17.9898,34.4676
274.7240,145.5024,17.5685,34.9552
279.3154,144.8047,17.8056,34.6510
282.0409,145.9904,18.3997,34.4201
286.3799,145.1927,18.2445,34.9612
289.1719,144.9048,17.9465,35.3608
291.2975,143.3493,17.7397,35.3446
292.7827,144.7402,18.0132,35.3347
293.7551,143.2171,18.2462,34.4479
294.2438,143.9800,17.9335,34.6630
295.4218,142.9047,17.9253,34.8054
296.7389,143.4147,17.9208,34.9681
297.1486,142.8502,18.0147,35.8949
297.5209,143.7663,18.2017,36.3664
297.8563,143.0097,18.2713,37.1255
298.5712,142.2741,18.2569,37.5320
298.7350,141.7470,18.4735,38.0029
297.8135,142.1635,19.0374,36.8490
298.3361,139.6107,18.5041,38.0000
298.3886,140.9306,18.3265,37.4102
298.2287,139.8253,18.2305,36.6799
298.4119,140.2849,18.7504,36.1194
298.9001,139.2153,18.6344,37.3370
299.8391,140.1278,18.7712,37.2627
300.3483,138.4982,18.7867,37.8578
301.1263,139.8219,18.9982,38.2878
302.4387,138.2594,19.1483,38.7992
303.0285,139.4537,19.2334,38.6412
304.5533,138.3762,18.9838,39.2972
305.3650,137.9772,18.8323,39.7693
305.6656,137.2004,18.9666,39.7716
305.3557,137.0984,19.1256,39.3466
304.8575,136.1955,19.0047,39.5356
305.0586,136.2900,19.0515,39.5004
305.1630,136.1284,19.0466,39.6514
305.0510,135.6034,20.0597,39.4425
301.1120,132.1276,20.8620,39.8463
302.1001,131.9920,21.6182,40.8170
303.0036,130.5466,21.9821,41.6781
303.7113,130.4206,22.1829,42.9215
304.5049,130.7744,22.5067,43.6888
304.7550,129.1968,22.3942,44.0779
302.7061,128.8581,22.1995,44.3974
303.9160,128.8958,22.8747,44.7128
304.9333,129.5099,22.9653,44.6587
304.5331,126.1762,22.8208,45.4092
305.5892,128.3863,22.7709,45.3475
306.9348,125.3041,22.7750,45.8643
307.0317,127.3905,22.8260,45.4518
306.9749,125.3186,23.1829,44.9797
305.9422,127.5006,23.4430,44.4716
306.4337,125.2292,23.8620,44.8112
307.1296,127.0534,23.6789,44.5065
305.1651,125.0752,23.6821,44.5818
307.4313,127.6198,23.4397,44.2528
308.2072,126.5137,23.1154,43.9767
308.5847,126.4214,23.2694,44.0707
308.5499,124.4408,23.2746,44.3152
308.9628,126.6722,23.2885,44.2268
308.8832,123.5055,23.3031,44.2236
308.5510,125.0066,23.2366,44.0365
309.2075,124.0399,22.9035,44.3635
309.4915,123.2534,22.8640,43.9064
310.2518,121.2661,22.5518,43.8414
310.1953,122.4878,22.1666,43.4772
310.1600,121.9594,22.1069,43.3660
310.4963,123.0165,21.8608,43.1031
308.4249,119.9410,21.7623,43.5120
309.0537,121.5771,22.0475,42.9568
309.9708,120.9431,22.3078,43.0193
309.1436,120.7145,22.2829,43.1557
310.5229,120.8251,22.3888,42.7850
309.4442,120.7414,22.4204,42.5190
309.7386,120.3724,22.4350,42.3600
309.6997,120.4495,22.3244,42.1462
309.7955,119.0323,21.9077,42.5396
308.5750,119.7284,21.2656,42.8973
308.7594,118.9859,21.1505,42.3953
308.7707,118.5077,20.8274,42.4662
307.9853,117.3513,20.5061,43.0018
308.8013,118.7275,20.1907,43.5439
307.2944,116.9960,20.3909,43.4293
308.6326,118.2579,20.5715,43.1900
307.4763,118.2793,20.6355,43.2150
307.9552,118.3093,20.4530,43.5413
309.1959,117.7505,20.0379,43.3669
308.2389,117.6933,20.1108,43.7224
308.5595,118.9581,20.0857,43.5902
307.8271,117.9696,20.4767,43.2453
308.4481,118.3131,20.4146,42.6461
306.5390,118.1977,20.9380,42.0744
307.5404,117.4904,20.7261,41.8459
307.9185,118.7411,20.3138,41.5402
307.5352,118.2765,20.1246,41.6771
308.3389,117.9518,19.7713,41.5785
308.7043,117.8449,19.4460,41.6143
308.2110,118.4710,19.3074,41.8346
308.9073,119.1313,18.5068,43.0161
309.3046,118.9519,18.4373,43.2243
308.6787,117.6981,18.5858,43.7573
306.5396,115.0228,18.4807,44.9443
307.2376,114.2121,18.8346,45.9108
307.3904,112.7210,18.8203,46.0827
307.5423,113.5387,19.0580,47.0149
307.3679,113.3097,19.1774,47.5746
307.2947,114.1442,19.1851,47.9413
307.8362,112.1136,19.3438,47.7900
308.2372,112.2738,19.2321,47.7876
309.0858,112.5272,18.9014,48.1944
309.9951,111.3951,18.8897,47.4095
310.2805,111.2866,18.9569,47.5553
311.1469,111.6422,19.0763,47.2572
312.0913,112.9076,18.8885,46.4501
309.1820,111.5615,19.9280,45.0065
309.7076,111.0618,19.9625,44.8706
309.8742,112.1455,20.3583,44.9072
308.1801,111.1306,20.2286,46.0973
308.8829,111.0247,19.8574,47.0829
309.7694,111.5924,20.3109,47.1249
309.8222,111.5700,20.4553,46.7478
310.0572,109.3470,20.3371,47.0299
310.0436,111.0213,20.1179,47.5817
308.7490,108.9669,20.3180,47.2567
302.7952,107.2213,20.3930,48.2036
302.3801,104.6484,20.2412,48.7817
301.4515,108.4819,20.3971,50.0280
301.5779,104.9797,20.1374,51.2902
301.8370,105.1598,20.0591,52.8720
301.1346,105.6707,20.2916,54.5910
298.7959,107.3207,20.5352,55.8275
298.5184,108.2745,20.8581,57.1766
298.0710,106.2493,21.1428,58.0763
297.1199,108.0853,21.5657,59.7013
296.8280,110.5798,21.5425,61.8324
296.6359,111.9844,21.2120,64.5222
296.4782,112.2678,21.1211,66.7062
296.2773,112.5795,21.3590,68.3428
296.1348,113.6067,21.4192,68.9139
295.4813,112.7925,21.7430,69.9302
295.0983,113.3266,21.8167,70.4908
293.9398,112.1295,22.4321,70.7669
293.1327,112.4196,22.6346,70.8057
291.6968,110.9294,23.0279,70.8535
290.8643,111.9994,23.1384,71.0787
289.4930,110.0370,23.1060,71.6925
291.1198,110.5730,23.5634,73.2549
288.2545,108.0348,23.7807,72.9184
286.0948,110.8543,24.1335,73.7046
285.5141,106.6037,23.6707,74.5093
284.1027,111.8565,24.0322,73.2323
282.9967,109.5232,23.9711,72.3070
282.6306,112.2916,23.8563,72.0952
281.9734,109.9812,23.4655,71.9491
281.1422,107.6227,24.0493,70.5564
280.4857,107.3900,23.2682,72.7710
279.2551,110.1880,23.7447,73.2461
278.8091,102.6214,23.7367,75.2543
278.0906,103.4802,24.6215,76.1461
277.9644,102.2932,24.7069,77.2605
277.0829,103.0763,24.9809,77.9219
276.6727,103.6945,25.1145,79.5129
275.6270,105.1801,25.5439,79.5817
274.8496,105.6025,26.5991,78.9795
273.6128,105.5891,27.3138,79.3206
272.5241,106.4222,27.9026,78.3775
270.6395,108.7583,28.4529,77.2822
269.6394,108.2522,28.5175,77.5820
266.6184,108.1195,29.0655,77.2120
264.7320,107.3320,28.8758,77.6405
263.9803,107.8517,29.4522,77.1300
263.2792,106.6207,29.6577,77.4580
261.8646,105.5433,29.6470,77.6385
260.2163,105.4911,29.2928,78.0028
259.1210,103.7587,28.7680,79.6365
258.3853,103.1534,29.0219,78.9716
256.8111,104.0833,29.3191,76.6303
256.3354,104.4501,29.2357,77.5109
255.6748,105.3080,29.0517,77.8527
254.3994,105.3945,29.2885,77.8855
252.4608,104.2555,29.9312,77.4829
251.5524,103.9981,30.1100,76.5816
251.2074,105.8485,30.1193,75.4754
251.2514,105.8122,29.9888,75.0664
251.4503,107.1102,29.8507,74.8407
250.2316,106.2528,29.9154,75.4537
249.2076,106.1846,30.0077,75.7103
254.0755,106.3479,31.6689,75.1460
252.2588,108.3825,32.8882,74.8371
251.6559,107.9606,33.4474,75.3045
251.3755,108.1000,34.0021,75.0557
250.6405,109.3649,34.9351,74.8347
250.1186,109.8672,35.8564,73.1698
249.3302,110.0614,36.4389,72.1106
248.5290,109.6727,35.9693,71.7165
248.6512,108.6665,35.4917,71.8671
248.7390,109.7186,35.1170,72.2041
248.3953,109.1413,35.4470,72.4593
247.5844,109.4459,35.1813,72.5607
246.9474,109.2074,35.0330,72.0925
245.7981,109.5436,35.3553,71.4713
244.8950,109.4836,35.4793,70.3818
244.0381,111.3263,35.2241,69.4994
242.3216,111.4299,35.2570,68.5913
240.7050,114.7619,34.9813,67.9875
238.3916,113.0573,33.8091,68.2140
236.8199,114.1267,32.7472,68.1099
236.4975,115.4997,31.9707,67.1522
235.9590,118.1000,30.7826,66.3053
235.3025,118.7876,30.3771,64.8950
233.2106,117.3090,29.9407,64.7335
231.6278,115.5192,29.7623,65.2507
231.0424,115.8166,29.0302,65.7743
230.4030,114.4588,29.5984,65.8843
227.9753,113.3883,29.4894,65.8943
228.0918,108.2287,28.6493,65.8415
227.5022,110.2955,28.4235,65.0899
226.4796,111.2013,28.5514,64.1356
220.3680,110.9405,28.9839,63.5235
224.4408,114.3200,28.6845,62.6468
218.8316,113.9105,28.7752,62.0107
222.1356,116.2291,28.5677,60.5214
220.4173,121.0006,28.5077,60.2736
217.7627,116.0026,28.3449,59.2410
216.6137,116.6701,27.9910,59.3907
215.2509,115.5089,27.7200,59.8505
213.4267,116.1681,27.4860,60.3769
212.4366,116.5876,27.1416,59.9520
206.4756,113.8044,27.4844,59.2503
205.7641,116.4765,27.6794,59.4830
198.1938,116.5554,28.7120,58.7211
196.2689,115.7943,29.0089,57.9494
195.2552,120.4879,28.5633,59.1107
193.9455,119.0192,28.1289,61.0376
191.5240,121.5921,28.2008,61.4610
189.0439,123.3980,27.7338,62.4560
185.8345,120.6515,27.1080,63.0175
182.3381,123.5822,26.9044,64.7743
178.9162,126.3319,26.7407,66.4517
175.6952,127.1215,26.6629,68.2140
171.8416,128.3009,27.0498,69.5116
167.7095,124.5806,27.8046,70.1444
164.1313,120.3362,28.4602,69.3965
160.6100,117.8854,29.3945,68.3655
157.8286,118.3451,30.0507,67.5005
155.3550,117.8333,30.7726,66.2908
154.2529,116.6541,31.4122,65.7894
152.4514,120.3645,31.7111,66.2643
150.6286,124.0575,32.0227,66.6910
148.5716,126.4372,32.2456,67.1638
146.7128,130.2577,32.1738,67.9575
143.5812,126.4621,31.9716,67.6365
141.3888,126.8387,31.4863,69.9537
139.6342,125.0323,31.9768,70.7036
136.9253,130.5362,32.8167,70.5941
134.3019,128.1553,33.1012,71.8190
132.8423,124.3815,32.8629,74.2169
130.2081,122.0148,33.8501,73.2447
127.4864,123.3846,34.1355,72.3684
124.9854,124.7409,33.6144,73.9517
122.9335,124.5232,33.2919,75.2096
121.2303,120.9976,32.7879,76.3130
118.7527,121.9100,32.1714,78.1518
115.8698,118.5504,32.4535,76.7140
112.5437,119.2670,32.7677,75.8534
108.3480,116.8063,32.5051,74.1503
103.9317,116.9078,32.7972,71.5012
99.8081,116.2725,32.1405,69.7682
95.1366,116.0634,31.8257,67.9685
90.7446,117.7173,31.2172,67.2873
87.6343,120.2526,30.8682,66.4712
83.3072,119.3898,30.6028,65.4818
83.2150,117.8562,31.4447,65.7144
77.7463,118.4039,31.9130,65.0277
78.5706,115.7686,32.7840,64.8769
74.2204,115.6484,33.4343,64.1578
70.4574,115.3777,33.8413,64.2476
66.7990,116.0312,33.8488,64.3427
63.0730,114.7195,33.1710,65.4590
59.3586,115.1569,32.5039,67.5051
54.4437,112.4345,32.1594,68.6770
50.4180,113.4131,32.5753,69.3534
45.6672,111.9081,32.6045,70.5797
44.6200,108.8797,32.9587,70.5177
37.8019,107.8176,32.6269,71.0838
36.5388,107.3403,32.5477,69.7791
34.0883,106.7966,33.0257,67.5145
27.1937,106.5980,32.5614,66.4974
17.3712,108.3495,33.1335,67.3292
15.6828,108.5668,32.3485,69.3503
12.4152,106.5262,32.0889,70.6434
10.2453,107.2560,32.1153,71.4553
