1
34.8319,58.9785,69.6777,85.9029
38.5592,64.2317,68.6557,85.7307
45.4513,71.0464,69.0158,85.6040
55.2411,75.7987,68.9737,84.6353
65.4752,79.6017,68.5797,83.5316
76.9963,83.5070,68.5005,82.0516
85.3517,85.9283,67.6988,81.2037
94.6543,90.5271,67.1215,80.3857
105.3522,93.6519,66.2743,80.2724
115.6797,95.9525,64.9193,80.6355
123.4629,95.3043,63.7656,81.8240
130.1084,93.2406,63.2904,81.4949
135.3911,89.9885,62.6090,81.2016
139.7858,86.3454,61.8242,80.6239
144.8187,83.1415,61.5697,79.7139
150.6998,80.8242,61.7171,78.5116
156.6212,77.2151,61.5854,77.8810
165.0868,74.3889,61.4630,76.7126
179.9280,73.3716,61.7511,75.5656
196.6395,74.1042,61.6836,74.7398
213.2708,74.7970,61.4672,74.2582
230.3939,74.4371,61.3864,74.4082
246.3626,74.6628,61.1063,74.3090
260.8124,73.8077,60.6167,74.3313
275.1068,75.1217,60.2305,73.2508
287.3709,73.3065,59.8571,72.5885
296.5534,71.0543,59.4544,72.3587
298.5605,69.9259,59.2218,72.1565
297.9381,69.0525,59.0406,71.8280
292.6977,68.8807,58.6303,71.9687
281.0001,69.0596,58.3915,71.2606
266.8933,68.8530,58.5149,71.2030
253.2790,67.0955,59.2920,71.6692
238.2897,66.5870,59.5196,72.7314
223.1400,65.8435,60.0832,73.9467
208.5358,65.9641,61.4445,76.4969
191.9392,64.7383,62.6065,80.6756
177.9293,64.9581,64.3105,84.2080
168.9908,69.6711,64.0269,85.5104
160.0766,79.6102,64.5935,84.9596
151.7843,78.8822,64.8282,85.2482
143.7640,81.1409,64.8761,85.4620
136.7816,82.2303,64.9752,86.2311
131.7765,80.3023,64.7262,87.4647
126.2652,85.8271,64.6810,87.2333
123.2632,87.3186,64.4383,87.0445
119.7842,88.2249,64.4527,86.1222
117.0430,85.7336,64.9022,86.6023
113.7011,82.9483,65.8084,87.4720
111.9537,80.2121,67.3798,88.3557
114.6513,80.2298,68.1107,89.7502
122.2862,81.0787,68.9239,90.0941
134.4930,80.2541,69.2622,89.6443
152.9009,81.8837,69.2361,87.1412
172.2933,81.7839,68.2268,85.2274
190.5930,78.6231,67.4139,82.7091
211.4265,78.1309,67.1134,79.4310
228.9193,77.8210,65.1887,77.4958
246.4363,78.8518,63.6930,76.1337
261.5797,79.0119,62.9247,75.5698
275.9340,78.6442,62.3125,74.5829
289.8242,73.1623,61.2947,75.3921
300.3019,70.0397,61.2055,75.4792
307.5077,67.4717,61.5232,75.3546
312.1824,65.1602,61.8218,75.5866
313.9410,63.8707,62.2950,76.0421
309.2013,63.3232,63.0305,77.1323
300.1128,65.5058,63.9079,78.0823
284.2821,70.8623,65.6835,79.3999
265.9598,75.5098,67.6356,81.5177
247.0978,78.0325,68.9963,82.8484
225.4738,80.2171,70.5415,81.1247
202.4994,80.6765,71.8447,80.9132
178.6955,81.6664,72.2135,83.4381
156.8301,80.8887,72.1374,87.1899
135.7666,77.6228,73.0384,91.4294
112.4824,75.2925,75.3330,94.6414
91.8027,68.0298,77.1454,96.2707
71.7032,62.6089,77.9533,96.8115
51.2624,60.8707,78.1474,96.5554
30.0565,60.7858,77.6885,94.7011
6.3441,67.7576,78.1647,91.4033
-1.8048,73.2985,75.5591,89.8957
-2.0566,75.8683,72.3990,87.8357
-3.8203,76.5524,69.0516,86.2171
-2.0232,75.8707,67.3766,83.9277
-1.0269,73.9057,66.6452,82.6130
-0.4694,74.1454,65.3017,82.0281
2.0334,74.3146,66.4375,79.4825
4.3065,76.4116,67.6569,77.5746
5.2891,76.2807,68.4038,76.2680
16.4950,72.0451,69.1816,77.6648
19.2570,71.8070,68.5918,80.6795
25.5081,73.0711,68.8712,81.5062
32.7129,73.3321,69.7051,82.4344
41.5015,77.2556,70.8843,82.2135
50.9094,81.1363,72.0597,81.9511
61.8360,84.9021,71.7247,82.8019
72.6461,87.1609,71.2343,86.4773
84.1231,89.0371,72.5823,89.9108
99.8511,91.1021,73.8101,92.1389
117.7527,92.3518,75.0265,93.7905
135.3266,91.0281,75.8286,95.2950
156.1342,93.6731,75.8495,94.9169
177.1978,96.4885,77.1351,93.4673
197.4414,100.8776,79.1906,93.8919
217.6280,103.6739,79.6283,92.9962
238.3219,106.6679,81.5639,90.9743
269.1821,108.1622,79.7478,90.0913
291.7023,108.9630,78.4697,88.8304
312.4515,105.3101,76.5898,87.5057
329.5148,102.6935,75.2055,86.6905
344.1201,101.3022,74.1711,85.8683
349.9991,97.2484,72.5401,85.2039
352.8256,92.8660,71.0506,85.5567
353.1957,89.0279,72.1850,87.2400
345.7054,81.5808,73.9854,89.2056
336.0252,75.8279,76.6831,90.9823
323.0322,69.8022,79.0363,93.7110
306.5448,67.5142,81.4494,95.8904
289.2692,64.8413,81.9746,97.1115
275.8628,65.5722,81.9858,97.4910
269.5892,65.8123,82.4399,97.6259
264.5740,68.9237,82.8473,99.2559
263.8244,69.2206,84.1070,103.4985
257.4810,65.8564,84.3862,105.9189
261.2535,69.9274,84.8540,112.1270
253.6169,71.8778,86.3603,115.6370
242.1405,78.0939,89.2297,112.6862
211.6331,77.2935,89.5358,108.3793
197.8729,74.9588,89.3047,105.3915
185.9878,70.8602,90.0073,102.0561
170.0610,69.6502,88.8336,98.8561
158.3814,71.0308,87.5915,96.3604
160.8443,73.2206,85.1903,95.6673
173.7980,75.5748,84.3408,93.9874
191.3602,74.4270,85.8081,92.7738
209.8322,74.6373,84.0277,92.7121
226.9997,83.7804,82.1992,95.5399
239.1539,86.5763,81.0524,94.3443
247.2596,92.2401,78.9780,92.4658
252.6375,95.9619,76.4188,90.4333
253.0043,98.6385,73.9632,88.9450
250.8699,99.4783,71.6582,88.0192
246.6733,101.8168,69.8784,86.4689
241.1912,104.2245,68.1833,85.4575
235.2770,104.6239,66.5361,84.1394
231.7330,101.8226,65.6576,83.6018
222.8859,98.9013,65.3153,83.2415
223.4306,92.4837,64.9584,81.5647
233.4523,84.2333,64.5189,79.8229
246.5187,81.8197,63.3639,78.4079
263.9051,82.8531,63.0254,77.7001
281.1750,83.4421,62.4680,76.7579
294.9653,82.2207,61.4952,76.5936
304.4791,77.9236,60.8187,77.0954
310.5137,72.9777,60.6861,76.6264
313.5577,65.9767,60.2951,75.5531
313.7204,63.8182,60.0725,73.7702
311.3523,65.2101,59.8020,72.6049
305.4866,71.2369,61.1611,73.0514
298.0981,76.6069,62.6662,74.8553
289.7058,86.7511,63.4385,78.4200
281.5077,97.2903,64.6273,82.2351
274.5948,103.6281,65.8753,85.5430
273.0652,104.5327,66.8456,87.7979
267.2870,100.0395,67.5760,88.7299
255.2922,92.0911,68.5078,89.2268
241.0420,81.0921,69.7646,86.8347
230.1666,74.5709,71.1116,85.0369
217.3238,69.7610,71.7045,84.2071
207.7963,67.3791,72.8717,83.7556
212.6561,66.5656,74.2934,84.3603
214.0255,67.4513,76.2331,84.6331
209.1130,69.4166,77.0233,84.8665
193.8656,72.3602,79.4525,84.4287
177.2708,76.9970,80.1249,84.9273
160.7354,84.5274,81.3501,85.7748
156.6858,91.4453,81.9586,84.3219
165.1892,92.6988,81.7894,83.3104
167.7722,92.7297,81.1466,83.4833
168.3741,88.9576,79.1203,84.1317
170.3780,88.3015,77.5457,83.3179
181.6544,89.6608,78.3578,82.3219
193.8941,89.9110,77.5157,81.0615
197.6995,89.6826,76.0883,79.7339
202.1825,87.9273,74.4656,78.8134
205.7966,82.9579,72.9231,77.6715
216.8683,78.0502,71.3166,77.1995
221.6436,73.9071,71.2551,76.1204
218.7688,71.7286,69.5729,75.1818
218.1955,72.2249,69.2222,74.0670
219.8826,72.9003,68.5676,75.1566
221.0817,71.3913,67.3220,77.4433
223.3914,69.5858,65.8369,79.3069
221.6344,75.3812,65.4701,77.6785
220.9507,77.8093,64.5853,76.1763
221.5544,79.7686,63.9249,74.9617
223.7997,78.3853,64.0969,75.4448
228.3433,76.2691,65.0876,76.9735
239.7474,74.1496,67.0728,78.5490
256.5583,72.4738,69.2631,81.5621
273.3496,74.7636,72.2161,85.1064
279.7433,72.1606,73.7000,89.5487
264.6150,66.6356,75.9936,90.5803
249.8750,67.5769,77.6949,89.9550
236.1432,70.9506,77.9737,89.2123
237.6201,74.0767,77.2215,89.5978
243.6709,79.3909,76.4485,91.4137
248.9088,82.4380,76.9442,92.1456
245.0636,85.3159,76.7629,94.0370
229.9817,83.6257,76.7004,96.8828
208.6209,82.0669,78.5115,95.8885
189.2667,78.2080,81.0371,94.8371
172.3604,84.0436,81.8644,92.1792
157.0808,94.1102,80.0051,91.7548
149.5510,101.0146,78.1514,90.9038
149.1171,104.3691,75.8931,90.8041
152.3507,105.0131,74.1647,91.2522
159.2335,99.9233,75.0166,91.5802
165.5239,92.1087,76.5399,91.5230
176.3923,82.9137,75.3870,90.7464
185.5576,73.3985,73.2584,89.5596
196.5213,62.3215,71.2836,90.3253
214.5142,57.9186,70.1538,90.3904
227.0580,54.3908,70.2789,89.9567
234.6605,54.7886,69.8460,90.2089
240.4398,58.6696,68.9564,89.1644
241.9877,63.9110,68.6809,87.3249
239.0706,68.7543,69.1202,85.7056
227.9215,72.9833,70.9784,82.5595
217.8548,78.3431,72.5242,81.8068
206.5482,77.9719,73.9940,82.6524
193.9923,83.5596,75.9557,79.5416
184.6340,97.5445,76.2320,76.6435
185.2971,107.9677,76.6694,78.7652
190.0385,107.2315,78.0432,80.8201
193.1577,99.4331,80.0374,81.1769
199.3863,92.9423,80.3294,81.7436
208.9291,83.0596,79.6029,82.2854
218.8894,79.0166,78.6778,82.7463
226.6760,77.4360,77.9342,82.5896
230.7137,76.4585,77.0556,83.0892
233.3551,80.7836,76.7339,84.4466
240.7737,88.3276,75.9554,85.5032
244.3254,92.7333,75.4529,87.6054
244.9387,94.4098,74.6473,90.5996
241.2607,94.4897,74.3889,92.9156
229.8723,92.9566,75.5767,92.7681
219.9114,93.1909,75.9867,94.0235
214.7919,97.2805,75.7805,94.1218
206.8523,95.2856,75.4348,92.6142
204.2540,89.7673,74.6471,93.3357
204.2471,88.2951,74.9273,94.7398
201.4942,106.7751,77.3918,92.7241
199.6021,108.5723,78.5460,91.7451
205.0379,106.5083,78.9914,92.0482
215.0926,101.2759,78.3192,93.1102
227.8427,97.6862,77.7868,95.2433
230.0363,88.3813,78.1153,96.7898
230.1073,90.2562,78.7618,98.4282
221.3836,80.2530,79.7115,100.1945
215.4051,79.7878,80.0412,103.1956
209.9916,68.0306,81.2593,109.0633
199.0369,69.9659,83.2774,110.2586
203.2657,67.6749,85.9848,114.1600
202.0884,64.2962,88.1006,114.7178
202.3502,66.1415,88.2093,115.8917
206.3561,57.7325,88.3160,116.0665
213.9367,60.3293,86.3283,119.9535
208.5387,55.7867,87.3844,120.5267
202.5685,55.7410,88.1660,119.2143
207.5138,59.0119,90.8485,119.2750
181.1063,51.2499,92.9295,113.8150
182.0824,55.6011,97.0915,107.2025
163.2095,60.0427,98.0998,102.7382
146.8698,64.7367,96.8606,100.2702
132.4160,70.3841,94.8672,99.7359
127.0036,72.0330,92.2078,99.4408
125.2018,69.4534,89.2214,99.7173
129.7850,62.2886,88.2723,99.8813
142.4881,58.0169,87.4884,99.7037
163.5665,50.6723,88.9568,97.9359
186.5522,50.8663,88.6556,95.8642
211.3776,56.4904,88.3066,96.3887
234.8214,59.2711,88.5382,99.0904
250.2493,68.6936,87.1622,104.5179
265.8853,70.5963,87.3370,110.3463
272.6200,67.8465,87.7431,115.6115
269.5764,65.4747,89.0046,118.3469
262.8033,60.5812,90.4757,121.6647
255.3534,58.8837,92.3898,123.8032
250.4161,58.7846,93.8166,125.2036
246.5576,57.4277,95.0578,126.3566
247.1231,56.5473,96.0594,126.1633
245.7991,57.7344,97.8942,125.8288
243.9272,58.3739,100.1301,127.4518
229.5875,60.0376,104.8131,125.3966
226.6104,73.0600,109.3463,124.3493
207.6673,76.8394,111.6986,122.5473
193.2412,80.2703,110.6800,120.2862
209.2632,78.5186,109.2331,121.2751
211.8764,79.7628,104.1459,120.8824
218.3576,80.6745,99.9255,120.9340
228.5143,80.5376,95.6077,123.0766
236.8857,86.4394,93.4481,119.6781
238.6293,85.6737,90.6121,115.3881
237.3948,83.6637,88.0592,114.5123
237.2671,81.6124,86.6951,114.9555
239.4095,80.0293,86.1447,116.7919
243.5304,77.3722,84.8482,117.7106
232.5183,64.0815,85.9987,118.3262
197.6147,63.1171,89.5501,113.4309
175.6758,62.9244,90.7548,110.2242
161.6659,66.8709,92.5139,106.1410
163.4564,67.9172,93.7459,103.4302
174.2107,67.8817,92.6034,101.0231
195.1939,66.8954,90.4310,99.4922
235.2480,56.8547,89.7241,100.1424
272.2431,62.3307,92.7673,100.0394
293.4904,60.5239,91.4261,99.3938
291.0848,53.8276,90.8126,98.0627
265.2498,53.1341,91.0046,98.2878
226.0397,53.6681,93.6620,95.9399
187.0574,69.7957,91.3534,94.4998
176.6640,85.2647,90.5322,93.0727
175.3791,100.7757,91.1076,92.8474
183.8186,109.6332,93.4470,93.3157
192.8774,96.7104,91.8312,98.7647
199.7204,85.2872,88.7006,103.6988
208.1263,75.7691,88.5601,104.3642
232.4831,65.4056,85.0393,100.4375
236.9670,64.8321,81.6555,98.0534
226.8232,66.1777,82.2853,96.4713
205.0484,75.8515,83.8428,95.7892
204.1431,76.6768,84.5640,95.5772
202.2788,97.6816,84.4939,96.2924
207.2561,109.9376,83.6624,94.9219
228.9695,114.0607,82.5914,91.4909
260.1055,113.6152,80.4709,89.9006
298.7368,104.0875,81.7565,88.1692
329.0368,90.4670,80.4886,87.6212
335.6814,75.2962,79.1150,87.7037
315.1303,65.5667,78.3905,87.1058
278.8686,65.0222,77.9951,93.0145
247.3283,68.5699,79.0541,93.8284
213.8046,71.5357,77.9895,92.2483
184.9450,76.0801,79.6105,89.9539
156.1780,81.0050,80.8850,88.4303
136.0893,89.1800,79.7573,87.4291
135.1398,96.3221,79.3033,86.1015
140.1933,102.8969,78.4051,83.7364
190.4782,126.5070,78.7087,82.6141
196.9121,129.1517,78.6572,81.9781
198.1040,124.7346,77.7474,82.1870
202.8756,108.2999,75.4783,87.9785
193.7716,94.2462,75.5897,91.1776
179.3141,83.2928,78.5563,92.4000
158.9033,80.9846,80.7317,90.0276
140.2066,83.3784,81.4543,88.5330
129.4946,89.1291,79.8315,87.5880
130.9962,92.5014,78.8981,87.2239
141.8804,88.6563,76.7584,86.3781
159.0002,77.6828,75.3477,86.6735
