1
527.8730,55.6196,19.6131,19.4109
527.4792,61.5741,19.0923,19.2452
525.3366,76.7676,18.7584,19.1523
524.5927,85.9836,18.3953,19.4197
522.1559,99.8391,17.8129,20.3169
522.2943,107.0191,17.7669,20.6340
522.2301,117.1191,18.0397,20.4062
521.3797,135.4312,18.5669,19.6628
526.5178,136.2157,18.9262,18.9365
2
0
0
0
0
1
577.9014,209.4305,15.8226,15.5836
582.4764,217.2726,15.7917,15.9662
589.8843,227.3801,15.7517,16.0434
592.5965,235.2229,15.6420,16.1850
597.5580,243.4485,15.9263,15.9828
2
0
0
0
0
1
625.6823,268.1485,16.7223,12.5473
629.8087,270.5341,16.8296,12.9834
631.6467,271.9713,16.1913,13.5242
635.5206,270.6602,15.5817,14.1496
636.2813,269.1615,16.0230,14.8596
636.9567,268.4564,16.1632,14.7884
638.0351,268.6275,16.5789,15.0212
638.7197,268.8458,16.6738,14.7367
640.1019,271.9988,17.0497,14.7470
640.9441,273.3972,16.6737,14.8652
642.0520,275.5414,16.6752,14.6378
646.1966,274.5508,16.5413,15.0996
646.9503,275.7597,16.4645,14.8943
648.0193,275.1968,16.9598,15.1005
