1
34.3124,59.3181,69.8000,86.1597
39.3543,64.3541,68.5321,85.8586
46.2161,70.9409,68.7876,85.7224
55.0450,75.3592,68.8118,84.6846
65.2396,78.7049,68.5696,83.8021
76.8572,82.4506,68.4549,82.2198
85.3188,85.3781,67.5475,81.3931
94.3403,90.1323,67.0328,80.5096
105.6153,93.7520,66.1918,80.3064
115.5958,96.0577,64.7944,80.7744
123.6281,95.3175,63.6887,81.9121
130.5621,93.2750,63.2436,81.5508
135.2782,89.9253,62.4936,81.1529
139.9101,85.9589,61.7258,80.5585
144.1449,83.3994,61.8175,79.2040
150.4417,81.0258,61.8313,78.1451
156.4413,78.3000,61.7189,77.5753
165.4463,74.3115,61.5396,76.3675
180.2072,73.8666,61.8082,75.2686
196.0138,74.4341,61.6405,74.5682
213.9126,74.2417,61.2726,74.4527
230.7142,74.2906,61.2704,74.7598
246.4550,73.9614,60.9746,74.5723
261.4587,73.5951,60.6132,74.3653
275.8680,74.8055,60.2333,73.2779
287.4138,73.0791,59.9477,72.6032
296.7808,72.1845,59.7505,72.2289
298.8980,70.2292,59.3496,71.8150
298.3098,69.1816,59.0853,71.5744
292.6883,69.0454,58.6242,71.7689
281.0052,69.9083,58.3034,71.6229
266.8908,68.5347,58.2004,72.0380
253.0438,66.2532,59.1114,72.7315
238.6726,65.2396,59.3570,73.7798
223.5494,65.8863,60.1220,74.4521
207.9658,64.2617,61.4823,77.6745
191.3071,63.3137,62.8400,81.9809
177.9305,64.8203,64.4633,85.4180
169.1454,68.3653,64.2642,86.5610
159.0616,76.6244,64.7383,87.2990
152.2064,82.9960,64.6625,87.4991
144.0260,83.9121,64.5651,86.4285
136.8406,83.6760,64.5915,86.4034
131.3886,82.5071,64.5743,86.5841
127.1314,86.9583,64.8184,86.4034
122.8858,89.0796,65.0822,85.6271
119.5813,88.9837,65.2561,84.6848
116.3931,87.5407,66.0619,84.8233
112.7295,84.6120,67.5699,85.1848
111.0717,82.1572,68.6656,85.9751
113.6854,81.6675,69.9336,87.3008
122.7374,80.1156,69.5847,89.4336
134.9019,78.4804,69.7578,89.7438
152.9068,79.1529,69.6571,87.9692
171.8493,80.6249,69.1523,86.4338
189.5839,78.5117,68.2967,83.9288
211.2890,78.6888,68.0325,80.0901
228.7640,78.3048,65.9547,77.9585
245.9528,78.8711,64.0956,76.3114
261.1873,79.2111,63.2809,75.8191
275.6985,77.8294,62.3881,74.6845
289.7131,73.1251,61.3673,75.6675
299.6162,70.7100,61.2421,75.6527
307.3220,68.1064,61.7645,75.4375
312.3837,65.6090,62.0465,75.6868
313.9893,63.3976,62.5169,75.9688
309.5678,63.8549,63.3286,76.9251
299.8373,65.5418,64.0452,78.2077
284.1582,70.5607,65.8028,79.5805
266.0947,74.3575,67.6326,82.2915
246.8722,77.8800,69.1076,83.2102
225.1824,80.3235,70.6495,81.3965
201.5944,79.0734,71.9468,81.9551
177.6754,80.4969,72.4683,84.1739
156.3296,79.9893,72.4640,87.5955
135.4586,76.7772,73.0904,92.0425
112.6510,74.8133,75.5021,95.0167
91.5410,68.2376,77.3529,96.4182
70.7847,63.0125,78.1443,96.9793
50.4410,61.1265,78.7244,96.1186
29.8969,61.4638,78.1845,94.2951
6.0121,67.1761,78.5328,91.3923
-2.2192,73.1300,75.9486,89.8817
-2.8432,75.4437,72.3958,87.5666
-3.7041,76.3124,68.8099,85.8979
-1.3610,75.8748,67.2368,83.3334
-0.7477,74.7375,66.4283,82.1683
1.1376,74.2930,65.8923,81.3888
5.0007,74.0290,67.4153,79.5321
7.0783,72.6088,68.8267,78.8468
9.1156,71.4119,69.7332,79.0180
12.3704,67.0837,70.1095,81.3366
16.6884,74.6598,69.4138,82.8268
24.8415,72.1457,68.9556,83.6196
32.4215,73.0724,69.9612,83.7503
42.6182,77.2427,71.7034,82.8880
51.5703,81.2136,72.3084,82.4429
62.5694,84.3766,71.7393,83.5966
73.4781,86.5587,71.2126,87.1458
84.2902,88.3874,72.4607,90.9026
99.9896,89.6663,73.7349,93.2552
118.0189,92.0324,75.1481,94.9541
135.0609,90.7640,75.9867,96.3264
155.5160,94.0373,76.1276,94.8089
177.5228,97.4892,77.4774,93.2072
198.0760,102.6675,79.3303,92.9716
221.1709,105.6678,78.3162,91.8662
246.4444,108.3272,77.1043,90.9511
272.1736,108.6725,76.2877,90.5523
294.4984,108.9816,75.0458,89.7748
314.2463,106.3559,73.7296,87.9093
330.7210,102.9954,72.9520,86.9460
345.2151,100.9188,72.4219,85.8525
350.4601,97.1084,71.5725,84.8973
352.5164,92.7854,70.2646,85.4436
353.2806,88.4529,71.6587,87.2740
346.6939,81.4888,73.7943,88.9434
336.6793,76.2890,76.3796,90.4779
323.1875,70.3674,78.7632,93.0759
306.6323,67.6473,81.3168,95.6429
289.6797,65.3817,81.7125,97.4713
275.6670,65.1466,81.8592,97.6443
272.3032,68.9158,82.8363,99.8809
265.5985,70.1167,83.9019,102.3288
264.6099,71.7058,85.5472,107.0211
258.2551,66.8553,86.4099,111.1691
261.9384,75.3744,87.1502,114.0046
254.4143,78.6348,88.6089,115.0620
241.4815,80.8375,91.1082,113.5859
219.4884,80.2577,93.7380,111.3648
200.0073,77.4612,92.2014,110.6151
183.3808,71.6108,92.6343,107.1456
167.0044,68.8166,91.0518,103.0298
157.8837,70.3079,89.9170,99.3908
160.9131,72.1961,87.7556,97.7215
176.2159,76.2460,87.3215,95.4613
197.2325,78.8466,87.3475,95.1212
213.5857,79.9257,84.5020,98.3589
229.0530,82.7273,82.8425,98.9363
241.9644,90.9896,81.2155,97.0493
250.3792,93.7280,78.3525,95.0834
252.0859,96.1439,76.0192,92.2495
253.5132,97.4865,73.5534,90.1106
251.0427,98.4383,71.3334,88.8497
246.5006,101.5932,69.8233,87.2762
240.7652,103.2728,68.5807,85.5352
235.4805,103.9750,66.8537,84.3698
231.2773,102.4006,66.4140,82.9340
223.9882,96.3077,65.6131,81.1092
224.2111,89.8493,64.7693,79.2598
233.3102,82.4807,64.3352,77.6902
246.7132,80.8901,63.9276,77.0881
263.9247,83.4689,63.7077,75.8886
280.9498,84.7585,62.7281,75.4168
295.6986,83.2382,61.5831,75.5897
304.2720,77.7817,60.8858,76.4211
310.2087,73.1331,60.6470,76.0291
313.8456,65.8611,60.1801,75.1638
313.8507,63.3570,59.9814,73.4916
311.3098,64.6138,59.6840,72.3584
306.1430,71.0272,60.9376,72.9155
298.2427,76.9526,62.4464,74.8236
289.8944,86.5233,63.4853,78.6056
281.5631,97.2988,64.6732,82.5835
274.8184,103.9608,65.7114,86.1215
273.1250,104.2144,66.8613,88.1626
266.8966,99.9991,67.6098,89.0205
258.6791,92.1093,68.6844,89.7122
241.3495,81.9342,69.8527,87.5762
230.0768,75.3333,71.3643,84.7280
217.1131,69.6915,71.8542,84.0058
208.2921,67.3229,73.1233,83.8674
211.7660,67.1710,74.9309,83.8366
216.1564,67.9129,76.1335,84.0332
209.7283,69.0471,76.8514,84.7805
194.5629,72.4422,78.9675,84.2726
177.6062,77.4371,79.4155,84.8366
159.4476,85.1113,80.2618,86.2698
155.6201,91.6079,80.5161,84.4442
164.2277,92.7999,80.7611,83.5273
169.9875,91.5167,80.1152,82.8070
168.8667,88.7516,78.5676,82.9699
170.1887,88.0925,76.9236,82.6273
181.4104,89.5229,77.7011,81.6557
194.1588,89.5916,76.8863,80.7709
200.3482,88.8926,75.7952,79.1875
203.6113,86.0181,74.4183,77.8380
206.2523,82.0264,73.7820,75.8886
216.9085,78.2842,73.1943,74.8897
221.1250,75.1291,72.7041,74.6021
218.1501,71.8254,70.5099,74.0833
217.7984,72.5091,69.4938,73.4001
218.7962,73.3698,68.5577,74.5229
219.7552,70.6923,67.8419,77.6226
223.7850,69.8120,65.9215,79.1946
222.2769,74.4763,65.3834,78.1055
220.7392,77.3952,64.6434,76.4170
220.8946,79.5868,63.9793,75.0391
224.6554,77.6451,64.1799,75.6008
229.2735,75.4646,65.1661,76.9164
240.2325,73.8343,67.0525,79.1297
257.6758,73.3693,69.4476,81.6854
273.4201,74.4372,72.3914,85.1596
279.3177,71.6177,73.8655,89.4538
264.2527,67.1403,76.1308,90.4098
248.5061,67.7667,78.5936,89.8706
234.5938,70.2562,78.8616,89.3688
235.9214,74.3189,78.2224,89.4453
240.9530,78.4253,77.7989,90.0047
247.7603,82.5731,77.5429,90.6791
245.3843,85.8938,76.9165,92.7996
230.4666,84.0535,76.8949,95.7717
209.1962,80.9183,78.2811,94.6994
189.3814,78.0824,80.7068,93.7000
169.9584,84.8605,80.3679,92.3681
156.1693,94.8948,78.4306,92.0322
149.2820,101.7875,76.1997,91.7688
151.0304,104.0667,74.2342,91.0445
153.9631,104.4323,73.7557,91.1009
158.9224,99.5353,74.6372,90.7726
167.7158,92.9056,75.0201,89.6800
176.3118,82.1771,74.1749,88.6975
186.3321,73.5633,72.2228,87.6713
196.7678,63.9831,70.9874,88.3001
215.2071,58.9746,69.9073,89.0534
227.4135,53.8434,69.5940,89.0365
235.2426,53.9644,69.0174,89.4617
240.7966,58.5612,68.4906,88.0170
242.9683,64.1660,68.1375,86.5271
238.4393,69.0578,68.4901,85.4710
227.7698,72.7495,70.5065,82.3765
218.4780,77.9035,72.3457,81.4339
201.0330,82.7794,73.8606,82.4624
188.3684,91.5313,75.1916,81.6736
182.6340,99.3975,75.4506,80.3711
187.1425,104.4967,76.5937,79.7542
188.0157,106.2783,77.2335,80.8156
192.1069,102.5179,78.1511,82.5575
198.8611,93.4927,78.6722,83.7629
209.2363,82.7956,78.5085,83.5522
219.5343,76.4283,78.3477,84.1044
223.7428,65.4759,77.6777,88.0647
228.0604,61.0789,77.0306,92.7616
232.9394,77.4828,77.5915,92.0757
240.7439,87.5927,77.3867,92.9967
244.0922,92.8274,76.4542,94.7360
244.7514,94.3469,75.9050,96.7331
240.8507,93.1746,75.6167,97.8428
228.9015,91.7311,76.9734,96.9867
218.2848,92.7902,77.5436,97.4794
213.1512,97.2181,77.8250,97.0892
205.6617,95.1591,77.1202,95.9286
202.7252,97.8963,77.6015,96.2146
201.6533,91.1856,77.5413,98.6216
199.6358,108.1939,79.4195,95.5672
193.6318,102.5127,81.3255,95.3312
202.1812,102.4758,81.4424,96.1539
212.4411,100.5754,80.7430,96.3550
222.8408,95.5137,80.8560,97.6992
229.0336,94.6703,80.8329,99.0199
229.0622,85.9620,80.8226,101.0333
219.7669,84.8261,81.4632,104.0408
213.4607,75.9038,81.5227,107.6990
208.7451,74.8391,82.8489,112.2177
199.0803,63.2043,84.5099,113.9466
204.5027,60.3238,86.7012,115.1799
202.7747,65.1906,88.2096,116.3913
204.0732,65.1271,87.7842,118.2705
205.8838,57.2899,87.7041,118.1921
213.9126,59.2085,86.1102,121.8616
207.0818,54.5371,87.6790,121.7436
210.7047,57.7475,89.4917,121.3212
201.3183,61.4632,92.5592,120.4314
186.8850,55.0972,96.3292,115.4947
183.9667,61.2746,102.0358,111.9182
164.2180,62.5480,102.6006,108.9926
141.0410,63.8557,99.1866,105.3517
129.5035,68.5274,95.7634,104.0488
123.4240,71.6457,92.8190,102.5598
123.1205,68.5306,90.3113,101.8166
129.0953,61.4522,89.5325,101.3458
139.7751,58.3843,89.5454,100.2456
164.4104,50.1612,90.9679,98.2407
195.6400,51.9857,91.6545,96.3162
211.3604,56.3803,91.2531,96.6135
228.6030,59.3451,88.8671,99.5996
249.2947,67.6078,87.0381,104.9185
266.4587,70.2616,87.0789,110.8736
272.8494,69.3631,87.7123,114.8500
269.8900,64.3958,89.1130,118.8075
260.7124,55.0078,89.7629,121.9396
255.7626,55.4045,91.5335,125.7964
250.1609,54.3191,93.5005,126.8837
246.6525,54.8373,95.0497,126.4039
246.6235,55.5030,95.8259,126.1007
244.4729,58.0324,97.8083,125.0230
239.5415,59.2604,100.3555,123.8145
231.4601,70.3001,104.9460,122.8950
213.4935,72.8684,107.5734,120.7645
207.7739,78.3494,109.7665,119.5475
206.5253,82.9973,111.2476,118.6748
195.0716,86.1994,110.6022,117.4957
212.5148,84.1898,104.8724,117.2440
219.5912,83.6012,99.5128,118.1910
231.6141,88.0005,94.7939,116.8824
240.4198,90.2296,92.3151,113.5195
241.1464,85.9998,89.1280,111.6377
238.5595,83.5981,86.8636,111.9239
237.8848,74.3468,86.0373,113.9428
240.1471,77.5554,85.8116,115.2132
244.3270,75.7059,84.4184,115.8863
233.8133,62.7507,85.4827,118.3382
199.4563,63.2994,89.2911,113.3470
172.9173,63.3794,90.6841,109.6203
164.3012,66.2641,92.0790,106.2026
156.8358,68.9437,93.7738,102.4031
179.5373,67.6297,92.2162,101.9774
200.1727,64.8963,90.1073,101.3826
236.6457,61.1410,88.9515,102.8101
269.5961,60.2666,95.3963,103.1296
292.0753,60.1078,93.8657,101.5201
290.5572,53.6006,92.3783,99.6607
263.7193,52.4378,91.3123,99.7593
229.9532,53.7244,94.6185,97.2991
189.8451,69.0367,92.5076,95.7522
176.1136,87.6162,91.1884,96.2813
184.2646,101.4769,93.3116,96.1627
182.6670,112.8460,94.9901,97.2791
191.8082,98.6591,93.7808,100.3640
195.5170,85.2441,91.2601,106.6859
207.7476,76.3134,90.5097,107.4409
232.1589,66.0023,86.5114,104.4498
235.9093,61.7426,83.4420,101.3922
225.8861,63.8142,83.6643,100.0375
208.8571,82.7451,86.8417,100.2820
197.1008,92.5568,87.9579,101.3249
195.8611,101.4318,89.7588,100.0911
205.7575,101.4242,87.4973,101.3111
224.7896,108.6237,85.6004,98.2212
256.7600,107.2710,83.5649,97.4569
294.6234,101.9329,84.1964,94.6416
328.3224,87.8301,83.2671,91.7909
331.9222,77.7038,81.3469,93.7086
305.7736,68.9359,81.3226,96.7699
275.7333,60.3056,81.1149,100.7202
255.3982,60.2625,81.1908,102.4699
217.8049,67.8860,81.5781,98.3643
189.1882,71.4941,83.4906,93.8534
159.8483,75.7155,83.8474,91.8890
138.2480,87.1456,83.1942,89.8877
134.8658,95.8392,82.0566,87.9417
140.1164,102.4584,80.7364,85.2075
191.3074,126.4334,80.5499,84.0882
190.4848,127.5639,81.1384,83.2913
194.4317,127.4527,80.5577,82.0274
201.3446,109.4333,77.9260,87.7385
192.5971,90.8373,77.3731,86.6094
178.6031,83.6002,78.9647,88.5252
158.9284,82.8618,80.0802,87.1778
134.4438,86.9675,80.0039,86.1504
124.7421,92.0064,78.4285,87.0994
129.4594,93.0577,77.4617,86.9560
142.4622,88.8371,75.7433,85.8383
161.0647,78.7287,75.2741,85.8085
