1
389.2311,472.0326,59.9367,64.9711
394.7457,466.0581,61.7545,66.0960
401.4873,459.6160,63.3998,66.6732
404.1894,455.6219,63.0453,67.8870
399.1402,456.5735,63.2002,68.8004
387.8611,458.0760,63.6202,69.4425
377.3891,464.0296,68.2763,67.4981
366.6068,473.2133,70.8748,65.0444
367.4967,490.7509,68.8423,66.7302
381.3767,503.4415,66.8608,67.4797
391.9996,504.9216,65.7378,67.3982
417.6662,493.8005,65.7804,67.3671
459.6783,473.4498,70.9853,61.4744
525.0145,461.3279,75.1586,57.6506
590.9371,450.6214,78.8016,54.6058
657.3544,438.9822,82.1639,52.3331
721.3677,425.2166,83.7876,49.9311
785.6702,411.2462,84.4791,48.4147
854.4122,396.7085,84.8702,47.2606
915.9061,383.1143,85.0153,45.8378
976.9470,375.1075,85.2664,44.7948
1037.2319,368.2661,84.3604,43.8856
1094.2053,359.9466,84.0818,43.0634
1145.1929,351.9671,83.7093,42.5467
1201.0254,343.7042,84.0223,41.6284
1250.4343,330.6436,83.6917,41.0102
1299.1836,324.3225,83.1490,40.2758
1346.5240,316.2857,81.9607,40.1065
1386.5692,307.6200,80.7979,39.7091
1425.7788,299.6235,80.4194,38.9935
1463.6344,292.3086,80.8336,38.1368
1496.3777,283.6451,78.9016,38.9372
1491.7322,286.0189,78.9350,38.8460
1497.2444,293.7722,80.9106,37.5352
1512.7135,292.6156,77.5217,37.5522
1530.8073,286.2368,76.9803,37.8454
1547.5924,294.6412,75.9267,38.1039
1561.2251,311.1475,73.3472,39.7017
1570.5016,320.7387,68.3356,44.8590
1585.4976,321.9918,66.2575,50.5502
1593.7681,320.2394,64.7359,54.7819
1598.2311,315.1787,63.9700,57.4642
1600.5558,306.6166,62.5818,58.1110
1599.8521,300.7939,61.5270,57.7290
1599.6163,293.2050,61.7839,56.6066
1599.6113,286.4845,62.1060,55.3224
1599.3387,280.6493,62.2588,54.1310
1599.0743,276.3761,63.2020,52.1752
1598.1646,270.3558,68.3993,47.6389
1594.2528,266.0296,74.6202,43.8778
1592.1921,260.9873,79.1138,41.5123
1590.1025,252.7528,81.4073,41.8113
1591.4280,246.0350,83.9422,42.0323
1591.9727,237.6689,84.1213,42.9848
1587.9769,230.0894,83.2850,44.7668
1578.8268,228.7231,78.2990,48.8341
1576.6019,222.2756,75.0192,52.3147
1571.0830,215.5237,70.6066,54.7600
1568.1044,209.3810,67.9377,55.0131
1563.2435,206.0968,66.5411,54.8136
1558.8320,202.2964,65.9631,55.5796
1555.9880,198.0686,66.6025,54.7244
1551.9668,198.6524,66.0842,55.0155
1548.1377,196.5089,66.1877,54.3652
1543.7866,194.7960,68.1013,52.0283
1537.4353,202.3364,67.7918,52.5257
1531.6874,204.4911,68.5372,51.9849
1511.7336,208.2576,67.9995,52.1963
1488.4276,209.4277,70.3748,54.2435
1455.4656,201.1298,70.9329,55.3916
1391.0144,211.4800,71.3306,55.7418
1333.3853,225.2820,71.9635,55.3700
1282.5282,235.8380,72.0049,55.4156
1226.0752,247.3630,72.0259,54.9784
1176.4009,259.3834,71.8647,55.1011
1128.6782,270.8274,72.0516,55.5144
1079.1399,280.7490,73.4346,54.9749
1034.3505,290.8606,74.6228,55.9156
982.8770,302.9955,75.2981,56.8622
932.4340,317.4847,76.8342,56.9410
889.2072,330.4757,77.0908,58.2886
840.9638,344.3506,78.2382,58.9109
793.8685,361.7069,79.2606,59.6826
745.0891,379.9918,80.8300,60.2500
696.5182,398.0884,81.9476,60.9370
652.5722,415.6693,81.8878,62.4238
607.2159,433.2715,83.5949,63.3373
564.6357,454.0039,85.0790,63.6875
518.3468,473.3190,86.2560,64.6064
470.7874,495.8547,87.3904,65.1899
438.4128,516.3315,84.3803,67.3395
429.3777,511.2676,85.0604,66.6415
415.3876,514.9696,83.9368,69.5140
411.5580,518.3888,79.2705,72.7506
410.3233,527.6397,76.4120,74.5991
408.5953,538.3915,73.4942,75.7804
408.9764,546.9182,69.8120,77.9173
407.9543,554.0773,65.9370,79.3679
406.5343,554.9708,61.5011,80.2643
405.8831,553.4879,55.7839,81.3747
394.9981,554.7449,53.5832,81.0602
386.8961,555.5722,53.5781,79.8575
389.0606,553.1791,52.5590,79.6362
395.3622,545.7980,52.9790,79.4043
402.8087,541.9281,54.9851,77.9238
408.9310,538.6716,56.6743,76.3563
415.4751,535.5024,61.1028,72.6970
419.0737,531.4203,64.0995,68.3518
423.4550,529.7743,63.4796,68.2979
423.8640,530.9907,62.9295,68.1846
422.6483,532.2115,62.0942,67.1751
423.4800,531.5479,60.9698,66.2763
420.0936,532.3658,63.7532,63.6418
416.8263,532.6891,65.7753,61.5525
414.5082,532.2374,67.6107,58.9226
413.7482,531.4117,68.1946,57.5933
415.5101,528.1168,65.5657,59.3317
418.0065,526.7172,61.8149,61.1241
419.6140,525.3228,61.5243,60.5068
416.4052,527.8710,61.3952,60.5693
419.4631,525.2643,61.2790,60.6159
422.5690,522.1047,60.9365,60.8636
410.7744,511.1266,60.6340,60.6220
415.1305,511.1728,59.4957,60.7238
418.0539,510.7040,58.0527,61.6853
428.3704,511.9785,57.7067,61.5102
438.8741,510.2578,58.5067,60.8780
453.7756,499.7775,58.1782,60.7012
470.3748,480.9138,58.2586,60.5514
504.1836,453.1486,63.1334,58.9250
570.8058,431.8294,69.5585,55.1986
2
0
0
0
0
1
1072.7489,363.1800,84.2361,42.4572
1137.7750,356.0030,83.6494,41.4724
1200.3383,348.7244,83.2424,40.3556
1272.4789,341.6642,83.3044,39.7181
1335.3916,331.6006,82.4845,39.2192
1342.7656,341.1921,84.5434,36.9731
1443.1580,310.2353,80.7992,37.3590
1504.1328,301.5859,80.4099,37.1325
1562.8118,291.7135,79.2599,36.7929
1589.8828,290.2603,80.7763,34.6168
1597.2197,284.4500,78.6625,36.7217
1599.1168,275.9167,75.5668,38.8270
1602.6852,276.0659,76.5365,37.1214
1605.3048,269.1692,77.9643,35.5328
1603.9838,263.7874,79.9930,32.7500
1597.5729,263.7921,80.2978,31.3611
1591.4407,269.4962,79.3945,30.6679
1588.8838,269.4649,78.6476,30.0004
1583.9064,275.5509,77.7825,29.4955
1580.3046,267.5498,76.3345,29.9272
1579.5579,259.8716,76.3401,29.9059
1580.2823,274.0038,76.6776,30.2516
1571.3473,273.0243,78.3378,30.0595
1562.8232,266.4637,80.4644,29.6273
1558.9100,266.5893,82.9441,29.4712
1562.7535,265.3222,84.3282,31.0378
1559.3887,256.0413,87.0845,30.6893
1550.8859,248.5250,86.6968,31.2487
1543.2280,237.7569,85.6269,32.5672
1537.7073,230.2360,79.5201,37.1174
1539.6490,224.1764,75.2409,41.7183
1541.4972,222.4264,73.5715,45.3665
1538.3859,225.4109,74.2769,46.6103
1535.0719,229.0401,73.5974,46.1397
1529.8644,236.4999,72.8154,44.6147
1521.4618,245.3456,72.0200,43.3827
1514.3754,251.5079,71.7823,43.0577
1501.7682,261.4316,70.9075,43.6693
1486.3646,265.5525,71.7579,41.5359
1460.6426,274.3283,74.9248,41.1952
1416.6215,281.4035,76.0668,41.3784
1367.2769,296.6641,76.9017,42.0151
1309.6804,310.3448,76.8578,42.6512
1255.6089,318.1700,77.9826,44.5337
1206.4828,327.3265,78.3548,44.9673
1159.8113,337.2106,77.8435,46.1508
1112.9105,346.9307,78.3727,47.0102
1071.6204,356.2826,79.0712,45.9899
1020.7595,367.1656,81.7777,46.8056
972.8757,376.3406,82.7320,46.1137
926.3266,386.0030,82.9573,46.4176
884.9312,396.4790,83.4618,45.9069
843.4757,406.0161,83.3861,45.1870
802.9980,415.7325,82.3601,45.3331
752.5629,426.1016,86.0543,46.3734
712.4356,435.9799,86.1908,46.2060
668.3200,445.5063,87.5235,46.8948
629.1844,453.0683,87.8826,46.5489
595.1921,461.9310,87.1398,45.9934
561.3689,470.3278,86.7761,45.6211
516.2999,479.4447,88.9079,44.7514
481.2044,487.8401,88.6370,44.2742
444.2977,493.9951,89.6687,44.4894
412.9532,498.4380,91.4800,44.1685
379.6187,503.1801,91.5629,43.3944
349.5480,505.4618,93.2152,43.9296
319.2308,505.7043,94.4240,44.4208
303.1806,502.3012,93.9148,46.5812
301.2990,499.3380,92.1729,48.7937
295.0714,494.9648,90.2584,49.7306
288.6744,493.9920,89.8263,49.6045
276.4266,495.9041,91.0891,49.3162
269.6316,496.2315,91.6400,50.4295
266.0035,495.3514,89.0937,51.2393
267.3479,500.8664,86.5413,51.8792
231.2295,509.7645,80.6137,56.4898
237.6396,508.7018,77.4522,57.4588
245.9618,509.5002,77.4260,56.2212
260.0047,515.9716,76.4278,59.5208
251.1929,502.6119,77.2983,55.0701
252.7095,504.3980,76.7518,52.1151
253.3973,515.2212,72.9136,55.1513
288.6426,562.5612,73.3939,52.4760
294.1084,583.6732,69.7225,55.7832
310.4776,590.9296,66.0564,59.0002
326.6710,588.3135,64.4437,59.8153
341.1200,583.1139,66.3065,60.3548
366.0829,562.1905,71.9392,55.6971
419.7625,546.5734,78.3659,51.0207
491.8329,537.4861,81.7383,48.0950
566.1457,530.0776,84.7706,45.7918
633.8239,522.7706,85.2665,44.9253
700.6661,521.1755,83.6918,44.1611
773.8992,512.5890,82.9738,43.6975
846.8369,506.2128,82.0320,43.1569
919.2257,504.8733,81.4199,42.4473
982.1060,498.5084,81.3496,41.2706
1044.8457,498.6635,80.5462,40.5465
1106.2443,497.4322,78.8703,40.2733
1175.4799,495.8521,78.3248,39.8126
1237.3854,488.3985,78.7626,39.6112
1299.4553,484.7085,79.8000,40.5118
1355.1819,481.3587,80.0613,41.0159
1403.3912,481.7986,80.8423,39.3148
1451.2441,476.4125,80.5318,38.3894
1506.0979,474.4548,81.5931,37.6955
1546.6769,473.0258,80.5018,37.1088
1553.5081,479.6924,79.2055,36.1783
1558.7330,486.4354,76.8597,35.7212
1590.1486,500.1702,71.7702,39.9310
