1
171.5608,24.2210,27.6518,59.5442
171.6640,24.0762,28.9472,59.1226
172.1431,21.6392,30.2755,59.7350
174.4642,18.3765,30.9906,60.5842
171.5665,17.8992,31.5182,61.5027
169.6231,17.5116,32.2237,62.0466
165.8606,17.9423,32.0292,62.4527
162.2440,18.8954,32.3486,62.9412
159.3537,19.6110,32.4116,63.2957
157.4840,19.2642,32.8642,63.6257
153.8925,17.5721,33.2222,64.8430
151.4942,17.5219,33.5137,65.6841
150.5435,18.0543,33.6468,65.6651
149.2734,19.4482,34.1222,65.8868
149.6524,21.3108,34.4742,65.7921
152.1376,23.8319,35.1185,68.1411
152.4176,24.1120,35.8335,70.5391
151.7685,23.6340,37.2561,71.3739
151.4306,24.1150,38.1628,73.5838
151.4497,24.1031,38.8588,74.0709
150.0228,25.6134,39.4273,74.3333
147.5012,27.3349,39.7414,74.3469
143.7276,29.8120,40.0347,74.6715
139.8452,32.1799,40.1986,74.9434
135.7749,33.7759,40.3964,75.4216
135.9067,35.3077,40.2974,75.1106
138.2791,38.9269,39.8182,74.7305
140.6809,44.9122,40.5245,72.9583
141.6742,49.7694,40.4491,72.2946
143.8308,57.4305,40.1565,70.4014
146.1373,64.2756,40.6957,68.7561
147.4496,68.2389,39.9893,68.8577
148.4035,73.1529,39.6578,68.5360
148.4549,81.6877,38.2395,67.9320
147.6943,86.0206,37.9359,66.5509
147.8254,89.7379,37.4698,66.4422
147.7142,94.0586,36.2645,66.0583
148.1109,98.3046,35.3504,65.4005
148.2974,101.5696,35.5119,64.5817
149.0101,105.9687,34.9791,63.7890
149.3540,109.9969,34.5529,63.0178
148.0963,115.5276,36.7952,58.6663
146.5176,119.2570,38.9909,55.8329
146.3098,119.7260,40.8201,53.8844
147.9190,120.9568,41.5627,52.1524
149.1401,121.9373,41.9545,51.4510
150.3615,122.8990,42.1614,50.9130
151.4702,124.7968,42.1645,50.4337
151.9539,124.6748,42.9112,50.4163
153.1996,123.4675,43.0336,51.0242
154.5110,120.2442,43.0201,53.0467
157.4505,113.7884,42.6753,56.4209
159.9518,108.1380,41.7706,59.2394
161.9931,101.4747,41.4241,62.4105
163.2726,94.9354,41.6912,62.4054
164.1104,89.0233,42.0686,61.8827
163.6850,83.5155,41.3778,61.6490
163.6976,80.6603,41.2002,61.6505
162.5776,78.0496,40.5821,61.0374
162.9786,71.9701,38.2401,59.8046
2
0
0
0
0
1
157.2446,101.7731,35.8532,37.9929
157.0874,99.5335,36.0248,38.6728
156.6521,97.3648,35.5540,39.5226
157.5066,95.0747,34.9792,40.7487
157.9907,93.7908,34.7293,41.7873
158.2575,93.9884,34.6861,42.9312
157.7099,94.2234,34.8325,43.8992
157.5302,93.4835,34.3659,44.8584
157.5137,93.6876,34.6987,45.2504
157.6639,94.4192,35.1365,46.2008
158.1001,95.4201,36.0495,46.8074
157.7030,96.6767,36.2808,47.2216
156.4797,96.9543,35.4186,47.9749
154.9623,95.6222,35.4649,49.3457
155.8525,94.3042,35.3163,51.5506
158.3933,92.2129,34.7146,54.8375
161.2692,90.8601,35.5402,56.3120
161.8070,90.6023,36.0947,57.5254
161.5505,90.5724,36.6183,58.3752
159.8681,89.9959,37.2295,59.0934
159.4133,90.0073,37.7769,60.4289
158.2698,90.4964,38.4207,61.2987
158.0517,89.8306,39.3056,62.2502
157.0332,88.8325,40.0401,62.1510
156.8404,87.4640,40.6664,62.9663
156.4356,86.5959,40.9267,63.4697
156.2878,86.5598,41.5229,64.5432
156.5169,86.8813,42.2862,65.2086
156.6613,86.5005,42.9141,65.9659
157.4401,86.6411,43.2524,67.4406
157.7545,86.8701,43.8429,67.8461
158.2764,85.9555,44.1257,68.7051
159.0130,85.3173,44.1406,69.4931
159.2727,83.8145,44.1749,70.3008
158.0137,82.2276,44.3995,70.9881
156.9117,81.1329,44.5748,72.7141
156.0594,80.4185,44.9411,73.5992
155.6079,79.5355,45.5008,74.0812
155.8451,78.1903,45.9100,75.6493
156.0929,75.5610,46.5956,76.6963
155.8490,74.8470,47.0811,77.5921
155.1316,74.1740,47.7358,78.6134
155.5870,73.6369,47.9730,79.1647
154.6580,74.2724,48.5262,79.0947
154.6899,72.7134,48.8348,80.3210
154.6822,71.4150,49.2147,80.4513
154.4398,71.6821,49.5927,81.0658
153.4964,71.2175,50.1654,81.6540
154.1557,71.6316,50.4397,82.1852
154.0301,71.8039,50.7674,83.2815
153.4302,71.6801,51.5255,83.6599
152.8446,70.4844,52.2151,84.9706
151.8376,68.7982,52.7939,86.4089
151.2068,67.4471,53.4778,88.6329
149.6215,67.7661,54.7977,89.1418
148.5405,67.9966,56.1749,89.7841
147.8491,67.0878,57.3879,90.0326
145.6527,66.1199,58.1701,89.1514
144.9124,65.3561,58.5792,89.0718
145.5802,63.1877,58.4289,87.7894
146.5931,61.2684,58.2618,86.5662
146.0735,60.2002,58.0083,85.7645
145.3008,59.5025,57.4713,85.7839
142.1985,60.3250,57.0752,85.3920
141.3742,61.9872,55.8290,83.7710
144.4186,63.4374,54.7166,86.6568
143.6033,64.4165,54.4160,88.7742
141.5031,63.8525,55.4621,90.1974
140.9617,62.7327,57.2502,89.9170
143.0537,61.9316,58.1007,88.5558
145.8110,64.4526,58.6901,88.0443
146.5834,65.2542,58.3112,87.3030
145.0050,67.3122,57.9785,87.6490
143.4401,67.9707,58.5697,88.0710
140.6857,69.4063,60.0986,90.0895
139.8508,69.5019,61.1984,91.4831
139.9684,69.6830,61.5552,92.1076
139.8617,68.7964,61.3477,93.6323
139.1636,68.1603,61.8268,94.3199
139.2888,68.3830,62.4294,94.8724
138.8734,68.8711,63.0023,95.5987
139.2840,69.0170,62.9208,96.2104
139.1007,69.1865,62.7169,96.1400
138.1806,70.3344,62.8405,96.6194
134.5173,73.1061,63.6334,97.6176
130.4528,76.7729,63.9564,98.6643
128.6233,78.8230,64.3311,99.1132
128.1518,76.7295,64.4147,99.3961
127.5800,76.1097,64.7123,99.5011
127.7035,77.2255,64.7479,99.3935
126.7104,77.7201,64.6662,100.4813
127.1258,78.7229,64.8492,100.9663
127.9982,78.9476,64.9486,101.1015
128.6433,78.8875,65.4163,101.8686
128.0618,77.2802,65.8616,102.0604
128.2439,77.6546,66.2118,102.3808
128.4296,77.0903,66.3197,102.8466
128.8788,75.4251,66.4959,103.0308
126.7303,72.4147,65.3726,104.9450
126.3154,69.8244,64.3903,105.0397
128.8473,67.2487,63.1266,103.7688
130.4784,66.5111,62.3987,103.4041
131.2645,64.9977,61.6438,102.6995
130.5714,64.2761,61.1976,101.3423
129.5595,63.8767,60.8470,100.5962
130.0394,62.2000,60.3831,99.7957
130.3578,61.6484,60.2076,99.2753
130.2105,60.6242,59.7218,98.5849
130.4153,59.9098,59.4232,98.1382
130.8022,59.8684,59.1477,97.5213
131.9635,57.8937,58.7189,96.6530
133.2576,54.5167,58.3398,95.7361
132.6034,50.6898,58.1552,95.0157
131.2629,48.5684,57.8224,94.1048
131.5743,46.9652,57.7068,94.1891
131.7116,47.4425,58.1724,95.3235
131.7097,47.4601,59.1856,97.2437
132.2665,45.9357,60.3293,98.4283
132.9036,46.7011,60.0282,98.7475
133.4831,45.8668,60.2611,100.2860
133.8347,43.2721,60.2969,101.4658
132.9721,40.4231,59.8134,102.5345
131.1882,38.6033,59.2793,103.5155
130.0467,39.7589,59.3787,104.9052
129.4975,42.9245,58.7203,106.0052
130.3221,42.6234,57.9609,106.1223
131.2853,41.9228,57.6506,106.5102
132.2932,40.8204,57.7259,107.4364
132.3650,41.8254,57.2195,107.8261
131.8341,43.2878,57.5147,107.6857
131.4541,44.0471,57.7495,107.7391
129.4453,44.0655,57.8507,107.2974
126.4121,46.3252,57.3483,107.0071
124.5736,49.6611,56.9975,106.9055
122.6542,52.8654,56.7239,106.3215
122.4548,53.6471,56.5123,105.5753
122.8751,54.1520,56.4000,105.7478
123.0206,55.6017,55.9212,104.8501
121.2220,56.6268,55.5016,101.9891
119.4029,56.0975,55.5240,97.8708
119.0760,55.6505,56.7565,97.5312
118.7317,55.5786,57.1304,96.8638
118.6582,54.4918,57.3734,96.4988
117.4832,54.5875,57.3237,96.7519
117.8041,54.0272,57.2769,96.3951
116.9606,52.4174,56.9860,95.5885
116.8795,51.8291,56.7781,95.1768
117.3938,52.0218,56.6529,95.0256
117.4856,52.5615,56.4661,94.4752
117.3354,51.9137,56.4422,94.3051
117.8947,51.9762,56.3881,94.0632
117.2774,51.2752,56.3810,93.5748
118.3574,51.6859,56.2717,93.1831
118.0838,51.7065,55.9999,92.6105
117.8190,49.4848,55.9504,91.9797
118.4002,50.3025,55.9677,92.0403
119.6725,50.2005,55.8902,91.9618
119.1359,50.2066,55.8151,91.9621
