1
623.6191,667.6713,58.3588,26.7457
616.5368,659.5059,58.1684,28.5761
604.2232,657.4790,59.3163,30.2755
581.9413,656.7890,59.8665,31.1036
562.0618,651.0953,58.5786,33.4809
544.0331,646.3413,59.5310,32.8871
532.8765,639.2773,59.8277,35.1505
514.2609,635.1193,60.8041,36.1392
493.1002,629.7878,61.7025,36.2417
467.7434,627.6345,62.7735,37.2452
447.4845,615.0009,61.8955,38.8917
418.3910,587.5743,58.5955,45.6515
402.4152,574.2778,60.3615,44.3050
379.9160,561.8442,59.4643,46.9848
364.9965,546.3886,58.5365,50.7334
337.7013,517.9529,56.4203,54.2826
326.4862,499.6998,56.0738,54.5746
317.2303,499.7700,55.3268,54.9087
299.6686,502.0653,57.6338,51.7317
282.6664,496.5424,61.8244,48.5798
261.6781,502.4046,63.0129,47.1329
239.0009,510.1863,63.4509,48.6478
208.2884,533.4701,63.6722,50.1020
199.4169,547.1653,60.7518,51.8075
190.3082,557.0137,59.0771,53.4955
180.9536,563.9011,57.7755,54.9535
178.0522,582.3913,54.8172,58.6111
181.2342,592.4786,54.8172,58.6111
183.3896,598.9984,54.8172,58.6111
198.6263,648.9756,51.4399,64.1895
215.4286,694.5030,50.8823,67.4052
217.9524,702.3275,50.8823,67.4052
221.0874,711.7110,50.8823,67.4052
234.4054,734.4254,50.8781,67.8363
255.3610,751.6025,50.9714,68.4016
257.4185,762.4307,50.9714,68.4016
265.4886,765.5638,50.9714,68.4016
270.0001,769.5288,50.9714,68.4016
278.5803,772.3381,50.9714,68.4016
284.3832,776.2843,50.9714,68.4016
335.5381,806.4285,53.7553,65.4189
339.8749,810.6229,53.7553,65.4189
375.6129,841.9445,53.8865,65.3103
379.2327,844.2292,53.7769,65.7461
379.4134,846.9086,53.7763,65.7465
379.8763,848.3307,53.7785,65.7430
380.7917,854.4991,53.8710,65.6050
377.5806,858.7803,53.9186,65.5535
377.3814,861.6371,56.8988,60.7524
376.8090,852.6574,56.8987,60.7521
382.7474,857.2156,57.0726,60.7276
379.8085,854.6841,57.0360,60.6777
382.6980,856.2443,57.0146,60.6548
384.1582,855.3123,56.8391,60.8826
392.2652,865.1666,57.5487,59.3270
390.3865,865.2507,57.6941,58.7642
383.3653,870.2628,56.0821,60.5682
381.2066,863.8591,56.2505,59.6003
386.1071,864.3143,55.2252,58.9992
384.7448,864.3370,55.5843,57.3863
380.0849,865.3658,55.8037,56.5744
383.5136,865.8849,53.5787,57.9915
380.9923,867.1349,53.5692,57.7309
381.7849,866.5070,52.7017,56.4053
378.3666,866.6158,54.1262,55.6047
380.8406,877.2379,53.6371,55.8515
382.3510,870.7921,51.4073,56.2439
382.1024,873.0146,50.2912,57.2695
386.3339,875.1407,51.1001,57.3861
386.6345,875.2858,53.3837,55.9690
388.4582,875.3391,53.7404,56.3180
388.4551,875.5325,53.0215,58.1996
390.7363,869.2580,51.8659,59.4619
394.7536,871.1657,52.9288,58.8069
394.6317,867.8295,51.8016,56.1941
391.2896,864.0513,51.4654,55.8195
389.8979,872.9020,51.4039,55.9022
390.3510,866.7408,49.6748,58.3887
397.6242,874.8300,51.3982,58.1914
401.2252,880.1526,54.4022,55.8537
407.9452,881.9608,54.1596,52.6557
409.5649,885.7720,56.6490,48.9965
412.9428,888.0078,59.5722,46.4877
408.4237,888.9888,60.5129,45.7258
407.4392,887.9232,60.9303,43.7827
409.3239,887.4325,59.5143,43.4784
405.1664,892.7049,59.5701,43.4380
402.4622,891.2369,60.8276,41.8061
405.8378,892.2196,59.3859,40.9544
406.7496,890.7496,57.7802,40.4535
407.9442,892.6985,56.1578,39.8782
405.0653,892.5205,55.0751,39.9334
403.0562,891.4044,54.5758,39.1329
403.4041,895.0475,54.2385,38.6783
400.2238,893.0460,54.8756,38.2719
399.8030,891.7608,58.5372,38.2207
396.8365,892.2024,60.2917,38.5826
396.6316,891.2811,62.3239,39.2234
394.1040,887.6547,63.5616,41.2740
391.1222,889.0422,64.8711,41.0432
390.0233,888.1124,65.0246,41.1078
389.0020,889.3770,65.2309,40.4245
389.3331,889.6706,64.8409,40.0148
389.8344,888.7624,65.5885,40.6785
391.0036,890.0101,65.2342,40.6800
390.8808,889.8444,64.7742,40.8401
391.0999,887.9812,63.8162,40.9367
395.8242,888.5347,65.4740,40.4216
397.1737,888.6340,66.8878,40.8257
399.5602,889.0671,66.3948,39.2041
408.6284,889.6605,66.2181,38.7650
408.5235,889.9140,65.2817,37.4968
410.6739,889.5717,64.7863,37.6978
413.1215,891.4906,65.7873,37.5463
414.4620,887.2338,64.8732,38.6033
415.4910,888.0906,63.7258,39.1725
414.9931,883.7944,64.9859,39.3721
414.3581,884.5888,65.0153,39.2794
413.3234,883.0463,65.0253,38.8725
412.4923,884.4904,67.1413,37.6608
408.6019,882.5243,65.8652,36.4326
409.3649,883.5492,65.1134,36.9955
418.3335,883.0290,63.1195,37.1729
437.3703,881.3326,61.0370,36.3442
452.8460,873.9152,60.2860,36.2488
461.1921,873.0658,61.0334,37.2501
472.4242,867.0294,60.7117,38.7163
492.3606,856.7802,61.7541,38.2932
516.0408,856.1152,62.4255,39.2347
542.7292,850.2008,63.9925,39.6481
554.5814,850.1667,62.7529,40.9223
559.7314,852.6799,60.4333,43.1175
560.4595,855.8887,60.0086,45.9254
560.7656,854.8326,59.5638,47.1621
564.5729,857.7994,59.2297,49.1062
564.3716,856.1246,58.9589,48.8296
564.8434,855.8737,59.3187,47.4543
566.3245,857.8722,58.3753,45.1017
565.2801,842.1954,59.5070,44.0319
565.8792,847.3294,60.2521,41.8680
568.9089,842.7834,62.6164,43.1878
568.9747,841.4995,63.8120,44.1191
581.4984,842.0938,66.6781,42.3972
587.3084,846.9125,66.8581,42.6473
592.2092,849.4770,65.9172,42.1804
598.2364,845.1713,61.6926,43.8640
611.1942,843.0889,59.9272,44.9628
610.3605,842.1733,57.7853,45.2963
609.4336,840.9647,57.9914,45.9635
611.7949,836.7880,58.0029,48.0839
619.1641,835.9029,57.2545,47.4154
627.8464,834.9282,56.5161,46.0829
636.5005,829.8390,55.3039,45.5295
641.9167,830.3449,55.8500,44.4951
645.9894,824.3508,53.1627,45.4269
658.1490,822.5049,53.0337,44.3668
666.8221,819.3111,52.7576,44.6731
668.4359,816.6262,50.6941,46.6692
673.3397,812.4977,49.8368,48.3368
676.1839,808.6093,47.6054,50.8679
685.7127,802.1407,47.2945,51.6984
690.0054,800.7163,47.6957,50.4991
696.2596,789.7737,47.4154,51.6854
701.5063,781.9528,46.5796,51.3986
708.5584,759.5608,47.3306,50.8371
720.3784,747.4384,46.8377,51.9331
731.8203,732.0235,46.7813,52.4378
748.9503,710.2086,45.3955,55.0852
763.3113,688.4090,46.2731,54.8522
775.1254,675.8320,46.7097,55.3450
779.4255,665.1340,46.5713,55.4923
782.1047,667.3164,47.8152,53.7545
783.3973,672.2525,51.6524,50.2575
783.5514,676.0076,53.4665,48.3279
781.4611,678.3008,56.5348,44.9962
783.1572,679.4697,56.1650,44.2163
782.5323,681.4524,56.5105,43.3506
779.8514,682.1989,57.7718,43.8016
778.9089,687.9688,58.1353,43.2907
778.4615,691.3896,59.1648,41.4669
779.0230,699.6682,56.1768,44.1485
782.1414,694.3611,56.0708,44.1577
781.4224,696.8448,56.0707,44.1582
781.2047,704.0939,56.0707,44.1582
781.2375,706.8849,56.0683,44.1673
779.7159,707.6494,56.0683,44.1673
778.7375,710.2194,56.0685,44.1675
776.4841,714.3630,56.0685,44.1675
773.0391,713.7647,56.0685,44.1675
769.9604,717.7430,56.0685,44.1675
764.0806,720.5327,56.0685,44.1675
761.6734,724.9297,56.0685,44.1675
757.4370,727.5668,56.0685,44.1675
732.9895,728.6616,52.7614,48.3467
714.2904,734.0123,51.7937,49.6466
699.3098,745.9041,53.8075,49.6570
684.0095,749.3972,52.5873,50.5474
676.4640,756.6465,53.3191,49.5384
675.1768,757.4656,52.4248,49.3168
674.3801,757.8445,52.0944,48.4431
673.5586,750.8660,52.1506,48.5835
674.1793,752.0977,52.0935,48.8999
673.7307,752.7776,52.2429,48.5048
671.1262,753.2776,53.2660,49.5824
666.9245,752.2831,55.2955,46.2279
675.0708,756.1414,53.7945,46.1499
671.0810,757.3367,53.5106,46.0474
674.5311,758.5331,50.7858,47.3206
671.2341,755.6467,48.7184,49.2857
670.7213,758.2458,47.7373,50.0048
666.7841,761.6136,47.3279,49.4534
669.4360,762.2426,47.1432,47.9785
670.5325,762.8705,47.0758,47.2125
667.3057,759.5640,49.0449,45.8969
661.4399,759.3695,51.8408,44.9366
661.7594,759.9017,53.7765,43.9849
665.0558,759.4349,55.2556,42.6991
658.9330,758.6757,56.5979,42.4885
661.7189,752.2462,57.4852,40.8597
664.3661,743.9481,56.5999,41.1767
665.6027,736.6587,56.5999,41.1767
662.8836,731.7672,56.5996,41.1771
659.2372,725.5295,56.5996,41.1771
652.5275,722.5808,56.5996,41.1771
643.6710,719.9070,56.5996,41.1771
2
0
0
0
0
1
502.3372,639.2569,59.6309,25.8824
482.1136,639.3127,57.0947,27.2811
470.6660,644.4510,55.5578,28.4954
438.7054,650.6900,54.8481,28.5756
406.4023,659.8649,54.9311,28.9932
378.1302,666.1617,54.9536,29.1433
361.3885,675.6599,52.1927,32.2118
341.4506,691.9899,48.3175,36.7618
325.6867,713.7220,44.6396,42.8852
309.2957,742.7827,43.5668,47.3290
305.9762,762.4000,41.9483,51.2899
305.0226,770.5270,41.9483,51.2899
306.2123,777.7473,41.9483,51.2899
307.4090,785.3156,41.9483,51.2899
310.5667,791.5832,41.9483,51.2899
314.9051,794.0622,41.9483,51.2899
341.1974,815.5593,41.9082,51.4652
355.6093,819.3834,43.8077,52.0447
373.0833,825.2629,43.6807,53.0359
396.2987,829.0657,46.0065,51.5891
402.3846,831.3765,46.5465,51.3905
415.6313,837.8113,46.2640,53.6772
434.5728,849.8448,46.9073,54.6401
428.8079,858.1271,47.3490,56.5272
427.8525,856.6131,47.4256,56.5146
426.5344,848.8854,47.4404,56.5416
425.1859,850.2521,47.4393,56.5407
421.4486,848.9879,47.4393,56.5407
408.5389,837.0583,47.5033,57.9269
386.2248,841.4428,52.5252,56.0047
365.7986,841.5685,56.3304,50.3744
346.0293,835.1334,61.5877,44.5737
329.9035,828.3401,64.0037,45.1085
305.2311,817.4545,64.2008,43.8132
283.4493,801.7236,64.1280,44.9639
263.3434,779.5873,64.3458,44.4353
230.5467,756.9036,63.2865,46.0093
212.8447,734.7526,65.8068,44.7236
189.0961,705.4145,63.4493,48.1022
163.9842,681.2100,61.5396,53.8300
157.7785,670.4915,62.4467,53.6749
142.5440,667.2656,64.1985,53.9276
145.1321,663.5847,63.9547,52.5844
144.6254,664.1451,63.4271,52.0341
142.5044,668.2021,63.7343,51.1775
140.9271,669.3753,64.1989,50.1933
141.0244,671.7147,64.5468,47.7437
141.7804,671.9288,64.1947,46.1702
138.1421,670.2809,63.4058,44.1017
139.9673,668.8377,62.3462,42.8544
136.9541,666.2690,61.0118,41.5088
136.3658,661.0956,60.5802,42.3645
134.1094,655.5244,61.8917,43.6043
136.6713,646.7585,63.3060,44.1671
128.9667,630.9600,59.1221,49.0279
132.2231,622.4828,61.3115,48.4944
121.5346,604.1594,59.0442,52.1033
110.9479,583.2406,61.4482,51.1159
108.2510,561.1282,60.6739,51.9995
111.0065,556.7746,60.6213,52.0942
108.7686,543.4905,60.6213,52.0942
110.6672,529.3072,60.6213,52.0942
118.0059,495.1265,59.8360,55.1166
119.5198,478.0106,59.8360,55.1166
121.4449,474.3879,59.8360,55.1166
2
0
0
0
0
1
198.2568,341.8941,37.4030,33.2703
192.8401,344.0967,38.1812,33.4824
188.5480,346.1749,39.2883,34.0491
200.0043,345.5104,36.2080,34.4129
202.8047,340.8425,34.0127,35.3338
205.2269,340.7321,31.7977,35.8722
206.5773,341.8391,30.5012,35.8324
206.7133,339.0776,29.8436,36.0122
207.1002,339.8803,29.0488,36.1145
207.4350,339.6585,28.0095,36.3839
207.8078,339.8831,27.3147,36.3616
205.3069,337.7500,25.9498,36.5142
206.9900,337.0861,26.0235,36.2040
206.9521,336.8438,26.2592,36.0238
207.3924,338.1753,26.1442,35.6019
207.7294,340.6910,26.7036,34.8014
211.0391,340.8790,26.7066,34.2311
217.5869,338.9836,27.1405,33.6757
226.5730,338.9825,28.4939,31.8578
229.2071,338.8529,28.7898,31.2543
239.4088,335.2984,27.7529,32.4933
246.6995,324.8051,27.4119,35.1328
255.8461,321.0634,26.8652,35.5217
259.9858,315.1487,26.6780,35.3335
260.6095,315.0693,26.6634,35.1496
266.0587,306.3480,25.4404,35.7852
276.3665,297.4210,26.1715,34.6049
285.5857,290.2303,26.1196,34.4574
289.6932,287.0497,26.1718,35.5076
292.2739,279.2228,26.4842,36.2345
296.5858,267.6785,26.3576,37.4919
291.3422,256.6470,27.8684,37.4269
290.1561,255.4746,28.6360,37.7675
292.4767,249.5986,28.6360,37.7675
297.0332,248.7163,28.6360,37.7675
302.1082,247.4740,28.6360,37.7675
307.0887,244.0260,28.6363,37.8058
307.0703,242.4798,28.6888,37.8051
308.0888,243.8577,28.7447,37.8747
308.0676,241.5857,28.7720,37.8820
305.0424,243.2630,28.9819,38.2825
304.9955,242.0880,29.1030,38.3917
304.7393,242.2246,29.3900,38.6506
304.4922,242.3912,29.2711,39.7504
302.8075,242.8513,28.7305,40.2659
303.3203,243.7324,29.0257,40.4151
302.6273,242.0036,29.3618,40.8405
301.3572,241.5093,30.1365,40.4683
302.6761,241.0680,30.5382,40.3947
301.5914,241.3636,31.2069,40.1664
299.0281,243.1137,32.2210,39.8834
299.3846,241.7329,32.6748,39.9326
295.1242,240.2281,33.1863,39.7445
292.3904,240.0531,33.6184,39.6222
292.3469,239.1351,34.1255,39.9181
288.9142,235.7057,34.1239,40.5759
287.4599,233.5126,34.2829,40.8403
285.1463,232.7026,34.4380,40.9243
283.2919,231.7556,34.8494,40.8826
279.3973,230.6652,35.0581,40.7148
283.0556,228.3290,35.0865,40.6665
284.0620,228.8707,35.0943,40.6557
282.3342,227.1980,35.0954,40.6522
266.3767,230.9108,35.6326,40.3490
261.4320,232.1469,37.0415,39.5498
260.2932,237.1756,37.0415,39.5498
261.1734,240.9472,37.0415,39.5498
255.4979,244.0809,37.0415,39.5498
234.2554,260.5591,36.7631,39.4906
201.1225,290.4585,37.2772,39.0406
177.6204,315.7921,36.3005,39.5404
175.5522,326.1005,36.2474,38.7373
168.0709,334.2406,35.5862,38.8615
162.3741,332.9714,35.5862,38.8615
157.2542,330.8031,35.5862,38.8615
160.8494,329.7433,35.5862,38.8615
2
0
0
0
0
1
293.4894,226.1802,38.4295,35.9858
321.5833,210.1059,39.4018,34.9572
360.5563,201.0452,40.0561,34.9217
389.9916,200.6291,40.1793,33.9568
416.8591,200.5940,42.6858,31.8627
454.4613,214.2366,40.1827,32.2141
487.1379,241.9011,38.7170,32.9166
496.2495,247.2005,37.1471,32.7800
496.7943,249.1615,37.1469,32.7801
511.9478,261.7211,39.0334,32.8471
531.8399,257.2941,39.0306,32.6101
569.9807,249.3508,39.5477,33.1629
605.6556,221.3047,37.5129,33.9564
616.4403,220.4369,36.5947,34.0127
619.3879,221.3505,36.4139,34.2044
620.5476,223.6183,36.8365,33.2646
620.0055,221.2598,36.1080,35.5015
618.3336,219.0284,36.2760,37.7549
617.6223,217.3719,36.2676,39.2601
611.2547,214.5266,34.6909,41.5675
605.6700,214.6985,34.3691,42.0515
599.5128,207.4966,34.3238,42.7822
589.1652,202.9692,34.4360,43.2073
573.7097,194.7594,35.1330,43.5687
569.9169,190.4201,35.1330,43.5687
2
0
0
0
0
1
519.4998,166.7403,29.0015,64.5490
523.4021,177.1694,36.0932,58.5820
541.8378,177.4477,38.5172,53.4180
563.5569,188.0102,43.7702,49.8727
597.4415,200.9450,45.9850,47.9160
634.6116,213.7890,47.6969,45.9441
657.5468,226.6236,47.0909,44.3810
675.4440,250.5480,45.3275,46.5135
695.6836,277.7108,41.8009,51.4849
715.8541,308.1781,42.7809,50.0630
733.8162,307.8441,43.3634,49.3206
749.4097,328.5613,45.1949,47.5807
767.3275,344.2162,44.5032,46.9457
782.6032,369.0099,41.1223,50.0584
783.6299,395.4160,40.0718,53.8180
775.2322,426.4575,38.9392,56.5404
768.3239,467.3911,39.9566,57.5056
758.0576,510.3526,39.8494,59.0485
751.5988,548.4314,41.0132,60.4948
752.0128,581.3794,41.3545,61.3861
730.4731,604.6295,44.7060,60.3799
706.4882,613.9136,49.7872,56.8464
686.4109,617.3431,54.8390,54.8579
657.7594,612.2562,60.4784,52.6346
634.1660,605.6631,65.5611,49.2762
616.6091,589.0654,63.5803,53.4260
598.8950,554.5022,58.6698,59.1997
586.1091,507.8128,55.0991,64.6012
578.7366,468.6336,55.4816,65.3301
557.6414,422.2223,56.4686,65.4506
547.7055,377.4469,55.6735,65.9199
547.5598,356.8428,53.4941,68.2521
547.0522,348.6656,52.4961,70.3781
531.2044,316.6822,52.0676,72.0004
511.0689,280.1088,55.3325,67.6002
497.3650,271.0392,56.8600,65.5516
489.7253,247.5154,56.4930,65.7110
482.2281,211.3328,55.1125,65.6662
487.0125,175.5063,53.5947,69.2830
490.4726,161.3693,54.5993,66.0603
493.0001,162.4333,55.1784,64.1454
494.9668,165.8245,54.0267,66.9606
491.4217,173.2996,51.2773,66.7067
480.2542,175.5546,54.6644,63.6632
472.0760,178.0774,59.8356,61.4064
447.5014,177.1085,60.5002,62.2502
416.3205,173.6667,70.2577,56.5806
383.8179,176.9540,70.9762,57.9442
356.6671,189.3793,73.4950,54.8585
327.1448,206.5408,71.2928,58.3295
297.4936,222.9984,70.7997,61.9755
273.5923,223.0549,72.1361,57.1045
254.1727,227.4630,73.6823,55.7659
242.4522,248.7378,72.6157,57.8212
231.7396,280.7097,70.4212,60.8604
210.2983,315.7502,66.4978,66.2587
201.4803,366.7927,62.5322,71.2323
204.9372,417.5705,57.9487,76.7885
222.7447,480.3043,55.1769,76.3658
239.6362,522.0890,53.8139,75.7152
241.8684,546.3493,53.3104,77.7000
241.7312,564.6423,53.7242,76.0154
235.9897,572.1370,53.9158,74.2277
216.7401,586.6452,54.5954,73.5188
190.3919,612.3312,59.5716,68.2380
155.6485,635.9103,68.3924,62.3163
140.8337,635.0648,67.2862,60.2909
146.2131,635.7062,66.4384,60.0173
155.2660,638.3715,63.3535,60.1687
147.0763,639.0569,63.9043,59.5794
145.1447,640.2885,62.4119,60.4545
147.4534,639.2740,59.1675,62.2825
151.1409,641.4673,56.3394,63.8925
152.9834,645.7309,53.6370,66.5359
159.0900,647.6230,52.2609,67.2224
160.0339,653.4021,51.9119,68.2842
166.8176,660.0519,49.7985,70.3212
170.6982,673.9243,49.4236,73.6254
181.6400,684.2186,50.3636,73.6999
201.0763,698.5058,52.4705,72.4531
210.7173,725.3552,54.1836,71.5139
224.9299,738.3442,53.1803,72.4592
231.3633,742.3668,53.6843,72.2868
243.2137,745.5126,54.2162,71.3366
258.5777,751.2775,54.7906,67.0800
273.1016,746.6914,59.8488,62.8783
298.5316,741.0741,64.4573,59.2627
342.2555,730.6346,64.5558,56.9987
370.9241,732.1300,69.1249,55.5719
406.2561,735.1995,69.6198,53.6262
422.8212,735.0821,70.8161,53.5980
443.5535,740.8735,68.2500,53.5160
466.1971,767.6351,67.2832,54.5883
485.1749,783.3754,61.6392,56.8012
489.4744,806.5986,60.9473,60.4255
505.6424,833.6345,57.5816,65.0349
512.4233,836.4726,54.6916,68.4590
521.3064,829.9958,57.5312,62.7657
523.7117,824.4615,61.3099,59.3970
522.8560,825.1660,63.9292,57.5544
522.1678,825.5842,65.0241,56.2406
526.3016,818.5756,65.6143,55.0892
533.6155,822.1887,64.8653,53.4605
532.5184,822.9231,67.0588,52.1331
530.9869,824.6946,69.1442,50.6100
531.7100,826.2882,68.5077,49.7157
532.3206,822.0224,66.6227,51.6480
534.0954,821.2680,66.3226,51.9480
534.0466,821.4101,65.3951,52.6940
535.3924,813.5545,65.1033,52.5710
540.6876,809.7792,62.2616,53.7780
542.1485,806.5258,60.3730,55.6696
549.6773,800.6725,55.4228,57.1785
548.9532,800.2234,53.5427,56.1668
552.5056,797.8760,53.8436,54.8918
553.1993,797.4293,54.4114,53.5682
552.8271,797.5068,55.2336,52.9916
552.7231,797.8715,55.5757,52.3444
2
0
0
0
0
1
585.5551,793.0222,53.4357,29.9971
590.8880,794.3039,52.5071,29.9739
591.6180,793.4143,52.3884,30.8851
599.3726,790.7880,51.1315,31.9371
605.2681,788.0502,49.9498,32.7687
605.4661,787.2346,48.8402,33.0759
607.1524,784.5648,49.2260,33.5446
607.8727,784.1870,50.3437,34.7880
611.1874,784.1512,50.2408,35.0853
609.4418,783.0087,49.5743,34.9357
611.8187,783.4019,48.6716,34.6303
611.3887,783.3856,48.1959,33.9862
611.2627,782.9251,48.4682,34.2792
613.4323,782.5406,48.4082,33.9606
615.5654,782.9551,47.9936,33.1509
615.9364,781.9650,48.7574,33.6660
617.0307,781.9166,48.9616,33.7312
619.1927,783.4825,48.7654,32.9778
623.9874,784.6106,48.7074,32.8270
625.2386,785.6484,48.9527,32.5220
624.7833,784.7741,49.1135,33.2639
624.8535,785.3766,48.1201,33.4893
625.8238,785.3723,48.4416,33.6442
626.2900,784.6372,48.8747,33.3420
629.6141,784.5164,49.3725,32.9353
632.0505,784.6340,50.5366,32.5256
639.5224,780.5766,50.9048,32.3619
657.7305,774.4460,50.8101,33.3366
676.1080,763.5670,46.6100,35.7472
695.2388,749.4440,43.4380,38.5389
703.0734,734.3004,41.1074,40.0641
707.2050,729.8105,39.2029,40.7947
706.8010,732.0626,38.6186,40.5196
709.9768,729.6094,37.3922,39.9853
708.9947,726.0494,35.9712,41.2972
709.6330,729.7216,35.9710,41.2971
710.5269,732.5040,35.9709,41.2971
710.9655,732.2604,35.9708,41.2972
710.6547,727.1859,35.9708,41.2972
