1
161.2850,59.8972,50.2442,169.8604
161.8774,56.7856,56.2227,168.2204
160.9963,56.1929,60.2168,168.3085
162.1797,56.6238,62.1002,167.5790
161.6326,56.8724,63.3531,167.1934
161.4657,55.8884,63.1307,166.4800
162.2417,56.5448,63.1415,165.7128
160.8028,56.3410,60.8299,166.3967
161.3569,56.0636,58.4387,167.4093
158.5796,56.5236,55.5247,167.3151
159.5392,55.9663,53.3335,167.7244
154.9857,54.5009,52.3509,166.4792
155.3350,55.8702,51.4763,165.6668
152.2514,55.2918,51.4363,164.5836
152.0372,54.2678,51.1344,163.9894
148.4353,53.6722,49.9777,163.5190
148.9671,53.8018,49.3080,163.5553
146.4568,51.8804,49.0918,163.4484
146.3498,50.4820,48.9863,163.9062
144.3043,50.9417,49.2854,163.5449
144.5451,51.2107,49.3049,163.6706
144.8282,52.3279,49.5553,162.2543
145.3530,53.0204,50.2180,160.8036
146.2334,54.9927,52.3022,159.2016
147.0485,55.2086,53.6620,158.9739
147.2553,55.7588,55.0708,157.4939
147.2955,56.6891,56.7797,156.7288
143.5881,58.3140,54.7654,153.6850
144.5519,60.5735,53.1140,151.4475
142.9247,61.5681,50.8849,149.8163
144.6213,61.7588,49.7271,149.5695
143.9290,62.4137,49.2137,148.1164
143.9113,61.9863,48.9043,147.3687
141.3829,63.0948,50.3481,145.8018
140.5727,64.0758,51.1073,145.0086
137.2144,63.6716,53.1722,144.1747
136.3702,63.8889,55.2169,143.1675
131.9748,64.4052,57.8094,141.6867
131.7653,63.2173,60.2577,140.9784
128.6783,67.4184,61.6992,137.5689
127.2220,67.9241,62.9669,136.0369
129.1111,66.7219,63.7055,135.5604
128.3476,67.7016,64.6036,134.8804
130.8567,68.1769,63.1717,134.6476
131.2794,68.1895,62.0753,134.7188
131.0310,70.8320,60.3608,134.8913
132.3298,72.0463,59.4118,134.9064
138.0903,71.7643,56.1637,136.9498
139.0348,71.4914,54.5937,137.9908
141.5567,70.3178,54.0718,137.8447
142.2850,69.7131,54.1078,137.4414
144.5965,70.9054,56.6864,136.5497
144.2777,69.6638,58.7910,136.5409
140.9993,68.3370,60.3859,137.8638
144.5226,68.7269,62.2307,138.6479
147.3855,68.6867,65.1743,140.2871
147.3873,70.2435,67.0906,141.5317
149.8410,67.7133,68.3189,143.8857
150.6949,67.6061,69.9245,145.4212
154.2657,69.0195,71.1426,146.7477
154.0415,68.8340,72.2429,148.2533
158.7535,67.7003,73.6498,150.2399
158.4515,66.5182,75.1579,151.3673
161.2476,67.0775,76.8040,152.5600
160.4776,66.3772,77.9674,153.4199
165.6494,67.1763,78.0080,154.2256
164.8913,67.9767,78.0399,154.8796
169.8159,68.6528,78.5764,155.2247
169.5136,68.3305,79.1024,156.2817
173.6223,66.4011,80.3888,158.7276
173.6566,66.5217,80.0045,161.2492
178.1318,65.4423,81.2739,163.2774
177.4119,64.9175,82.8754,164.3906
181.4571,65.5297,83.2177,164.2728
179.8934,65.8893,83.3383,164.2970
192.4149,63.9809,81.0718,165.6601
193.0637,63.4038,80.8454,166.2359
203.7345,59.5250,77.7938,168.2879
203.3093,58.8051,76.6392,168.7393
208.7805,55.0028,75.5253,170.4351
209.4182,53.3502,76.0193,171.2698
212.7096,52.4629,75.0800,172.5686
211.8807,54.7579,74.6023,173.2631
213.3788,50.8024,71.7942,175.6472
214.3314,47.9093,70.2476,177.0415
214.9458,43.9425,67.7889,179.1769
214.3481,42.6808,66.1462,180.0270
215.1680,43.2309,65.6212,179.0813
216.0680,43.8292,65.9987,177.7822
214.9410,43.7081,67.0016,175.9584
215.4190,48.1655,65.5544,175.3556
210.2659,53.9784,66.7568,172.8017
209.2122,55.7472,67.1119,171.7022
207.1492,61.0587,67.4560,168.4890
207.6953,62.3662,67.4982,166.5930
200.9757,68.2984,71.4693,161.5378
198.9218,72.3075,74.2508,157.0468
192.6860,77.5489,78.3236,151.9054
188.2799,79.1739,82.1102,149.0540
167.1561,95.9671,98.7544,136.6214
167.8310,93.9487,101.7035,134.5358
163.1472,99.4255,109.2778,129.0220
161.7564,102.6204,113.8375,123.4730
157.8607,107.7014,116.9566,117.9568
159.7425,109.5073,121.1439,112.9508
162.1885,107.1379,121.5808,111.4231
164.9444,107.0183,122.8652,110.2385
166.8577,107.4309,117.9488,112.6580
169.3263,107.8039,114.6043,113.5341
170.7705,107.6984,109.7935,113.5379
174.3393,104.4947,106.8191,113.7649
178.3971,101.7599,102.2631,116.6770
183.6830,100.2985,97.8582,119.4556
189.0508,98.7376,95.5184,119.9904
197.7703,93.4918,89.2455,125.1067
199.2363,88.4992,89.5442,126.2843
202.8607,89.1120,89.3281,126.5180
203.2736,86.4983,88.7923,125.0074
195.4194,85.6733,88.5173,122.4781
183.7840,83.0313,88.8379,121.3635
171.2233,81.4758,85.9045,122.1384
163.0818,68.2732,80.1754,127.8943
155.5278,59.1837,77.5556,130.6497
149.3097,49.1377,74.3841,133.3393
146.8693,36.6393,74.6062,134.0000
147.8603,27.3638,74.0318,133.9122
148.1227,24.1012,73.4446,132.4259
147.4578,26.1065,72.3570,133.3136
143.1813,21.9955,69.9331,134.2831
140.4947,22.4838,70.1300,133.3740
141.7531,15.6485,68.7630,136.5073
144.2510,12.4023,67.4927,137.3777
145.8070,15.1941,66.9560,140.1167
147.2054,21.5543,64.4216,138.8609
150.2387,20.3018,63.8861,138.7547
156.4694,23.4658,63.1155,139.2711
164.6400,25.4302,59.0829,142.2098
171.2999,33.3770,58.7035,142.6471
177.1173,39.6165,60.0072,143.0443
183.7712,51.1087,59.8259,141.0795
190.2329,64.1151,59.1826,138.7599
199.4603,69.1051,60.7757,137.5182
208.0032,76.8390,59.7298,137.2984
214.9859,76.0628,58.5989,137.9872
222.0493,78.5950,58.2863,137.2749
226.7925,79.2513,60.3791,135.0193
229.2773,78.6322,63.2537,133.2334
231.7262,79.6878,64.3541,131.1471
235.1032,80.7113,63.8281,129.4772
239.4089,82.4008,63.4418,127.3908
243.4824,82.4853,63.5344,126.0710
246.2603,83.0993,65.6240,123.9437
245.5910,82.5627,66.5938,122.2771
243.3088,82.4934,66.0670,122.4377
241.4411,80.9394,65.1217,123.4920
239.9535,79.8636,64.1111,124.1164
239.4803,79.6647,62.7598,125.0326
240.6754,79.4434,62.5557,125.7921
240.1919,79.9492,62.7266,125.8465
239.0369,80.5820,62.7938,126.9487
237.8817,79.1533,62.7392,127.5723
236.4775,77.7567,64.8348,126.5971
232.1339,79.2353,66.8294,125.3306
229.6946,76.8805,67.4286,126.4657
224.0203,74.8360,66.4196,128.0435
217.0352,69.9352,65.2963,130.6940
208.9922,67.5822,65.4771,134.0898
202.7967,64.3083,66.6421,138.5770
197.6375,63.6254,67.3858,141.2358
187.5552,64.0991,68.2639,144.6681
180.9710,61.2355,68.9399,147.4074
178.9867,61.0119,66.8206,151.0442
178.7481,58.9811,63.8653,154.5460
176.9095,59.2135,62.9101,156.1711
177.1760,60.3128,62.0302,157.3034
175.1244,60.9781,63.1716,156.8916
172.7540,65.7157,64.1598,154.9467
172.1534,68.3232,66.4373,154.4566
171.2836,71.0342,68.2122,153.2505
171.5713,72.3900,70.8952,152.1857
170.2077,77.0356,73.2974,148.8210
167.8180,81.5240,75.8068,147.6115
166.0553,86.6556,77.3501,145.7114
164.3642,89.0154,78.0862,144.9570
164.6747,89.5943,79.1629,144.1974
165.0178,90.8186,79.6177,143.2406
163.7304,91.6953,83.9964,139.7430
175.0309,91.1620,85.8697,137.8356
174.3433,90.2290,86.1701,137.0209
174.2637,92.2934,87.3658,135.7642
165.7153,98.1652,94.7686,132.6774
164.4336,99.0466,103.7201,126.4399
166.2548,98.9365,107.2518,124.9119
169.3195,99.8258,105.9734,127.8638
172.4697,95.0763,103.2064,129.0530
174.6151,93.1846,98.2975,131.9468
176.8142,91.9768,95.5623,133.7890
177.3033,90.6682,94.4431,134.3243
177.3140,91.3926,93.8447,133.3868
178.6368,91.8910,94.4440,133.0199
176.7588,91.8715,94.3055,133.7101
177.1656,91.4955,95.7581,132.8495
179.5559,90.4619,97.5590,132.4537
180.6160,91.9517,99.8618,132.0623
181.0897,90.7410,103.8022,132.2314
179.6026,89.8425,106.5652,132.8275
180.1031,90.3425,111.8012,134.0385
178.4789,90.7338,117.1662,136.0782
180.3901,92.4851,122.2920,137.4337
181.4815,89.8749,125.4474,140.0477
179.8137,88.5530,128.7726,142.5599
179.2217,88.1856,131.2062,143.1498
181.0087,84.8665,132.2892,145.1019
181.2872,81.7254,131.9804,146.8965
184.6066,79.6768,130.4458,149.1250
189.7596,77.2375,127.3639,150.3928
192.0306,73.4802,124.3584,150.4811
194.9286,73.9648,119.5967,149.6258
196.4236,70.5540,114.4808,148.9220
195.3356,69.0433,110.2243,146.8445
194.3083,69.3939,107.4467,143.3939
200.2885,64.7140,105.1201,141.2768
195.9023,66.0843,102.7972,138.3392
201.1627,63.7628,89.0924,147.3895
207.3752,64.0084,79.6171,151.0035
213.9198,62.4454,73.4473,153.8877
219.8625,66.1042,69.5735,153.5245
223.5575,65.5565,68.2620,153.4240
226.3829,66.8147,69.7930,151.3512
229.8330,66.4230,70.8408,151.0162
229.4908,65.7937,72.3315,150.1331
227.4417,66.1195,73.2056,150.0162
225.6363,67.2614,72.8560,149.3111
224.0455,67.6307,73.0888,148.3479
222.9761,68.2278,74.9094,146.1819
234.9804,78.5400,77.5285,142.1054
233.6486,78.0838,81.3834,139.2201
232.8939,84.9111,84.5998,136.0630
231.0374,82.7061,87.7477,135.2848
225.0960,86.8076,90.6379,132.0733
222.3147,88.0850,91.2251,130.5315
218.5881,87.0611,91.1025,129.4302
216.7297,87.0742,89.7382,129.9632
216.0297,88.6700,88.8076,131.7937
211.0288,86.2666,88.8165,133.7894
209.2592,85.3202,88.4717,136.5132
210.9843,83.7699,89.2991,138.8421
209.2674,86.9021,92.5759,139.3246
207.9544,86.1983,94.1122,140.1533
204.3295,86.2986,95.3082,140.8374
204.2736,87.0947,95.0340,140.9512
201.2295,84.2842,94.4785,141.9763
198.0364,82.5543,93.7552,143.0636
198.9647,80.5834,92.9996,143.2057
196.4076,78.7427,92.0108,143.2565
196.7373,80.2564,90.5074,143.4791
194.4138,78.8455,88.1921,144.4079
195.8298,78.1196,86.9082,144.3602
194.0945,71.8713,84.3210,147.8325
194.2148,69.1031,80.4893,151.1740
195.6694,65.0940,76.3947,154.6646
191.3909,62.8159,75.0283,156.0583
189.1893,58.9861,74.7104,156.9221
186.5941,59.4557,74.3553,156.1182
186.1966,59.5224,72.5921,158.1312
186.9107,60.7286,70.7836,160.7602
188.2887,59.7046,71.0018,162.0491
189.6055,56.5274,69.1825,164.4310
191.1368,57.2722,69.6583,163.5194
193.5191,57.2018,70.0307,163.2622
194.3114,62.1814,73.0444,163.4531
193.2641,59.7375,74.2703,162.9681
194.6916,62.6250,75.3548,159.6187
198.3933,69.6669,74.3362,158.7399
193.8800,69.3565,74.1620,157.6951
192.1876,72.5096,75.3760,155.2240
190.6067,75.4479,75.4424,152.8232
190.0967,78.8522,74.8523,149.9416
193.0096,81.3461,75.4031,147.5899
194.4869,81.6006,76.2107,145.3240
197.2511,82.8122,77.0302,144.3331
195.8575,85.7730,77.5449,141.9315
196.2826,87.0069,76.4712,140.6100
197.5910,87.3306,74.8699,140.9169
196.5822,88.0461,74.4932,141.6994
196.4511,84.9323,74.9713,142.5322
200.1125,86.8923,76.0579,142.0300
199.5273,82.9396,76.7574,143.7178
198.4682,83.1790,77.2308,144.6149
196.6539,79.7500,79.7605,143.4901
195.8281,79.3888,80.8352,142.9143
199.3724,81.1526,80.4669,142.9332
199.8448,82.5681,83.8002,140.5331
199.5957,80.0298,86.2640,141.1944
199.8587,77.4913,88.2712,142.8339
199.7004,76.7576,89.5877,144.0011
201.8663,74.5633,87.9760,146.8439
199.5115,72.8589,87.0958,148.7048
198.2857,70.1156,86.0615,150.0030
200.4076,67.5803,84.3116,151.7514
204.4294,68.8759,85.2358,151.5835
210.6188,79.0867,84.0736,152.3991
206.9402,71.3449,81.3988,155.3637
208.2824,65.4798,79.3487,158.6326
206.2816,59.2783,75.3605,162.2350
205.2674,56.6175,73.6791,163.8425
204.2053,54.8661,71.1023,165.8265
206.4194,51.1545,68.9304,167.8627
206.3148,52.2344,66.5254,166.6435
205.7157,51.8290,64.5985,166.7122
204.1902,49.3401,64.4987,165.5673
202.6249,48.8877,63.8925,166.9229
202.8103,48.9344,63.4651,165.7379
204.5657,48.6634,64.5276,165.1046
206.4753,47.5077,63.7524,166.6824
206.2108,48.8136,64.5790,166.9027
207.8658,49.9057,64.4790,166.5839
207.6950,49.0228,64.3112,166.8533
205.8424,50.8000,63.8162,167.9160
208.7269,52.4417,63.3019,169.8808
208.6756,55.4095,64.3567,168.1231
208.9406,54.7830,64.9218,169.4997
208.6866,55.4709,65.1380,169.6993
204.8352,56.9376,66.6900,167.8767
205.1431,57.6315,67.1009,168.0569
205.8596,58.2812,67.5145,167.6533
204.9228,60.4256,66.9019,168.3498
205.4071,61.0019,68.2785,167.7012
203.6158,61.9924,71.5189,165.8539
204.1725,64.7727,74.5871,165.0960
205.1776,67.7413,77.6381,164.5289
203.5693,67.4784,80.9813,163.7441
199.4067,69.2676,82.6119,163.7947
198.7590,68.5972,83.4865,164.0703
198.8141,67.5453,83.4783,164.3805
198.9742,68.4974,83.8542,163.9783
198.8178,70.3375,83.4241,163.3577
199.6539,71.6135,82.6926,162.6472
203.3964,69.8009,82.1510,161.9731
207.9810,70.9586,81.4649,161.6763
211.5541,66.7304,81.7458,163.0425
216.4505,63.4661,82.3240,165.7184
219.4657,60.6027,84.3529,167.5538
224.5655,59.1789,85.0479,170.9296
228.6860,57.3038,85.9217,173.5428
231.5276,54.3065,87.2632,175.9066
233.2693,51.3469,88.1660,176.2732
238.3789,49.4231,88.1409,176.4038
238.8431,50.2368,88.8554,175.5176
243.4976,49.5054,87.5495,176.8888
244.6359,51.9431,85.6161,176.0743
246.3994,48.1198,84.4598,177.6443
247.8932,44.7530,83.1137,179.8875
248.9538,45.4840,81.5492,181.7624
251.8152,44.1098,80.4491,182.9886
256.1026,41.0363,78.9920,184.5861
258.4085,39.0630,78.5305,186.2663
261.6454,36.6888,78.1353,188.1285
265.6935,33.6371,78.7987,190.0725
268.9805,32.1860,78.6861,192.9688
269.4568,29.5194,80.4101,193.7956
266.8828,30.3250,81.6182,195.5377
263.6685,29.0128,83.0092,196.3515
257.9995,31.2760,83.5708,197.9939
255.7006,32.0654,81.9382,199.5981
250.2608,32.0280,80.0986,201.5127
245.2835,28.6167,78.5121,203.3533
238.5328,25.5312,77.2939,204.0283
233.9651,31.3423,76.3078,203.9497
228.6198,30.5307,75.4240,204.4934
222.7831,30.8881,75.9014,203.3715
216.8287,34.1291,78.5386,201.6170
212.0745,34.5851,81.7752,200.4594
202.8781,36.9565,85.5491,197.7312
193.9191,41.3063,89.1781,195.9260
183.0211,43.8466,92.7707,193.6253
173.3506,43.3000,95.6192,192.1452
166.8190,43.4306,97.7701,191.4670
162.0405,44.8520,98.6854,193.1091
158.4425,44.2336,97.2504,194.4420
151.6718,42.1844,97.4214,194.7507
153.4870,42.0212,98.8822,191.5665
155.1993,42.2336,99.3493,188.7903
149.0474,42.4455,98.7689,187.0043
145.1226,44.6234,98.2383,185.0117
141.5283,46.4576,98.3499,184.0176
141.4704,46.6729,103.7642,178.0173
140.4632,47.3709,106.3950,175.7632
139.0837,49.9290,108.1055,174.2215
135.1492,48.5994,107.0935,174.8452
136.8448,49.2213,106.6109,174.6504
133.2834,47.3974,104.8350,175.1073
137.4826,48.3340,100.8377,176.0000
138.4583,50.1787,97.8798,175.4433
139.7713,50.3167,95.1098,175.4270
142.5842,48.4967,91.0335,175.8401
145.9824,48.5196,86.1976,174.8016
147.1780,51.3439,82.3282,172.6713
153.7356,53.4536,77.9018,170.3037
152.8283,56.9329,75.9495,165.7472
156.9258,54.9008,72.6712,164.6243
158.5098,56.9256,70.1612,163.7076
157.2392,55.8094,69.1649,162.2012
154.9152,54.9616,69.5011,161.2155
154.5018,52.7120,69.4934,161.7116
149.1888,52.7054,70.4483,162.7464
149.6221,49.3366,69.9886,163.6799
152.0988,45.7293,69.9723,165.6635
152.3462,45.8163,70.4094,166.2944
153.5263,43.9603,69.8477,169.8992
153.5877,40.0244,70.5650,171.5950
152.1570,38.1846,71.1132,175.9792
152.3510,35.4831,71.0960,179.2690
153.8597,37.7797,70.9880,182.8640
155.5579,42.5431,72.0867,180.9047
154.9036,43.3631,71.9031,180.2239
154.8080,50.2829,71.9787,177.5495
153.5238,57.0512,71.3911,173.7749
153.9304,67.3618,69.2865,169.3095
155.9136,75.5879,70.1543,163.6903
156.8209,79.1336,72.6236,159.9468
155.2367,87.2313,74.7931,155.2102
153.4899,88.0202,76.8881,152.1909
152.0461,91.1814,78.6236,148.9333
151.0343,91.6730,79.4509,147.2103
149.6528,91.3005,79.5849,146.5918
148.9848,91.5933,79.4176,146.3320
148.2117,91.8835,79.2721,146.6355
147.2157,92.1554,79.1117,146.4211
147.9324,92.5431,78.3725,145.7434
146.2970,94.3842,78.5566,144.4243
146.6038,97.1699,77.5793,143.2761
148.7439,97.9648,76.2360,142.4238
151.6773,97.2560,74.5959,142.4899
153.7033,97.7085,72.0538,141.8480
158.6059,96.2913,68.1080,142.1165
162.5649,89.5484,65.4718,144.4827
166.9677,84.6101,62.9689,146.4927
165.8402,82.9377,63.6242,145.3655
174.9774,86.2053,63.2100,142.0287
179.8627,88.7844,63.3956,139.7137
187.2740,90.3232,61.8503,138.8544
189.9060,90.7120,62.4741,139.7360
189.2265,91.7778,63.9749,139.0429
187.3610,92.8572,66.2646,137.3807
189.1122,93.7011,66.9454,137.0512
187.7463,91.0978,67.8317,136.7402
190.0650,90.2085,68.7219,137.1490
191.9295,91.8824,69.1558,138.2525
194.5256,93.2454,68.9272,136.7902
198.6714,94.4253,65.7218,137.1057
204.4675,91.7051,61.4998,137.6281
211.7171,92.4061,58.1055,136.7066
216.3284,90.9449,57.1359,135.8313
219.7967,92.6371,55.7229,134.8215
221.6222,92.2255,55.4419,134.1260
226.5444,89.6049,55.0499,135.5202
228.7173,86.4368,55.5324,136.7385
232.4949,81.8477,57.0667,137.8241
233.0919,78.9780,57.8943,137.8013
234.0437,76.9351,59.3908,138.3573
233.3129,76.0514,60.0266,138.4488
231.5730,73.3067,59.9451,140.5684
230.7055,71.4425,60.4921,140.6052
228.1039,73.0578,60.0271,140.1616
225.5498,71.5359,57.5400,141.4412
221.5077,72.1234,57.5869,139.7832
216.9390,72.1270,56.9369,139.3217
212.3475,73.2138,56.4040,139.1290
208.1818,77.3469,55.7335,137.5326
204.4530,80.5801,55.9489,135.3733
201.0711,85.1687,55.9774,131.6503
197.7272,88.0938,55.3576,128.8879
196.9408,91.5546,56.0493,125.0589
195.8618,94.7631,55.7297,122.5553
195.7511,97.6470,55.1527,119.6392
195.1181,100.4590,55.7212,115.8436
193.5003,103.3155,55.8711,113.1973
192.2129,103.5001,56.5016,110.5364
190.1581,104.8537,57.4665,108.1391
190.8659,104.3113,57.5792,107.3085
190.9413,104.4592,57.6814,106.4509
191.9253,103.7067,57.8273,105.7888
192.5117,104.3750,59.4966,104.4269
190.2148,104.7321,59.5081,104.7283
186.2353,106.0446,57.7525,103.9396
182.2225,106.1062,56.7277,104.0616
180.6210,106.3909,55.1699,104.6035
178.6799,106.2069,54.8363,102.5773
182.7584,107.2389,53.7049,101.1955
185.5498,108.1170,53.6634,100.5966
184.7367,109.1787,54.5865,101.5503
185.1156,107.1365,55.0704,102.9730
184.0278,108.2274,55.5351,103.2331
183.5504,106.6411,55.8100,104.4331
183.6970,108.0100,55.5549,104.8632
183.2842,107.0469,55.6917,105.8715
182.8791,107.0339,56.2848,106.2270
181.2598,107.3793,58.3186,105.4828
184.2686,109.9729,59.9411,103.6399
181.8173,112.5167,60.7238,101.6582
185.3148,115.8689,61.1600,100.5161
186.6052,117.1375,60.1687,99.2982
190.6078,118.9731,59.9017,97.4874
191.7674,115.1395,61.2569,97.3230
191.8159,118.4190,62.8556,95.9645
196.5517,117.1007,62.0428,96.5091
198.9460,117.4523,63.0321,96.4676
196.4132,115.1907,64.0401,96.8021
194.1679,114.5117,64.0066,97.0987
192.4043,112.9802,63.7956,97.7151
190.4736,109.4789,63.5481,99.5022
187.8425,106.5170,64.7474,99.4773
184.4109,105.0595,65.5500,99.8490
185.4320,103.2245,65.9478,101.1146
184.0412,95.6912,60.0616,109.4146
185.1878,87.8871,55.0143,115.6761
184.8256,83.7901,52.1951,120.0315
183.6095,80.4535,50.7212,122.4410
182.8828,79.6559,49.5917,124.2025
183.9642,71.7577,48.3538,128.9415
184.2581,66.6651,48.0102,132.3618
187.3339,67.2930,47.4611,133.9721
188.8870,67.5606,47.8336,135.8552
190.1433,70.4975,47.7303,136.3382
194.5214,72.4151,48.1159,135.7076
197.6354,72.4559,50.4829,135.7244
198.1392,71.5953,53.7270,133.9172
200.2684,71.9063,57.4286,132.8263
201.6751,74.1165,61.6308,130.8100
204.1697,73.6586,64.6481,130.4375
207.7773,75.5169,68.2528,129.0938
213.8880,76.7621,71.4221,129.1048
217.8606,76.1433,73.3999,129.5777
220.3134,74.0818,75.0399,130.7954
219.7548,72.1528,75.9811,131.0985
224.3345,73.3761,76.2119,130.8401
226.8940,72.3686,75.9944,131.3798
231.8181,72.2497,75.3887,131.9936
235.2667,71.2369,74.5415,132.3893
241.1621,67.7120,74.5579,132.4856
243.7876,66.4582,75.2815,131.5927
249.0663,66.8183,76.0079,130.9637
251.4325,65.9091,76.4768,130.6439
255.5118,66.3601,77.8694,130.9309
256.6157,65.7460,76.8253,131.0568
256.8329,65.0687,76.2391,130.9790
256.4734,63.5285,75.1411,130.0562
260.6480,63.8792,72.1228,130.4026
262.7278,64.7355,70.0722,130.8089
263.9541,63.7660,68.3182,131.2081
266.0753,61.6735,67.5665,130.6881
267.7738,57.7241,67.1284,131.7730
271.3550,53.8673,64.8799,135.3917
270.0635,47.3110,64.6602,138.6231
269.3983,45.9975,63.7835,142.0928
269.6989,41.9848,62.6521,145.5362
268.5934,36.4943,61.1033,149.6195
266.3390,32.1348,59.7985,153.3187
263.8345,31.9389,59.0848,156.6815
262.0722,32.9367,58.5643,160.4738
259.7585,34.8757,59.1191,161.6093
258.3712,38.4148,59.7140,162.2531
256.5805,44.6485,59.8071,162.0015
255.2896,48.2875,59.5531,162.0912
253.3922,49.9684,60.3673,161.7806
250.5645,54.8745,63.2588,159.0775
246.0752,57.3227,66.8004,157.1395
239.3529,54.5064,71.7717,156.7387
231.3131,50.7243,76.8212,156.9109
225.1466,48.0696,80.9540,158.4789
215.9804,44.1818,82.7288,161.9009
210.2291,44.2370,83.8733,164.8559
201.9862,40.8172,83.8673,170.0725
195.3351,38.0463,81.3065,177.4601
187.6225,35.9006,80.5657,185.4764
176.3981,30.3911,79.9480,193.5684
164.4006,26.6942,79.6962,200.9375
155.7789,18.9829,80.6127,206.1931
145.2487,13.9379,81.4198,215.0081
131.3067,9.6941,82.6831,221.8153
118.9274,9.4575,84.8085,227.9819
109.3328,8.7633,86.3629,231.2401
100.0150,9.2893,87.5397,234.6144
93.1655,4.0325,88.7041,237.3561
84.8541,3.6002,90.9383,242.0831
79.3610,6.6471,92.7128,244.9563
74.2410,10.2794,94.6240,246.9618
69.1799,12.3525,95.6180,248.7027
66.4122,18.7252,96.0443,246.5819
65.3322,30.5183,100.5835,241.4197
61.1777,35.9540,105.8760,233.4659
56.4521,44.1371,105.4490,230.6649
56.3646,42.6290,106.2346,227.0580
56.5944,49.4325,107.4704,222.4086
51.5573,55.8248,111.2954,216.2077
44.6000,61.4635,119.6993,206.4903
46.0590,69.2461,124.7040,198.1998
48.3434,75.0467,125.3527,192.9466
51.7156,81.8235,125.0608,187.7161
50.2772,80.3397,123.1678,182.9608
60.8874,86.7394,121.0178,180.6835
58.4748,86.7801,119.5525,176.7983
62.8602,94.5872,118.2411,174.6380
56.3510,93.5118,117.7923,170.5279
59.9885,96.0048,117.5524,164.5875
57.3103,98.2934,118.4733,157.8963
63.1247,96.4545,115.4104,151.8555
63.8263,95.6024,118.0490,146.2255
69.4791,92.4784,118.1531,142.0633
71.2317,90.4567,117.8799,139.0250
81.6611,87.2964,114.0887,136.7167
83.3224,88.1774,109.0285,135.0106
88.3696,87.0108,105.0336,131.6231
89.4706,88.6562,101.6487,128.4672
90.9705,87.5303,98.3312,125.0806
89.8149,89.3631,97.0858,122.3109
91.2430,89.0615,96.0110,120.2115
91.5883,89.5536,94.9722,119.1485
93.7967,88.0757,95.2436,119.0564
93.2109,89.6560,94.4278,119.5130
94.0868,86.9154,95.9654,118.6877
94.3575,87.7064,97.2230,118.1302
95.8325,85.9257,99.3388,116.1675
95.6725,84.2889,99.4100,116.6974
101.0329,85.8191,96.9482,115.7776
102.1619,86.9062,94.5247,115.2898
107.9628,86.1114,92.1742,114.3083
108.8834,87.7054,90.2391,113.0359
111.4340,87.9404,89.0892,111.9878
107.8155,88.1812,89.8225,110.7001
113.1156,89.1659,88.8756,110.9346
113.8853,88.9491,88.5363,111.7351
116.4669,90.2861,87.2123,110.8968
118.7570,87.2855,86.1360,111.3247
124.0018,86.5562,84.7275,109.7645
128.4959,87.4602,82.2149,109.3287
135.2822,83.3039,79.8205,109.4518
133.6893,83.2615,78.3682,108.5458
136.4122,83.7635,75.8585,108.7919
138.8694,84.7624,73.6704,108.6857
138.2625,81.7373,74.2297,108.0937
138.0936,81.7368,74.3923,107.2702
143.9830,85.2435,75.4971,106.9644
142.9232,85.4468,75.5029,107.7825
148.9647,90.2634,75.7923,107.0673
151.1556,92.0595,75.9267,107.4487
151.2693,91.5714,77.4230,108.8543
149.2270,91.1482,79.1779,109.5828
150.0990,90.4230,81.6495,110.5917
148.2249,91.2615,85.0706,110.7931
149.8968,90.7626,87.6369,112.4642
149.3901,89.3952,90.1514,114.0534
145.9804,88.7110,92.5814,114.9468
146.1113,87.8091,93.6773,116.3635
146.2551,84.3097,94.2765,117.3382
147.2261,85.4937,95.0986,117.6212
147.7694,80.6777,92.7141,120.2631
150.9621,79.8659,90.6311,120.8768
155.7678,71.5300,85.6418,125.8194
