1
592.9307,201.8442,44.1201,37.3044
591.2721,201.2733,43.7963,37.0457
588.9038,200.7302,43.0057,36.7888
587.3991,199.7597,42.6627,36.7764
585.4364,198.7524,42.2347,36.4686
583.9717,197.8167,41.8379,36.3441
581.8096,196.9011,40.9809,36.2119
581.6523,196.1060,38.3100,36.2832
583.9185,195.7317,33.4739,38.5360
583.8210,195.4096,30.3550,40.0083
583.4542,194.4455,28.9886,41.2354
583.1691,192.1345,27.9390,42.3698
581.3932,190.1342,27.2605,42.9630
579.7339,188.6291,27.1450,42.8725
578.6827,186.9428,26.9628,43.2852
577.0065,186.4139,26.8918,43.0025
576.2828,186.1313,26.6071,42.7748
575.8152,185.4439,26.2745,42.6105
574.7158,184.8422,26.1778,42.3728
573.8843,185.3718,25.9137,42.2215
574.4641,184.4509,25.8197,42.2779
573.9211,183.8360,25.8502,42.0927
573.0172,183.3585,25.7274,41.8613
572.3007,183.5147,25.7475,41.8291
571.7219,183.9338,25.5029,41.7840
571.2737,184.0504,25.5145,41.6525
570.4461,184.3497,25.4656,41.5423
570.1881,183.9514,25.5783,41.5930
570.7562,184.1662,25.5702,41.5066
570.1559,184.6164,25.1846,41.6954
568.9749,185.0397,24.7478,41.8034
569.3586,183.7175,24.4428,42.1699
567.6155,182.9071,24.0559,42.1422
566.8060,182.7678,23.2858,41.4259
566.8871,182.3224,23.2590,41.4663
564.1060,181.7689,24.9866,41.3690
559.1179,182.3726,29.2443,39.0255
555.2635,183.0658,32.8394,36.6588
553.9196,184.0514,34.9970,34.7597
553.1662,184.7597,36.1634,33.7839
552.1566,185.2094,36.4795,33.0986
550.9712,185.7197,37.0256,32.8046
549.8336,185.8004,37.6796,32.5349
548.0341,186.1703,38.3186,32.2158
546.8561,186.2963,39.4030,31.9504
545.7787,186.1687,40.1000,31.6020
544.0371,185.7601,41.5936,31.1031
542.9476,185.0134,43.0276,30.6095
541.9423,184.9913,44.0899,30.1385
541.8704,184.9759,44.4793,30.0639
542.6878,185.5453,44.8533,29.8803
543.5361,186.5917,44.6682,29.6751
543.8668,187.5460,44.4877,29.7592
544.8330,187.5785,44.3529,29.9291
546.6564,187.5660,43.8198,29.2747
552.2740,187.5367,41.7399,28.7001
560.3315,190.0961,35.7399,32.4851
563.9240,190.9015,34.0847,34.5590
567.9254,190.2666,37.0177,35.2800
570.4507,190.9691,41.8300,34.1045
572.0480,191.6344,45.1564,33.3702
573.0847,192.6400,47.0304,32.8489
574.2190,193.1547,48.5857,32.8643
575.5515,193.7923,49.3653,32.8164
576.8915,194.6814,50.3033,33.1390
578.9922,195.6146,50.7402,33.3909
580.1745,196.1835,51.4372,33.9528
581.8112,196.2766,51.6347,33.8496
583.1215,196.5839,51.8410,33.7841
585.0772,197.1384,52.3393,33.6729
586.7402,197.2336,52.3199,33.7886
588.5803,196.9958,52.9082,34.0575
589.9106,197.2482,52.8418,34.2166
592.0966,197.8654,53.1927,34.6513
593.8848,198.3890,53.2729,34.6642
596.2360,199.2032,53.3771,34.7302
598.1638,199.3826,53.5476,34.7674
599.9432,200.0094,53.5485,34.8109
601.2340,200.0577,53.6807,34.9989
603.1477,200.0055,53.9840,35.1225
603.7407,201.2614,54.1663,35.2284
606.3016,202.0137,54.2538,35.2342
607.2527,202.1694,54.3286,35.7703
608.3442,202.2978,54.5637,36.1037
609.5207,203.5257,54.6715,36.1365
610.5086,203.5796,54.9602,36.2827
612.5255,204.2766,55.4245,36.3101
613.9668,204.7850,55.5264,36.5225
614.7351,204.8744,55.6784,36.9338
615.2948,205.9840,56.8212,37.6402
615.9706,206.3992,59.0796,38.0838
616.9609,207.3224,62.0720,38.4715
616.7219,208.4048,64.3707,39.0679
616.7225,209.4759,65.9556,39.9313
614.8887,209.7777,67.1591,40.3614
615.3314,210.3425,67.3524,40.9109
615.1973,210.6859,67.2565,41.4529
615.7327,210.8573,67.0413,41.9120
617.1783,210.3181,66.5305,42.2538
617.6455,210.8228,66.3025,42.5655
616.9664,210.8596,65.5751,43.0216
616.1731,210.4532,62.2884,43.3336
616.4117,211.0808,54.8538,46.6853
617.4532,211.1616,48.6424,50.2607
617.3550,211.2767,45.0395,52.4869
615.1607,210.3863,42.9431,54.6182
613.8965,209.8542,41.1957,55.6594
612.3557,209.5754,39.9414,56.4258
611.6868,208.9037,39.0286,56.8837
610.3737,207.7447,38.0572,57.0336
609.2512,206.5645,37.3501,57.0911
608.1305,206.5953,36.6133,56.8676
607.3817,205.5414,36.1526,56.8952
605.5364,205.6524,35.5417,56.1477
604.0746,204.5534,35.0590,55.9443
602.3194,204.4604,34.5492,55.3319
600.3582,204.0882,34.1400,54.7694
599.6246,204.2366,33.9745,54.1747
597.5803,203.1197,33.5001,54.3498
596.1762,203.3494,33.3505,53.7673
594.9291,202.2667,33.1265,53.5555
593.3198,202.1852,32.7816,52.8607
591.1129,200.8431,32.3845,52.7589
589.1245,200.6784,32.0642,52.7346
587.9578,200.7045,31.8951,52.7607
587.3094,200.5442,31.3956,52.1136
587.7739,201.0003,29.7423,51.3199
588.1258,200.8493,27.1456,53.3515
587.5817,199.3954,27.9101,54.3215
586.2162,197.8896,29.3272,55.0163
584.8205,197.4194,29.3190,55.9749
583.6528,197.3716,29.0581,55.9592
582.2322,197.7191,28.7458,55.7175
580.1694,198.1264,28.7678,55.4098
578.8609,198.9711,28.4781,55.2742
577.5326,199.9450,28.1663,54.9936
577.0037,200.7600,27.8005,54.4182
576.9373,201.7258,27.2229,54.1169
576.4634,201.8517,26.9232,53.8858
576.7180,202.4656,26.7596,53.3232
576.8703,202.9638,26.6329,52.7399
577.2330,203.9020,26.5488,52.0141
577.3837,204.0184,26.4852,51.5131
577.4782,204.3600,26.1617,51.1601
577.5883,204.0786,26.0899,50.5414
578.5105,204.0894,25.9541,50.2418
579.6685,204.6494,25.7151,49.7249
580.5305,204.8769,25.4576,49.3431
581.2322,205.0759,25.2127,49.3163
582.2587,205.1482,25.0498,49.0582
583.0825,205.1667,24.8950,48.6784
584.0832,205.7109,24.6538,48.4633
585.2005,205.5835,24.4947,48.2517
585.7615,205.9127,24.4288,47.6818
586.0563,205.3895,24.7498,47.1334
586.4752,205.4956,25.1738,46.6060
587.0154,205.6035,25.4382,46.1036
588.2824,205.9639,25.7807,45.6386
588.8151,206.8983,28.1123,43.2019
590.8079,206.6094,29.1644,41.9906
592.1805,207.2656,30.0814,41.2775
594.0558,207.0051,30.4396,41.0967
595.4274,207.0496,30.7968,40.8454
596.6021,207.4985,31.1394,40.6107
598.2490,207.5251,31.5413,40.5715
599.8289,207.6090,31.7152,40.5971
600.9495,206.8585,32.0025,40.8729
602.6082,206.6928,31.9449,40.8981
603.7173,206.3157,31.9503,40.8404
604.8523,207.1470,31.7262,40.6118
605.1736,207.6278,31.4411,40.5180
606.1567,207.2736,31.3160,41.0040
605.6638,208.4379,30.8287,40.8492
602.2794,211.1569,28.5108,41.8293
637.4569,192.4902,33.1766,36.7948
634.8355,194.5465,38.0754,33.3832
635.0475,194.7626,40.5725,31.0760
636.2047,194.8644,41.4177,29.7363
636.7074,195.4471,42.2568,28.7307
637.5179,195.8709,42.2785,28.0668
636.0997,195.9341,42.5642,27.6229
636.8162,196.1004,42.4589,27.1938
637.0823,195.8074,42.2464,26.9244
636.0469,195.8561,42.5547,26.6965
634.9901,195.4511,42.2371,26.5088
631.5197,195.5157,41.2157,26.7514
625.8898,195.7161,39.0668,25.6367
619.7451,196.8983,34.8749,27.2733
617.8726,197.0665,32.6335,29.1289
613.6696,196.3633,32.9817,30.4815
611.7986,195.3927,33.2222,31.3676
610.2643,195.1274,33.1561,31.4527
609.7991,195.8250,32.7974,31.1930
608.6993,196.0073,32.5639,31.0839
608.4382,195.8979,32.1920,31.1485
607.6089,196.0320,31.8308,30.8084
607.5050,196.0968,31.2872,30.8568
607.2041,195.6752,30.9777,30.7509
606.2991,195.6811,30.8282,30.6222
605.2958,195.8073,30.7642,30.1338
604.8720,196.0816,30.5940,29.9913
603.7775,195.3414,30.4842,30.0803
602.4327,195.3957,30.6284,29.6987
601.7446,196.0575,30.4643,29.4824
601.3672,196.2279,30.8030,29.5140
599.9022,195.9601,30.9362,29.1410
599.6055,195.6953,30.9069,28.7375
598.3217,195.4392,30.9428,28.4815
597.4247,195.3914,30.8213,28.0775
596.9627,195.3885,31.0107,27.3200
596.1358,195.9815,30.7523,26.8682
595.1454,195.8970,30.7035,26.4783
594.2239,196.3491,30.6165,26.0826
593.4397,196.3205,30.6672,25.6378
591.9700,196.6100,30.5882,25.5087
591.5771,196.8637,30.4396,25.2247
591.0162,196.3747,30.4860,25.2020
590.3117,196.5912,30.4657,24.9522
589.5016,196.6526,30.6071,24.8380
588.8903,196.7503,30.6152,24.7548
588.8393,196.9095,30.6685,24.6806
588.6954,197.1674,30.7268,24.5423
588.3045,197.3069,31.0550,24.4362
585.5686,197.1713,31.9331,24.8242
581.1205,198.3925,33.3247,25.0875
575.2098,199.4447,34.5933,25.4287
569.3859,200.5354,35.3004,26.0694
564.8137,201.9643,36.0759,26.3034
560.4338,203.7472,36.9020,26.2238
556.4290,205.5691,37.8397,25.9835
551.7429,206.9199,39.0781,25.7148
548.3823,207.7635,40.1764,25.5935
544.4164,208.4171,40.9576,25.9002
540.2869,209.4315,41.2925,25.8766
537.7690,209.6048,41.5582,25.8638
533.2996,210.2094,41.9616,26.0093
529.0963,210.2674,42.4146,26.2653
525.2007,210.8048,42.6650,26.3784
521.2668,211.3077,42.9147,26.5565
516.4980,211.6285,42.9966,26.5932
512.0295,212.1795,42.7905,26.7856
508.1538,212.6161,42.3428,27.0872
505.3685,214.2947,41.7252,27.1849
502.1306,215.8067,41.5987,27.3768
499.1036,216.1583,41.1810,27.5228
493.8608,216.2933,41.4839,27.7064
489.6786,216.7661,41.3246,27.7424
484.5706,217.8067,41.7745,27.9041
480.6472,217.8101,41.6605,28.2287
475.7301,218.6620,42.5206,28.3311
471.7140,219.4094,42.7920,28.4327
466.0641,220.8254,42.8188,28.7642
461.5235,221.5604,42.7318,28.9995
456.6792,222.0379,42.6750,29.1285
452.0853,222.6119,42.5887,29.2237
449.7502,222.6258,43.0646,29.0515
444.9893,223.1291,43.3205,28.9830
441.4541,223.8079,43.1128,29.0611
438.1024,224.1271,42.9190,29.2810
435.2517,224.5336,42.6664,29.1814
434.9526,224.3008,43.3935,28.8760
434.2912,225.4921,43.6093,28.3437
435.4408,226.8944,43.4854,27.8793
437.5913,228.4004,42.7997,27.6964
438.6176,229.6548,41.6193,27.8058
439.2292,230.3738,40.7155,27.9131
437.4065,232.1622,39.9274,28.1997
436.9306,232.3619,39.3578,28.5247
436.1767,232.9332,38.9054,28.5922
434.2781,233.7931,38.2686,28.5387
433.6856,233.7934,38.0613,28.2859
432.6827,234.6787,38.1164,28.2516
432.1087,235.4388,38.0974,28.0653
431.4317,236.6600,38.0001,28.0885
431.4002,237.3442,37.8433,27.9537
430.9330,237.7307,37.6795,27.8705
430.5711,238.2470,37.5523,27.6862
430.8459,239.0952,37.5467,27.6399
430.2284,239.4323,37.4287,27.3631
430.3172,239.4774,38.0938,27.3469
429.7697,240.6053,38.5222,27.4032
427.7747,241.0310,40.2419,27.9261
423.8210,241.4645,43.3093,28.1483
421.0108,241.1386,44.4236,28.7961
420.3246,241.4946,43.6711,29.5849
420.2918,241.4295,42.7621,30.1829
421.1834,242.2623,41.9764,30.4236
420.6462,243.3691,41.8837,30.4201
420.0513,244.0577,41.2892,30.3375
419.2520,245.3636,40.8905,30.3482
418.5432,246.6549,40.7663,30.5255
417.8273,248.3238,40.1780,30.5242
416.6970,249.9971,40.1052,30.5295
415.3529,250.9964,39.7620,30.2858
414.8670,251.3687,39.6054,30.0578
414.4399,252.1518,39.3320,29.6475
413.1115,253.4795,39.0957,29.5422
412.2861,254.4144,38.4356,29.6239
413.0557,254.8365,38.0693,29.4968
413.8670,256.0260,38.0534,28.5449
414.7523,257.1710,37.8870,27.8536
416.5221,257.5887,37.4742,27.7333
417.8380,258.4058,37.7289,27.8300
418.5110,259.1931,38.0472,27.8553
419.3114,259.2096,38.4763,27.9701
419.3667,260.0668,38.8201,28.1719
420.3501,260.0755,39.3275,28.3130
421.1332,260.9136,39.4703,28.3300
422.1594,260.9095,39.7345,28.7005
423.1581,262.0688,39.8354,28.8598
423.9708,262.6464,40.2213,29.0060
424.3898,261.9088,41.0351,29.0918
423.3242,261.0090,43.3129,29.2733
418.8183,260.5428,46.8666,29.4350
416.0411,259.8647,48.4132,29.8876
417.1567,259.3255,47.7626,30.2082
418.4502,258.6704,47.6169,30.4386
419.4673,258.4951,48.0215,30.6542
419.8660,258.0043,48.7389,30.7273
418.8159,258.2286,49.3308,30.7124
417.1895,257.9318,50.4733,30.7518
415.0356,256.8475,51.7469,30.5830
414.4423,256.3116,52.2954,30.6326
413.8789,256.1544,52.6249,30.5287
414.8484,256.6285,52.6242,30.3295
415.5967,256.2307,52.7617,30.1248
416.4042,256.7061,52.5196,30.0480
418.1655,256.8391,52.1463,29.8994
419.7738,256.7661,51.9359,29.8608
421.6738,256.6725,51.7226,29.9952
423.3036,256.5749,51.7111,29.9637
425.5220,256.2024,51.1862,30.2586
427.5823,255.8166,51.1229,30.2275
429.8552,255.7628,50.6740,30.3328
433.5972,255.8970,49.8885,30.3127
439.0217,255.1787,49.2370,29.4338
446.8091,254.8299,47.0509,28.6511
455.5595,255.2130,42.1676,31.1722
462.2469,253.4484,37.4591,34.6415
467.4987,251.2686,33.3183,38.5582
472.2986,249.9067,30.4432,40.9776
476.6496,248.7640,28.6012,42.7889
480.9165,247.1328,27.2799,43.8362
485.0364,245.2852,26.4417,44.6172
488.3484,243.9339,26.0923,45.1475
491.9168,242.8151,25.6779,45.1629
495.2213,241.7240,25.2738,45.2231
498.8056,240.4113,25.2208,45.1526
501.9386,239.9468,25.3008,44.9861
505.3257,239.2018,25.3984,44.8331
508.4316,238.3491,25.3948,44.7569
511.9270,237.7957,25.1302,44.6956
515.3481,236.3441,25.2880,44.7527
519.0671,234.6447,25.2963,44.9223
522.5585,233.2202,25.4515,45.0462
525.8177,232.0883,25.6811,45.2947
529.2007,230.3505,25.6629,45.4221
532.9166,229.4472,25.5830,45.6030
536.3955,227.8759,25.4813,45.7544
539.5126,226.7239,25.3521,45.6878
543.1647,224.6629,25.3054,45.9000
545.2982,223.3618,25.6073,46.1222
547.9601,222.9834,25.7390,46.5752
550.5848,222.1701,25.7909,47.1499
552.6965,220.1319,26.3027,47.4232
553.1099,218.8999,27.0920,48.2151
551.5488,216.7454,32.5669,45.3295
546.6967,216.5886,39.3598,41.9887
543.6321,216.1423,45.3917,39.3487
541.2579,215.5595,50.2607,37.2049
540.0346,214.3069,54.0956,35.9163
539.4453,212.6420,56.6008,35.3539
539.1230,210.9193,58.5576,34.9178
538.7494,208.7172,59.8430,34.9457
538.9541,207.3928,60.0536,35.1295
539.3337,205.3540,60.1687,35.2075
539.5876,204.0478,60.0045,35.2639
540.4938,202.4798,59.6763,35.3243
541.6526,201.1814,59.8294,35.3422
542.3048,199.8920,59.6636,35.2726
543.2684,197.9218,60.0154,35.3899
543.2619,197.0016,60.0688,35.5545
543.5139,195.7601,60.0943,35.7890
543.4562,194.2142,60.0138,36.0163
543.8007,193.2176,59.8743,36.1070
544.0397,191.9189,59.7835,36.1254
544.3168,190.3788,59.8260,36.1524
544.6077,189.0776,59.8489,36.1167
544.4891,187.2203,60.2985,36.1323
544.6129,185.0487,60.6206,36.4219
544.7046,183.8170,60.5121,36.5309
545.1580,181.8833,60.7602,36.5837
545.3570,179.4901,61.0363,36.9596
545.5472,177.6796,61.3047,37.0387
546.2617,175.3929,61.1244,37.1875
549.9205,173.5101,59.2982,36.8777
555.2837,172.0959,55.3018,37.0171
561.7237,171.7100,47.4281,41.0432
564.1360,171.3809,41.7814,44.7246
566.1887,169.6436,37.9297,46.7447
568.3899,165.9236,35.4000,48.6767
569.9466,164.0413,33.1146,49.4591
570.7938,162.2758,31.5162,49.7607
571.8897,160.7239,30.4128,49.7272
571.5408,159.5108,29.3402,49.3050
572.2084,158.5374,28.5581,48.4852
572.4988,156.8377,27.8387,48.0193
572.3104,155.4815,27.2388,47.4827
571.9636,154.6081,26.5831,46.7006
571.5711,153.7087,26.1059,46.0532
571.4991,152.1860,25.7046,45.6895
571.4380,150.7124,25.5451,45.3038
571.3190,150.7435,25.2421,44.4296
570.7933,149.6296,24.9513,43.9135
570.6906,148.0085,24.7138,43.4612
569.5765,147.1137,24.7522,43.0232
568.8102,146.0599,24.3567,42.9013
568.4634,145.3302,24.1196,42.6080
567.0839,144.3098,23.7708,42.3246
566.6068,143.9011,23.6373,41.7727
566.0892,143.3159,23.2396,41.5688
565.7515,142.6898,22.8529,41.3878
565.3297,141.5669,22.6584,41.0297
565.0453,140.8888,22.6203,40.6733
564.6567,139.9630,22.4999,40.5191
564.4722,139.4625,22.2828,40.2936
564.4315,138.7538,22.3022,40.2794
564.2031,138.2791,22.3731,39.9077
563.6379,137.4600,22.3501,39.8666
563.5190,136.9696,22.3290,39.7522
562.8646,136.2572,22.2213,39.6290
562.6870,136.0796,22.2089,39.3457
562.7014,136.0048,22.1939,39.2849
562.3739,135.7563,22.0350,39.2349
561.8007,134.9668,21.9157,39.1325
561.6832,134.7793,21.4423,38.8671
560.5797,134.3067,21.9835,39.1893
558.1904,133.6191,25.4159,37.4184
556.0595,134.4727,29.6388,34.2320
551.9796,135.4730,34.1691,31.4539
548.3047,135.8964,37.4737,29.5742
544.4066,136.8559,39.3275,28.3605
541.5108,137.3733,39.9847,27.8851
538.9766,137.1241,40.7019,27.7405
539.2747,136.8260,40.5434,27.5381
537.4317,136.6763,40.9905,27.4635
536.2878,136.8928,40.5080,27.5489
535.0973,136.6566,40.6406,27.4230
533.5115,136.2280,41.0422,27.3134
533.8663,135.6960,40.8687,27.4475
533.8770,135.9128,40.6391,27.4428
533.4731,135.7450,40.6424,27.3352
533.8259,135.4241,40.2194,27.4592
533.7507,135.4030,39.8808,27.3101
533.1981,134.8229,40.1362,27.1899
533.0533,134.9301,39.9393,27.2281
532.2487,135.0610,39.6947,27.3172
531.7104,134.9882,39.4504,27.5440
531.7576,134.8754,39.0469,27.7959
531.4760,134.8425,38.9587,27.7254
532.5894,133.7221,38.2667,27.5732
534.3223,133.2589,37.8404,27.5189
537.4962,132.8587,36.3818,27.6016
537.2491,132.5125,35.3740,28.1540
541.2048,133.2870,31.8963,29.7663
543.2083,133.2180,28.6282,32.6993
543.7786,131.9283,26.6371,34.8995
544.5292,131.3231,25.3740,36.1612
545.1575,131.2691,24.4266,36.8036
545.2549,130.9617,23.3506,37.3321
545.1632,130.0958,22.8706,37.6811
544.7299,129.9075,22.6549,37.6311
544.6420,130.2363,22.4810,37.5602
545.2952,129.7706,22.1152,37.5620
545.0655,129.4325,21.9404,37.7195
544.6972,129.7163,21.7351,37.3591
544.6179,129.3167,21.6821,37.3549
544.5446,129.3966,21.5271,37.1176
544.3489,129.3811,21.4086,36.8634
543.6585,129.5365,21.3927,36.5470
543.8147,129.1974,21.1082,36.5029
543.7953,129.5257,20.9850,36.2846
543.5020,129.6413,20.6959,36.2891
543.2177,128.9688,20.5266,36.2961
543.8513,128.9491,20.3778,35.9882
543.3372,128.8895,20.3103,35.6016
543.7712,128.3262,20.1967,35.5051
543.5428,128.3586,20.0991,35.0931
543.4988,128.4021,19.9737,34.8368
543.7238,127.5914,19.8859,34.7748
543.1204,127.4034,19.8134,34.3854
542.8784,127.2949,19.7901,34.0817
543.0798,127.1612,19.7702,33.7670
543.2782,127.0760,19.6750,33.5200
542.5030,127.1763,19.3754,33.1630
542.7369,126.4162,19.3234,33.0725
542.4714,126.3001,19.2478,32.8591
541.8045,126.1742,19.1810,32.7761
542.3892,125.4627,19.2071,32.9560
541.9944,125.5062,19.3377,32.8010
541.5862,125.4175,19.3494,32.6732
541.1217,125.4778,19.3444,32.6236
540.6681,124.6858,19.3457,32.6134
541.0026,123.9951,19.5246,32.4061
540.2625,124.1051,19.3500,32.4730
540.0994,124.0246,19.2629,32.3173
539.7384,123.9655,19.1638,32.1011
539.4217,123.2415,19.1445,32.0506
539.5302,122.4952,19.2880,31.8881
538.6816,122.3384,19.3863,31.7249
538.2724,121.9875,19.5242,31.5836
537.9116,122.1896,19.4952,31.3990
537.9287,121.2484,19.8388,31.9692
538.6993,120.9038,21.3335,31.9587
539.3995,121.5643,22.6671,31.8918
539.2712,121.6634,22.5905,31.9377
539.5833,121.8333,22.5326,31.5960
540.2950,122.5107,22.6336,31.1857
540.6708,122.4588,22.7137,31.1723
540.9241,121.7558,22.9181,31.5773
541.3042,121.0068,22.9946,31.6418
540.7003,120.8099,22.9871,31.3887
540.9379,120.4319,23.1244,31.2773
540.1519,120.7203,23.0692,31.0669
539.6595,120.1691,23.2351,31.1698
539.3265,119.6108,23.3758,31.3489
538.1228,119.2455,23.6076,31.1117
538.2988,119.6368,23.7139,30.9263
537.6016,119.2860,23.2556,31.0419
538.6285,119.1336,22.5924,31.2127
538.5832,117.5718,23.1956,31.5391
536.0012,114.9853,25.6610,30.2601
534.1879,114.9709,28.8310,28.3013
531.3485,114.8857,31.4388,26.7882
530.1096,115.1629,33.0419,26.0231
529.7042,114.2965,34.0254,25.3062
528.3679,114.4981,34.7896,24.9228
527.0791,114.1065,35.5039,24.9432
526.1055,112.8291,35.6361,25.0218
525.6463,112.5585,35.3889,25.0094
526.5863,112.2899,34.8584,25.3372
526.1548,112.2511,34.9888,25.3447
524.9057,111.6590,35.4110,25.3345
524.6349,111.1366,35.6466,25.3429
523.7169,110.8534,35.4810,25.5636
522.4504,110.4368,35.5423,25.6798
522.4878,110.0920,35.4371,25.6952
521.2238,110.1034,35.5156,25.7236
521.3334,109.4267,35.3393,25.7880
520.2530,108.9211,35.7787,25.7912
520.6008,108.3622,35.6012,25.8647
520.5038,108.1310,35.4994,25.8836
520.2836,107.7995,35.2753,25.8969
520.3702,107.7178,35.1518,25.9325
520.3176,107.4767,35.2043,26.0046
521.4788,107.2767,33.5379,25.8796
522.6434,107.1415,31.5767,26.8168
524.1365,106.9998,28.4419,29.0065
526.0460,105.3903,29.1680,29.8497
527.1085,104.6121,33.4749,29.2617
527.2596,104.4627,36.8923,28.3077
525.9327,104.7693,38.9309,27.3199
524.8481,105.6538,40.3713,26.7748
522.1589,105.3163,41.5082,26.5533
521.5222,105.5584,42.3661,26.3053
520.2852,105.2739,42.8512,26.4025
520.1133,105.2036,43.0780,26.4384
518.9609,105.7738,43.0773,26.7760
518.9904,105.7724,43.2305,26.9386
517.9659,105.4900,43.0545,26.8037
517.5469,105.4295,43.3357,26.5404
517.4155,105.2160,43.2134,26.4088
516.9504,105.5248,42.9914,26.0566
516.4804,105.8277,42.8811,26.0193
516.3619,105.4048,42.7341,25.7561
516.3498,105.1739,42.7398,25.6162
516.2463,105.4613,42.6862,25.2824
515.8688,105.5787,42.3331,25.0856
515.2881,105.2404,42.1850,24.9202
515.2830,105.7676,41.8565,24.7286
516.0067,106.2188,41.2563,24.5757
515.5211,105.8235,40.7474,24.6870
515.7464,105.4546,40.5087,24.5704
514.2918,105.7361,39.3863,24.4505
512.1934,105.6359,36.3603,24.4479
514.0227,107.0254,32.7078,26.9020
511.0720,104.2143,33.4398,27.1663
509.1005,104.7734,34.9144,26.6383
507.0896,105.5162,35.7965,26.1642
507.3388,106.7841,35.8310,25.8142
507.3403,107.7533,36.1584,25.5288
507.3567,108.3970,36.4853,25.3583
507.9940,108.7864,36.7330,25.4564
508.6301,109.1107,36.8673,25.6875
509.1813,109.1180,36.9508,25.4948
509.1445,109.2010,36.7953,25.2295
509.9177,109.8365,36.4656,25.1950
510.5918,110.6024,36.4425,25.1438
510.7505,110.7399,36.4390,25.0438
511.1789,111.0657,36.2824,25.0093
512.0022,110.9430,35.8461,25.0293
513.2372,111.0478,35.7553,24.8582
513.9890,111.9720,35.6036,24.6184
514.6602,111.8856,35.3379,24.6804
515.0875,112.1040,35.3780,24.6107
515.8104,112.3270,35.3539,24.5308
516.1771,112.7362,35.3120,24.3971
516.5544,112.8837,35.1405,24.3872
517.2694,113.0407,35.0512,24.2948
517.9468,113.4616,34.9415,24.2368
518.9175,113.6744,34.7184,24.4764
519.7996,114.1153,34.6146,24.5012
520.2813,113.8961,34.5984,24.3971
521.6716,113.7454,34.7122,24.0760
522.0887,114.5387,34.6386,23.9831
523.7465,114.4675,34.6417,24.0509
524.6376,115.2333,34.5062,23.9434
523.5776,116.1515,35.0223,23.8811
523.0314,116.4763,35.1267,23.8683
523.0226,116.9765,35.3249,23.9153
523.4955,118.4229,35.4257,24.0539
523.3937,118.8655,35.8756,24.3225
523.4127,118.7316,35.8717,24.5574
523.6193,119.3577,35.7654,24.7257
522.9285,119.3140,36.2504,24.6961
522.4295,119.8611,36.2832,24.7829
523.1721,119.7611,36.6494,24.8670
523.2805,119.9599,36.8337,24.9240
523.4145,120.3597,37.2193,25.1373
523.7382,120.5157,37.5579,25.2640
524.4052,120.4947,37.7904,25.3288
523.7916,120.5982,38.2223,25.5093
524.6831,121.1121,37.8831,25.5231
524.9958,121.3067,37.8394,25.8250
525.3118,121.5215,37.6259,25.8795
526.0054,121.8404,37.5780,25.9779
526.3882,122.0003,37.5179,26.1426
527.2652,122.2226,37.2604,26.1883
527.6516,122.6836,37.3381,26.0059
527.9348,122.9155,37.7231,25.9122
528.0844,123.2291,38.0723,25.7310
528.7606,123.6569,38.3253,25.7062
529.8875,123.6725,37.8378,25.7088
530.6058,124.0341,38.0190,25.7330
531.5681,124.4837,37.9843,25.8771
532.4465,124.8647,37.6833,25.9683
533.8626,125.1207,37.4962,26.0792
534.7090,125.4205,37.5323,25.9307
536.3292,125.6918,37.3296,26.0896
537.3352,126.0849,37.8726,26.1046
538.5319,126.5237,37.8358,26.0083
539.7166,126.5138,37.9163,25.9202
542.0476,126.0228,37.9632,25.9592
543.7141,124.8782,38.5008,24.9865
543.7724,123.6254,38.6834,24.1216
553.3032,124.1713,34.4108,26.3482
554.9515,123.4349,31.7010,29.1536
558.2039,121.7192,31.5444,30.7258
559.5534,122.5943,32.1584,30.6889
560.6968,122.9715,32.4704,30.3058
561.5333,122.0500,32.3464,29.9134
561.2145,122.3447,32.3447,29.6540
561.3049,122.4098,32.3457,29.3177
561.4797,122.2862,32.3333,29.0984
561.5031,122.5102,32.4401,28.7494
561.4319,122.6159,32.4549,28.4994
562.2231,123.1856,32.3987,28.1665
562.2770,122.5885,32.3841,27.9036
563.1321,122.2551,32.3986,27.4540
563.2380,122.5681,32.1744,26.9545
563.9072,122.4246,31.7990,26.6053
564.2048,121.9809,31.1735,26.3473
564.4504,122.0717,30.5085,26.2027
563.5167,121.3628,29.8168,25.1974
564.3577,121.1707,27.5117,26.5028
557.5208,121.7123,31.1518,24.7670
555.8918,122.1981,31.4570,24.9472
555.1223,122.7826,31.1683,24.7738
556.1105,123.0447,31.1805,24.5457
557.3600,122.9928,31.3503,24.2909
558.4132,123.3157,31.6661,24.0142
558.9941,123.2851,31.9831,23.6659
559.8853,123.0150,31.8313,23.2662
561.2552,122.6671,31.8560,23.2605
561.3697,121.6945,31.9452,23.0152
561.3989,121.3367,32.0750,22.8648
561.3821,121.3368,32.0775,22.9560
561.1281,121.2657,32.2438,22.8726
561.1169,121.0704,32.3133,22.8902
561.1271,120.9784,32.3163,22.8203
561.3962,120.6194,32.3426,22.7310
561.7805,120.9616,32.4815,22.5448
561.4997,120.6719,32.4945,22.4642
562.0263,120.9302,32.2655,22.4438
562.7853,121.0459,31.9909,22.3141
562.3719,121.1466,32.1056,22.3194
563.5763,121.0243,31.6836,22.3765
563.7209,120.0830,31.9619,22.2307
567.0767,118.6432,30.9386,22.8354
568.1390,118.0429,29.1424,23.9300
570.1265,117.8232,28.0713,24.7263
574.7200,116.8464,31.0587,24.8476
576.2134,116.3740,33.7556,24.2086
577.3997,116.6145,34.6393,23.7486
578.1006,116.8872,34.5106,23.2792
579.8019,116.3281,34.4603,22.9863
581.0157,116.3404,33.8083,22.5616
581.3667,116.1133,33.1175,22.3208
581.9999,116.4970,32.2760,22.1505
582.7208,116.0820,31.4556,22.0073
583.5831,116.3955,30.6406,21.6648
583.4518,116.7895,30.0774,21.3831
584.0820,116.9797,29.5243,20.9924
584.0598,117.2141,28.9769,20.7611
584.4556,117.0700,28.4481,20.6033
585.0391,116.7424,28.0661,20.3040
585.5679,116.7038,27.5702,20.1691
585.3751,117.2422,27.2689,20.0319
585.4423,117.3167,27.0938,19.8260
585.8536,116.7867,27.1248,19.6259
585.6638,117.1136,26.8466,19.5131
586.2223,117.0097,26.4521,19.4521
586.6741,117.2294,26.0766,19.3717
586.9912,116.9395,25.6781,19.3706
588.2222,117.0188,25.1834,19.2680
588.3605,116.2248,25.0321,19.1651
589.0482,116.2578,25.0717,19.0687
590.9116,116.7792,25.3128,19.2704
593.4073,117.8549,25.8271,19.5704
596.5447,118.3729,26.5436,19.8176
598.6030,119.4593,26.6952,19.8128
600.0272,119.9798,26.3603,19.8988
600.9004,119.6656,26.1553,19.9929
601.6105,119.2904,26.1127,20.0906
602.4034,119.2121,25.8739,19.9038
604.0724,118.6863,25.6664,20.0384
605.6464,118.8010,25.4461,20.0970
605.8873,118.7594,25.6581,19.8469
606.1049,118.6773,25.5678,19.7135
606.7288,118.1827,25.5187,19.6339
607.3431,118.6680,25.6549,19.6064
607.9971,118.5561,25.8782,19.4957
608.5975,118.4377,25.8988,19.4048
608.4938,118.2559,25.8382,19.4709
608.8339,118.1340,25.9750,19.3486
608.7957,117.9599,25.8961,19.4107
608.8328,117.8103,25.7814,19.3881
609.2495,117.8442,25.7812,19.4809
609.1594,117.5725,25.7318,19.4201
608.6196,117.3977,25.7429,19.4237
608.0201,116.6992,25.8236,19.2713
605.8596,115.9907,25.3646,18.7639
598.3937,114.9806,23.1157,19.4625
586.0880,113.9277,21.8323,19.9412
571.6446,114.0059,23.6760,20.1153
567.8019,113.6301,24.5662,20.1927
566.4563,113.7445,24.4414,20.3001
566.9996,113.8075,24.3687,20.4567
567.0610,112.9082,24.3109,20.5645
567.6258,112.2750,24.7059,20.6045
568.3552,112.1922,24.7051,20.5964
569.0833,112.7508,24.8504,20.4364
570.2762,112.5726,24.7346,20.5948
571.6237,112.4081,24.4643,20.9946
572.8572,112.3840,24.0597,21.4180
574.1890,112.3827,23.7128,21.7243
574.9697,112.8006,23.3483,21.9446
574.9487,113.3611,23.2253,22.1160
573.4669,113.9499,23.0078,21.8884
573.2142,114.5336,22.8592,21.7872
572.3331,114.7861,22.9028,21.4013
570.6858,115.6891,22.6403,20.9276
570.3734,115.6896,22.5732,20.8771
569.8857,115.5458,22.6790,20.3492
568.5806,115.6583,22.2936,20.0160
567.5954,115.0691,22.0120,19.6851
567.1003,115.1193,21.8746,19.3824
566.7853,115.1802,21.8398,19.2236
567.2540,115.4950,21.7823,18.9977
566.5908,115.9683,21.8187,18.8100
566.8588,115.4548,21.8554,18.7229
566.5893,115.4192,22.0141,18.6009
566.2895,115.3114,22.0016,18.5583
566.8165,114.9935,21.7501,18.6045
566.6490,115.4611,21.5404,18.4766
567.4784,115.2639,21.3989,18.4143
569.2371,114.1312,20.9897,18.5103
573.5809,112.4798,20.2450,18.6715
577.3491,109.4913,18.9460,19.0535
583.5610,109.3044,18.8629,19.5574
584.7698,108.8900,20.9282,19.3366
585.4399,108.2331,21.5808,19.0990
584.2816,108.4562,21.9571,18.9437
582.6010,108.6699,22.2064,19.0361
581.1533,108.3716,22.5411,19.1341
580.3745,108.1733,22.8966,18.8989
579.5343,108.3274,22.9197,18.9519
578.6125,108.5412,23.2942,18.9911
577.7761,108.9164,23.2270,18.9662
577.0426,109.1923,21.8701,19.2245
576.5410,108.6097,20.3896,20.0534
572.8237,111.2324,21.4986,19.5101
568.9585,111.7451,23.1510,19.1434
566.7017,112.9754,23.7916,18.6993
565.3191,114.1400,24.3440,18.2202
565.9318,114.2837,24.9829,17.8715
566.5697,113.1706,25.2967,17.7823
566.9590,112.3978,25.5570,17.7824
567.0014,112.6533,25.7292,17.8262
567.6412,112.5304,25.6420,17.7585
567.9597,112.7024,25.6675,17.7353
568.1149,112.5282,25.4873,17.8224
568.2096,112.6029,25.3131,17.9261
568.5583,112.4647,25.2339,17.8948
568.3854,112.0936,25.2313,18.0632
568.6719,112.1389,25.0380,18.1435
568.5531,111.6922,24.9433,18.1757
568.3043,112.0802,24.9362,18.2384
569.9904,111.2194,24.7161,18.1391
572.1595,110.6929,23.8863,18.2589
572.0131,109.0683,23.0371,18.7222
573.8994,108.2520,22.1459,19.3908
578.1505,107.4713,23.4234,19.5706
579.9758,106.7821,23.4978,19.8025
580.7927,106.8643,22.7267,20.3079
580.8704,106.2235,22.4262,20.7937
581.1262,106.3518,21.9562,20.9554
580.9536,106.7822,21.7790,20.9496
581.6230,106.4731,21.4427,21.1127
581.9798,106.5484,21.1595,21.1652
582.0370,106.7772,20.9205,20.9816
581.9942,106.3609,20.7621,21.0979
582.2166,106.5453,20.9592,20.7393
582.5099,106.6731,21.1168,20.4814
583.1044,106.5002,21.6000,19.9365
583.5166,106.4371,22.0682,19.8598
584.4804,106.0454,22.6102,19.6167
585.2347,105.5963,23.2119,18.9793
585.9633,105.7771,23.5666,18.3254
587.1464,106.1147,23.7571,17.9347
587.6045,106.0162,23.9232,17.7571
587.3899,105.8913,23.9970,17.6162
588.0118,105.8541,23.9117,17.5249
588.3130,105.7066,23.3931,17.3801
586.2136,105.4065,22.6486,17.0390
577.0900,105.4276,20.1151,18.0118
569.5373,105.7986,20.8507,18.1156
567.9038,106.9962,20.9651,18.2925
565.0273,107.5283,21.4903,18.2567
563.9762,107.9964,21.7021,18.0877
563.4070,107.9046,21.9467,17.7800
563.8712,107.9546,21.9635,17.7712
564.4817,108.1607,21.9352,18.0105
565.0228,108.4919,21.7935,18.2853
565.1672,108.4950,21.8201,18.5750
566.0027,108.5808,21.7011,18.8226
565.8996,108.5277,21.6378,18.9189
565.8465,108.9237,21.7737,19.1706
566.7087,109.5035,21.7818,19.1296
566.5593,109.6696,21.9393,18.9449
566.1910,109.8261,22.0901,18.6926
564.6339,109.8208,21.7186,18.5491
564.2758,110.3849,21.7119,18.4545
563.7236,110.1428,21.8104,18.3102
562.8408,110.4251,21.6798,18.2584
561.7832,110.5559,21.5015,18.2926
560.4884,110.2474,21.2992,17.9178
559.9072,109.9210,21.0094,17.6728
559.3618,109.5197,20.8632,17.6991
561.5292,108.2923,20.3177,18.4335
559.7328,106.0869,20.4405,18.9062
570.4236,104.2429,18.4183,19.3706
573.8587,103.6099,17.5182,19.7948
575.1320,102.0218,17.0417,20.4391
575.7212,101.7226,16.7697,20.6050
576.2227,101.6171,16.6193,20.6507
576.1838,101.5549,16.3265,20.9311
576.5555,101.6611,16.3094,20.9116
576.5483,101.7067,16.0460,20.9721
576.9827,101.1787,15.9771,21.2506
577.0474,101.2773,15.9366,21.4172
577.2210,101.3842,15.7509,21.4786
577.4187,101.5111,15.6889,21.5379
577.6784,101.7206,15.6660,21.4670
577.8630,101.3050,15.6830,21.7077
577.7530,101.4633,15.5096,21.6695
578.0410,101.0531,15.5210,21.8289
577.9138,101.0787,15.6032,21.6361
577.8932,101.2601,15.6365,21.5032
578.5919,100.7225,15.8004,21.3560
578.5613,100.3732,15.7359,21.5424
579.8918,100.5749,16.0421,21.4601
583.8079,101.2238,16.7225,21.2988
591.2514,102.5372,18.9513,20.5194
596.2626,103.7412,20.8273,19.6378
597.5587,104.6347,21.4345,18.8568
598.1561,105.4920,21.5798,18.4120
598.0413,105.9581,21.5421,18.1300
598.1117,106.0112,21.3962,18.1042
598.0852,106.3314,21.4235,17.8133
598.1086,106.6657,21.4614,17.5868
598.3151,106.6684,21.3196,17.7346
598.4455,107.3500,20.7122,18.0762
598.6369,107.5627,20.4407,18.3715
598.9338,108.2848,20.1556,18.5352
598.6531,108.8868,19.7378,18.9466
599.2961,108.7191,19.4743,19.1492
599.5060,108.5715,19.3596,19.1509
599.9587,108.8711,19.5299,18.9094
599.8869,109.3976,19.3930,18.7659
600.0401,109.2055,19.3447,18.5833
600.2867,109.4931,19.3514,18.4821
600.9254,109.7645,19.1795,18.4539
601.1763,109.9534,19.1101,18.3797
601.4833,109.9909,18.8469,18.2405
601.4101,109.2700,18.8214,18.1623
599.9016,107.5068,18.4933,18.4584
594.1544,106.7877,17.7053,19.0484
585.0148,107.6166,19.7678,17.0246
582.0530,108.2382,18.8350,17.5795
579.8092,109.2045,18.9539,17.4497
578.7194,108.8653,19.4766,17.4926
578.1109,109.7644,20.0642,17.5316
578.8895,109.5580,20.4385,17.6179
579.2230,110.0723,20.5236,17.5636
579.4167,110.2155,20.9043,17.7706
580.2155,109.7465,20.8888,18.0103
580.4420,110.4340,21.1674,17.8725
579.6117,110.0463,21.3399,17.9891
579.7921,109.9898,21.2484,18.2390
579.7537,109.9911,21.0602,18.2834
579.8013,110.2385,20.9010,18.3847
580.0720,110.5093,20.6161,18.6725
580.2518,110.3337,20.4098,18.3852
579.9223,110.4977,20.6704,18.0363
579.7343,110.5621,20.5664,17.8041
580.2175,110.8111,20.3247,17.6658
580.1525,110.5690,20.2069,17.5458
580.0688,110.2528,20.1968,17.4411
580.2321,110.3814,20.2866,17.5665
581.6763,109.6882,20.0158,17.5245
584.2135,108.6386,19.2039,18.2047
587.9626,105.2275,17.9497,18.6751
600.5394,105.4779,18.3658,18.8551
595.3406,105.6420,18.5260,18.8409
593.1482,104.1367,19.1308,18.4676
592.5859,107.3018,19.3660,18.5610
592.6249,105.7135,20.2055,18.0509
594.9561,104.0363,20.8148,17.7477
592.4468,107.2779,20.7863,17.9309
594.5895,107.5565,20.8395,18.2769
597.0143,107.3180,20.9263,18.6502
599.9799,105.3889,20.9092,18.8509
597.7103,106.1197,20.9237,19.1063
603.3629,106.3149,20.7374,19.5452
598.6677,106.2849,20.8952,19.7762
604.3253,105.8852,20.8091,20.2649
604.6799,104.3069,20.8757,20.4053
607.6961,104.9119,20.8410,20.6448
605.9766,107.0683,20.9971,20.7729
606.2993,105.4556,21.1002,20.8913
609.6027,105.6681,21.1531,20.9768
610.4878,105.4433,21.2948,21.0697
611.1965,105.0495,21.3634,21.0802
611.3381,102.9004,21.7615,20.7676
614.4062,103.3167,22.1342,20.4338
616.8563,101.4785,22.6264,19.9766
616.6069,102.3058,22.9860,19.6647
613.6168,100.8588,23.4501,19.2955
611.0164,101.9965,23.8759,19.0198
614.0909,103.0187,24.2526,18.8142
614.1415,101.5784,24.6167,18.5709
616.6509,102.6522,24.8701,18.4073
616.3383,101.1387,25.1050,18.1979
613.8589,102.2699,25.4609,17.9757
614.0559,103.2517,25.6881,17.8763
614.3489,101.6601,25.9784,17.6585
614.5994,102.8223,26.2650,17.5051
614.7203,101.3290,26.5309,17.3387
615.0217,102.6147,26.7538,17.2601
612.8809,100.7384,26.8522,17.2351
617.5007,101.1872,24.9206,18.8840
613.7515,100.8754,24.8740,19.0225
611.0973,100.9188,26.4389,18.3586
608.9045,101.3546,28.1818,18.1013
604.3588,101.7452,28.9889,17.8866
601.4790,102.0507,29.8902,17.6766
596.4175,102.3666,31.2088,17.8033
591.5124,102.9249,33.2713,18.3834
590.7249,102.3603,33.6873,18.9362
589.2261,101.9364,33.8724,19.3197
588.5299,101.9755,34.0768,19.9706
588.5406,101.9835,34.4245,20.4370
588.2172,101.9191,34.6198,20.7707
588.4333,101.2654,35.2012,20.9328
588.2889,101.4037,35.6816,21.1301
588.5396,101.1610,36.1130,21.2057
588.7458,101.3045,36.5389,21.3691
588.6749,101.1321,36.8414,21.4414
588.7128,101.3680,37.0876,21.4883
589.0275,101.3831,37.5706,21.5893
589.1784,100.8899,38.1453,21.4972
589.2453,100.7406,38.5715,21.4390
588.9719,101.3774,38.9252,21.3576
588.9268,100.9598,39.1508,21.4088
588.6351,101.0158,39.2715,21.5469
589.1052,100.4914,39.6625,21.3361
589.8793,100.4409,39.8309,21.2263
591.8768,99.6185,39.3319,20.9630
601.3544,99.2359,36.6001,20.9418
612.9262,99.6593,32.2097,24.2746
621.0048,96.5697,33.9723,24.9066
624.8102,96.2372,36.1298,24.9940
627.8455,96.4303,36.9471,24.7965
630.3282,96.0342,36.8153,24.4841
633.1029,95.5205,36.3051,23.9719
633.5226,95.5309,35.4442,23.6343
633.5010,95.4444,35.0096,23.2697
634.0150,95.2870,34.4004,23.0539
634.2888,95.4641,33.9725,22.5078
634.7753,95.6202,33.3885,22.0445
634.3361,95.6734,32.9336,21.5753
632.9338,95.4061,31.9081,21.3355
623.8418,94.5155,29.9923,20.2127
613.4176,94.4700,28.2288,21.1248
604.9485,96.0388,28.1676,21.2635
603.2542,96.9675,27.9105,21.5307
590.7405,97.6787,30.6408,21.1325
589.2566,97.9169,33.2145,21.1176
588.4977,97.5354,33.3374,21.2119
588.0710,97.5787,33.2801,21.4083
587.2821,97.5767,33.1058,21.6622
586.8726,97.4845,32.8185,21.9918
586.8752,96.8699,32.5479,22.1637
587.5188,96.4655,32.4866,22.1858
587.1753,96.0191,32.6881,22.0268
586.9846,96.3777,32.6881,22.0933
587.7874,96.6144,32.4353,22.2937
588.1852,96.1459,32.6039,22.1873
588.2329,96.0486,32.6888,22.2453
588.9180,95.8859,32.9656,22.2165
588.9377,96.4015,33.0967,22.1737
589.0016,96.1516,33.1720,22.0799
591.0867,95.1475,33.3648,21.9566
597.2687,94.7213,32.4526,20.8539
614.8220,92.1104,28.9437,21.9936
623.1443,93.3768,29.2273,21.5575
628.0693,94.1574,30.9716,20.2707
629.1271,94.4837,31.8816,19.6572
629.4901,95.1290,32.4086,19.1332
628.9145,95.4990,32.4101,18.8834
628.6044,96.0720,32.5100,18.8399
629.2089,95.9023,32.4781,18.8015
628.9495,95.6608,32.8409,18.8303
629.4548,95.9243,32.9811,18.7148
629.6465,96.2005,33.0085,18.8129
630.3964,96.1559,33.3843,19.0278
631.0930,96.2607,33.5883,19.1062
631.4161,96.0926,34.2216,19.0718
632.5178,96.3813,34.5426,19.3338
633.4429,96.2539,34.7608,19.3618
634.0826,96.2757,35.1099,19.5260
634.1596,96.3261,35.3768,19.8156
635.1836,95.8947,35.6834,20.0009
635.5351,95.6664,36.1640,20.0973
635.4789,95.0714,36.0306,20.0217
634.6570,94.3706,34.5212,20.6401
634.5883,94.2862,31.6917,22.1949
622.6185,94.9444,34.3386,21.6687
616.9581,95.7191,36.1338,20.9740
614.3862,96.5569,36.6217,20.8793
613.5676,98.1255,36.8522,20.9321
612.6252,98.0695,36.8250,21.3548
611.9581,98.3130,37.3725,21.5618
612.0009,98.4695,37.3658,21.7821
612.8463,98.0740,37.8401,21.7102
613.5263,98.4810,38.2360,21.9391
614.0707,98.4140,38.6450,22.0999
614.6893,98.9410,39.0252,22.3212
614.2013,97.9732,39.3539,22.6428
614.7701,98.4804,39.6753,22.7006
615.2056,98.4267,40.1695,22.8472
615.8760,97.9930,40.3838,22.8839
615.7388,97.5989,40.7291,23.0575
616.0593,97.6948,40.9048,23.2157
616.2935,97.4248,41.0162,23.3459
616.8972,97.3369,41.2059,23.4831
616.6912,97.8868,41.0686,23.5156
616.9314,97.8913,41.1137,23.6793
617.9923,97.8139,41.3877,23.6279
617.5566,97.6293,41.1096,23.8411
618.3450,97.7311,41.2590,23.6551
618.3592,97.5615,41.2629,23.7274
618.5120,98.1077,41.1089,23.8170
618.9285,98.1107,41.1062,23.7362
619.5234,97.6222,41.0367,23.5611
623.1989,97.0910,41.1425,22.9770
633.6891,96.2887,38.7490,22.8496
645.9023,100.2169,32.7442,28.3436
648.5092,96.3586,33.0174,29.6990
648.5928,95.8201,34.3012,29.6313
649.6019,95.6969,36.0670,29.3829
649.8586,96.0017,36.4745,29.1939
650.2816,95.9581,37.1575,29.3293
650.6321,95.3614,37.8830,29.4490
651.2579,95.3275,38.7229,29.4884
651.3664,95.2641,38.9662,29.6552
651.4265,95.4634,39.2189,30.0231
652.2770,95.5853,39.6422,30.1611
652.4940,95.6763,39.9868,30.4349
653.2796,95.4278,40.4749,30.6453
654.2245,95.9261,40.6580,30.9921
654.4230,96.0803,40.6380,31.1121
654.8154,96.1602,41.0976,31.3032
655.8386,96.3512,41.5660,31.5138
655.7300,96.3826,41.4380,31.9084
656.4628,96.8163,41.5539,32.3302
656.6996,97.0923,41.8418,32.7273
657.1047,97.3235,42.1345,32.9729
657.5406,97.4770,42.2598,33.2095
657.8785,97.5621,42.3306,33.5622
658.5437,96.6685,42.1543,33.9228
659.5901,94.3803,39.0608,35.1580
663.2819,93.5217,38.4299,35.2816
661.4509,94.4676,34.6793,37.0270
652.9767,93.2738,40.7003,33.5856
654.5637,95.8155,41.1064,32.1932
656.7169,96.6731,41.2028,31.5518
657.1561,97.0160,41.6057,30.9365
657.6622,97.7759,41.7861,30.7113
658.5377,98.2717,41.4558,30.7761
659.5837,98.0360,41.1747,30.6631
660.2487,98.2758,41.0647,30.5123
660.9321,98.0521,40.8387,30.5015
661.4716,98.3639,40.4879,30.3069
662.0779,98.8768,40.1989,30.3583
662.5898,99.0788,40.1806,30.3073
662.1533,99.6514,39.8448,30.0989
662.8600,99.4929,39.6839,29.8995
662.9563,99.4194,39.5625,29.7386
663.3229,99.3091,39.4706,29.6606
664.0645,98.7706,39.1724,29.5736
665.9688,98.6902,38.8580,29.4533
669.1151,98.0046,37.4803,29.3987
672.2556,97.3341,34.7360,31.0319
674.5970,96.7073,32.5298,32.4391
676.5645,96.4051,34.9583,33.0150
676.8693,96.4095,36.9673,32.4631
676.5159,96.6552,37.6887,32.3067
676.4818,97.0013,38.7683,31.8904
676.6765,97.7040,39.5705,31.7382
676.1581,97.6816,40.0507,31.6437
676.4248,97.4556,40.3312,31.7023
676.6404,97.3504,40.4735,31.9774
676.4474,97.4781,40.9067,31.9557
676.5923,97.2028,41.5688,31.8765
676.3951,97.2968,41.6227,31.9705
677.1595,97.4609,42.1083,32.0495
678.5762,98.0339,42.5457,32.2038
679.1402,97.8443,42.4793,32.3915
679.1195,97.6286,42.6367,32.3478
679.3869,98.3549,42.6857,32.4977
679.6081,98.0961,42.7735,32.6001
680.2651,98.2338,43.0956,32.6578
680.7216,98.3635,43.2409,32.8738
680.8679,98.4534,43.4223,33.0378
680.6334,97.6539,43.2057,33.0635
681.8171,97.2165,41.6865,33.2325
682.8351,100.3372,35.4301,37.4441
680.1818,96.4190,36.1170,37.9928
674.7852,97.4477,40.4115,36.4815
672.5958,98.8013,43.9176,34.5285
673.0881,99.9174,45.5869,33.7221
675.1396,100.3341,46.4660,33.1269
676.1804,100.6637,46.3779,33.0136
678.2845,101.0447,46.4973,33.0297
679.7672,100.9702,46.2877,32.6881
680.7949,100.7290,46.1279,32.3466
681.0947,100.4681,45.8377,32.0212
680.9927,100.3327,45.7934,31.9166
681.2452,100.5447,45.7956,31.7495
682.0295,100.6898,45.6326,31.5867
682.6267,100.4087,45.7477,31.4921
682.7361,100.0854,45.5413,31.4056
682.4714,100.2711,44.9231,31.4858
681.0594,99.1463,44.8089,30.2016
684.3702,99.9324,40.1674,32.4681
687.7079,99.8268,36.5439,35.4732
689.9672,98.6734,39.8040,36.4080
690.1959,98.2559,44.6236,35.6319
688.8423,99.1103,47.7253,35.1356
688.6207,99.3438,50.6614,35.0709
687.7396,98.8975,53.0467,35.0166
686.3299,99.0718,55.1596,35.1039
685.3888,99.2569,57.1406,35.5011
684.3861,98.7916,58.5451,36.1071
683.4323,98.0169,59.6160,36.8613
683.3334,97.1824,60.1901,37.2549
683.5129,97.0281,60.1921,37.5076
683.3533,96.5991,59.8636,37.9375
684.4929,96.0616,58.2696,38.2115
681.3821,95.6876,53.4290,37.9695
684.5399,96.9395,47.4108,41.2339
678.7562,97.3367,48.4983,42.0118
671.7668,98.4132,53.2766,40.8517
668.1085,99.8902,57.3171,39.4980
666.2325,100.6890,59.6012,38.5436
665.3654,101.3440,61.0633,38.0213
665.8742,101.0706,61.5925,37.9930
665.1185,101.4453,62.0784,38.2375
664.9910,101.3708,62.6393,38.4729
664.8280,101.3765,62.8182,38.6810
664.5848,101.5209,62.9743,39.0693
664.8911,101.2689,63.3121,39.2101
664.4792,101.4102,63.5578,39.5029
664.4177,101.0248,63.5765,39.8198
664.3134,101.6618,63.6969,40.0907
664.9769,101.4558,63.8661,40.5413
665.2224,101.5073,63.8154,40.9448
665.4557,100.8996,63.6353,40.7967
665.7429,99.9556,62.7591,40.7874
670.0317,98.1897,59.1565,40.4052
680.3043,101.9748,51.8955,43.9490
683.6439,100.3515,48.6300,47.8881
685.3304,98.8958,50.9445,49.5623
686.0185,97.4809,50.8761,51.5778
685.7989,96.6602,50.9042,52.6574
685.3793,96.6163,50.9687,53.0578
684.4639,96.7828,51.1751,53.5503
683.7906,96.6346,51.3742,54.1089
683.8555,96.6068,51.6237,54.4667
683.9423,95.7506,51.9168,54.6415
685.0620,95.1698,51.9626,54.4609
683.1965,96.7404,54.7402,51.9666
683.3726,97.1135,56.6533,50.1916
683.1434,96.9314,57.8966,49.0045
682.0753,97.4950,58.1712,48.2286
683.0173,97.0048,58.7905,47.3597
683.6700,97.0969,59.0921,46.9724
683.9307,97.6238,59.1314,46.8661
684.0880,97.3954,59.6718,46.6826
684.3128,97.4220,59.4753,46.4871
684.5392,98.2182,59.3035,46.7581
685.8080,97.9573,59.3788,46.5667
686.0709,98.1343,59.9422,46.6279
686.6157,98.9767,59.9580,46.7064
688.2529,98.7188,60.0698,46.6513
688.8293,99.0367,60.4815,46.6214
690.3561,99.5419,60.6785,46.7338
691.0168,99.7463,60.9520,47.0124
691.8518,100.7514,62.1510,47.2358
692.6157,103.1403,64.1268,46.9732
694.0242,106.0226,66.4579,46.5409
694.6036,107.7852,68.8372,46.5577
696.4509,109.6307,69.5701,46.5993
697.5113,111.4330,70.4073,47.0625
697.9873,112.1542,70.8655,47.4731
700.0551,113.3918,72.0231,47.9839
700.3766,113.5092,72.0984,48.1788
702.5405,114.0974,72.6506,48.2180
704.4916,115.5103,72.8540,48.5381
706.2857,116.5083,72.8716,48.8093
708.3472,118.0207,72.8732,49.1446
711.8255,119.8049,72.8368,49.5652
714.5242,120.8430,72.6638,50.1290
717.6075,122.7711,72.6015,50.4161
720.9052,124.7522,72.3322,50.7748
721.5045,125.9418,72.2890,51.2963
723.3527,127.3955,71.2800,51.3148
725.3839,129.7236,69.6620,51.0171
727.4738,131.2253,68.0573,51.0355
729.4315,133.1214,67.0173,51.0039
732.7667,134.7578,66.6650,50.5907
734.8290,136.4363,66.5465,50.5090
736.3467,138.5128,66.3404,50.4738
738.3258,140.5817,66.3703,50.3676
739.9879,142.1350,66.3965,50.1356
741.6763,143.5644,66.2104,50.2174
742.8576,143.7577,65.7960,50.1091
745.2141,144.6591,65.7505,49.7882
746.9977,145.3815,65.3299,49.6810
748.4523,146.2662,64.7149,49.3789
749.2110,148.3546,63.7027,48.6620
750.2675,149.7866,62.7849,48.2901
749.8959,151.3794,62.3426,48.1712
750.1102,152.8596,61.9851,48.3444
749.8328,153.3794,61.8651,48.6347
748.7049,153.2824,60.8905,49.0226
747.1962,153.8252,60.2769,48.9733
744.3326,155.4334,59.8228,48.9990
739.7297,156.8718,59.3023,48.8850
735.9229,159.3789,57.6744,49.9649
731.5502,161.2681,57.2922,51.0389
725.9111,161.9412,58.9701,51.4205
717.4095,165.1478,59.9938,50.6139
710.8216,169.7111,60.2904,50.4136
706.1680,174.6938,61.0604,50.0442
703.4543,181.6224,60.8757,50.5008
700.3591,187.6601,61.7434,48.8058
700.6317,192.2163,61.9962,46.9922
701.7957,194.5128,62.2479,46.0536
702.5771,193.7823,61.0072,46.2098
704.1382,193.8111,60.3144,46.1732
704.4171,192.4306,60.3106,45.6360
705.6262,191.1178,60.7544,45.3155
707.8914,187.8562,61.0793,45.4971
711.8887,183.3375,60.8481,45.8245
713.7223,180.2549,60.5064,45.2615
717.8465,181.6569,59.7263,45.1422
723.4898,182.0085,56.7300,48.0928
727.9081,182.8288,52.5421,50.4324
730.7160,178.2726,50.0035,51.4122
727.8840,176.6259,50.5835,52.2993
722.7032,174.5103,52.0508,52.7043
718.9655,169.6237,51.3025,53.2486
717.2481,163.2757,49.1006,55.0520
714.6819,158.0696,47.8599,56.9473
714.8256,155.4371,48.0002,59.6516
715.6734,153.2329,49.0628,60.9202
715.6398,151.5164,49.6215,62.3322
714.3824,149.8402,51.1507,63.5173
711.9552,148.3040,52.2070,64.1996
709.7178,148.1590,52.6808,64.5486
708.5224,148.9396,53.5870,64.8211
709.8779,150.0896,54.0549,64.9914
712.2959,149.3512,54.3972,65.2735
717.5776,147.9456,54.9031,64.8652
723.5977,144.7603,53.0359,65.6056
728.6293,143.3445,49.6622,68.5981
732.0976,141.5168,46.7971,70.3619
733.5866,138.9498,44.2367,70.7892
733.0431,137.0277,42.3710,70.8293
2
0
0
0
0
1
738.2635,198.3972,23.5422,42.5889
738.2791,195.3475,23.2867,43.8476
738.3358,193.0159,22.6243,45.6384
739.0941,189.3945,22.0252,46.0572
739.8098,185.4229,20.9704,47.8880
740.9200,180.9389,19.9158,49.4557
741.7941,178.1163,18.7378,50.5159
742.4611,175.5798,18.0074,51.4765
742.1669,173.7593,17.9154,51.9153
739.5203,172.2322,18.1060,52.2001
735.7722,170.5340,18.5592,52.4601
732.0979,168.2799,19.3622,52.6565
729.0723,165.7699,20.5414,51.8856
725.6733,164.0005,22.5295,51.2487
722.5055,161.9428,23.5791,50.3532
719.4221,160.4137,24.0131,49.8653
716.6969,159.2796,24.0449,49.3927
713.7031,159.1352,24.1437,49.2607
710.6612,157.9899,24.3087,49.6037
708.4661,157.3918,24.5627,49.5725
705.0509,156.9589,24.7987,49.3560
703.0562,156.0983,24.5715,49.4443
701.1842,155.5695,24.3048,49.6786
698.2337,154.6939,24.3743,50.2070
696.0447,154.9480,24.6087,50.4197
693.3933,155.7720,24.7206,50.4341
690.9120,157.7842,24.6167,50.4474
689.0121,161.7951,23.9661,50.5198
687.4568,169.6316,23.1830,50.3355
685.6483,179.3165,22.3890,50.4060
680.1835,191.9177,21.8969,50.2752
674.8510,205.6526,21.5472,49.0504
669.4227,227.0100,21.5838,47.5369
663.6187,253.2055,22.9562,44.5961
659.4758,265.6023,27.2169,39.9692
657.7175,267.4775,28.4313,39.4518
655.6271,269.5397,28.8386,38.2104
654.9016,270.9291,28.7953,37.5506
