1
341.9779,217.1016,226.9500,156.7086
342.4501,216.6494,224.1583,158.2176
345.0897,215.4974,222.5606,158.6620
344.7112,212.6959,221.0999,159.8724
345.9848,210.9894,220.6640,160.7167
343.5912,208.8381,220.4737,161.2096
344.6821,206.8348,220.7663,160.4332
343.2539,204.7483,220.6620,161.2747
342.4295,203.7014,221.3672,161.6071
343.1086,204.5440,221.4947,161.7091
345.3109,203.3966,221.4201,160.8975
344.7560,202.2165,221.2321,161.4119
346.6137,202.8561,221.5432,161.0961
345.4889,201.2611,221.0016,161.5755
346.1168,200.3094,220.7956,161.6659
347.6991,199.3597,220.7574,161.1624
345.6614,198.4108,220.6141,161.1196
345.1852,196.6394,221.1944,161.3051
345.9753,197.2334,221.6429,160.8246
347.7718,196.6875,222.0537,160.1231
345.4749,196.7263,221.4015,160.3575
346.1071,195.5546,221.6751,160.7138
346.0670,196.0907,221.7098,160.4516
345.5815,198.1960,221.7922,159.7691
346.9182,207.1172,221.6001,160.5811
348.7583,210.9110,221.9346,160.2806
348.8470,217.5460,221.6277,160.2226
349.3825,219.6205,222.2131,160.0715
348.3051,220.4785,221.8460,160.1628
348.9550,223.0085,220.1281,160.1542
346.3222,224.4354,220.3194,160.6723
342.7320,224.6006,220.7032,160.4858
351.7174,224.0741,220.0553,159.9714
345.3018,221.5488,219.0360,159.7572
319.1169,221.2005,219.7897,160.3528
316.3669,218.7128,219.2529,160.3624
330.3717,219.9655,219.1071,160.7019
343.0505,217.9490,219.5563,160.9725
337.4666,217.6363,219.5872,161.2354
332.6333,216.7894,220.3523,160.7857
332.8515,217.0800,220.7082,160.7888
331.4151,216.6668,221.3911,160.1744
332.3637,215.8875,221.2749,159.9756
332.8081,214.9192,220.7059,159.7747
330.3939,215.8207,219.9929,159.8409
332.0098,215.4711,220.5493,159.4476
329.6929,215.6415,220.4643,159.6129
321.7259,216.2013,220.6779,159.9228
317.8907,212.8946,220.3965,160.1053
314.3790,213.0377,220.2700,159.8686
310.7786,212.7054,220.5015,160.1165
305.5185,212.2731,220.3738,160.3757
301.9818,211.6428,220.2431,160.2428
298.0586,213.0072,219.8384,160.4598
295.0836,212.1361,219.7400,160.6969
291.2322,212.2881,219.9973,160.4613
286.6292,211.2743,220.4797,160.3866
283.0585,209.6632,220.6893,160.5316
280.2495,208.4838,220.1029,160.8041
276.4489,206.5996,220.0342,160.7152
273.5156,204.9067,220.4000,160.8851
269.3684,203.4303,221.2136,160.9736
266.4170,200.9143,221.0526,160.9611
266.6685,200.1408,221.3763,161.1772
271.0858,200.0881,221.9296,161.0448
270.3948,198.0638,221.2370,161.2538
276.4751,197.7580,221.3988,161.4131
280.2548,196.5827,220.8675,161.4635
280.4457,196.2867,220.6802,160.5010
278.1733,195.0546,220.9458,160.8092
277.8539,196.1181,221.4142,161.2615
274.3312,195.3070,221.5478,161.5130
275.5439,195.9433,221.3124,161.2440
273.9924,194.9331,221.6674,161.4028
273.2784,194.2653,221.4154,160.8924
272.2224,193.0264,221.0321,161.0756
269.5403,193.0366,221.1287,161.0383
267.7764,192.5600,221.3210,161.0017
266.2777,189.6805,219.3174,160.7508
267.4872,184.1286,218.1800,161.3592
268.0504,180.8187,218.6698,161.4915
269.5761,177.3604,218.0659,161.4055
267.8414,173.7942,217.6322,161.1635
267.4241,170.3286,217.4235,161.2140
266.8241,170.8547,217.2941,161.6655
267.4753,167.0669,217.4534,161.5555
266.8871,167.1330,217.4645,161.8115
279.9294,164.7880,217.7142,161.6009
287.0472,163.4337,216.9493,161.3724
282.1555,161.9568,216.4700,160.2762
280.0318,160.0561,215.0091,159.7404
279.9713,160.0019,214.5989,159.4049
280.0341,160.2295,213.4889,158.4639
281.7881,162.4737,213.3338,158.0113
284.1152,165.3390,211.4546,158.1927
286.4336,169.2289,210.6634,158.3746
289.5225,169.7106,209.3020,158.0162
292.4486,178.1781,208.1921,157.1746
295.8801,189.5952,207.3555,157.9188
297.0211,199.0536,206.7768,158.3690
297.2774,206.6287,207.0950,157.9448
298.5500,213.9879,206.9880,158.4383
300.0073,226.3531,206.2889,156.8411
299.5350,229.1640,206.4908,157.2718
304.6583,237.7452,206.7473,157.3436
310.1938,245.4479,206.3233,157.6673
309.3637,251.6836,205.9094,156.6782
311.7117,255.8933,206.1383,155.8673
314.2440,255.4748,206.1527,155.8430
320.0791,258.8791,207.3716,155.4720
320.3626,263.1049,207.6658,155.6464
322.4845,269.4469,208.1940,155.8850
322.6560,272.7065,209.4305,156.3229
325.4302,277.3021,209.4580,156.5525
332.2283,279.3976,211.4166,156.3846
338.4820,280.4865,212.0582,156.3023
337.7104,283.3253,212.8301,155.8617
337.8690,282.9307,213.8912,156.9149
339.0797,285.6589,215.1280,157.8521
337.3338,284.6097,216.9448,159.2014
335.5143,283.6172,218.2749,160.7446
335.4854,283.3079,219.0986,160.5321
336.6087,280.9964,219.9169,159.8356
335.3219,280.7050,220.9242,159.7859
333.0163,280.1524,221.8044,159.9427
331.1971,278.1546,223.2733,159.9909
331.1319,278.0053,223.6395,160.4199
329.4413,277.2666,224.2358,161.8438
328.7419,274.6328,224.7979,160.5996
326.5602,273.7961,225.6604,161.5133
328.1105,271.0534,227.6393,161.4774
328.1967,271.6806,227.0671,160.7555
329.0773,274.2097,227.5555,161.3547
330.6316,279.2897,225.9892,161.7374
331.1309,279.6709,226.0174,161.9955
330.3642,281.0997,225.8081,162.2413
329.8404,279.6792,225.7852,162.8027
328.7970,278.8902,226.5414,161.9200
328.2190,278.1815,225.8187,162.4545
332.5824,278.8613,225.1638,161.9662
333.5673,279.6989,224.4653,162.3521
330.8907,279.5586,224.4535,163.2701
329.7172,276.9712,223.6718,163.8384
329.4648,276.6051,223.5692,163.9463
333.6598,275.1800,222.4704,164.6651
336.0576,270.5953,222.9782,165.5686
335.6428,267.7346,223.0027,165.8672
337.7722,265.1123,223.4409,165.6998
344.5981,262.4141,224.4566,165.5277
351.6967,271.6933,225.3068,164.8908
351.4389,287.0347,224.7178,164.0369
354.4073,292.0124,223.8434,163.0233
355.1928,292.7363,222.9251,162.8286
354.8083,297.8754,222.2794,161.3392
351.9099,299.5333,222.7833,161.5715
350.6611,300.5130,221.9617,161.3504
348.3313,300.9272,221.5432,161.2766
344.2685,300.5088,221.3557,161.5827
355.4254,299.8632,220.8015,162.2361
366.2166,300.7614,220.7999,163.1323
362.6459,298.6515,220.2032,162.6883
360.0842,299.1233,220.8033,163.2452
358.8452,298.7789,220.9359,163.1095
347.2714,295.7778,221.9474,163.5906
338.1142,296.3728,222.0364,163.5890
344.1022,293.3118,222.2464,163.8463
355.9938,293.2650,221.9378,163.8067
361.8997,291.1360,221.8025,164.2698
348.9026,282.6211,222.0207,164.6494
336.3503,273.0070,222.5643,165.5337
331.1424,260.8443,222.9425,166.0524
328.2380,252.0300,223.4988,166.1614
322.7690,245.9557,222.7393,165.7565
318.3307,251.6040,222.3310,166.3306
317.8773,251.6414,221.5641,167.5599
318.3055,248.5749,220.6542,167.1378
321.4494,241.6347,220.1367,166.7112
334.7000,221.1935,218.4554,166.1803
337.9480,196.1960,217.4727,165.7984
343.0812,169.5006,215.8347,165.2580
348.7852,151.8494,214.1959,165.0970
355.7773,135.2149,213.9409,164.5939
361.7643,110.3607,212.6575,164.2877
358.5598,108.3734,211.0730,163.1222
357.9735,120.4784,209.8578,163.0021
369.0303,119.3675,209.3063,163.2265
388.0935,105.5600,209.4437,164.0319
384.2308,90.8694,208.2703,164.2162
366.3823,74.7825,208.6410,164.6763
355.2717,63.8161,207.5716,165.1447
356.0348,50.9294,207.2506,163.9568
363.0635,37.4695,205.3260,162.5423
366.3005,30.0247,204.3411,162.4272
364.2609,35.6140,202.3929,160.8650
352.6399,45.3535,201.6517,160.4403
348.0396,54.2608,201.8477,160.6039
353.5898,54.9961,201.2886,160.2439
355.6829,52.6873,200.4211,160.1402
354.2026,48.5433,199.4850,160.2520
354.0541,51.7732,198.5731,160.4368
357.8290,53.7074,197.5188,160.9136
363.8371,57.9145,195.8188,161.1777
368.0122,69.2170,196.0183,162.4201
373.4637,89.3052,194.9156,162.2948
378.3188,108.4657,193.9425,162.4944
384.6804,128.2328,193.1404,163.0238
387.6596,146.5223,192.0774,164.3091
379.7303,163.5150,191.4910,165.9900
389.1511,180.4577,190.7437,166.1918
404.9181,182.7531,191.0145,165.9666
402.3546,180.1398,190.7177,166.0918
383.9403,178.8671,190.7708,166.6957
366.6396,182.9049,190.1548,166.9585
365.0886,184.2469,189.3542,167.6959
377.2882,182.7104,188.7301,168.8089
378.6579,180.8126,188.4825,170.2580
368.0476,187.3821,188.0747,171.0529
359.1320,194.6210,187.7381,172.0589
355.3568,197.4608,187.3311,173.8275
350.8557,203.8731,186.9938,174.6254
345.7779,213.5287,187.1437,175.8531
341.0599,220.9471,185.9487,175.1888
341.6173,224.3941,185.0969,176.0015
347.0441,228.6251,184.1708,176.0012
352.8466,230.4107,183.3904,176.1774
358.9021,231.7832,182.3091,176.3283
362.3304,226.8521,182.0060,177.4554
363.9995,224.6085,181.9504,178.1856
367.8852,224.2710,181.4933,179.3771
366.4556,225.7254,181.7953,179.8346
365.4811,232.3082,180.9637,181.5314
372.3575,233.8998,180.8834,182.6082
373.7725,237.6082,180.3691,182.2058
374.6080,239.4613,179.8628,182.0701
372.1239,246.6320,179.1146,181.9265
363.6254,249.6991,178.1507,181.7588
357.3839,256.3729,177.3664,181.1741
366.1512,262.7070,177.9097,180.3574
370.1921,268.2208,177.3581,179.3457
369.6782,273.1984,177.4538,178.2355
369.6206,278.8249,177.4030,178.4165
368.9587,283.7813,176.4612,177.6739
368.1741,284.6946,175.5100,177.5117
369.9135,286.7551,174.6048,176.2399
373.4867,289.7459,174.2904,175.7304
375.7685,290.1393,173.1573,175.3284
378.9731,286.9871,172.1864,176.0656
382.2985,291.1958,171.3000,175.5090
382.6163,287.0876,170.4534,175.6036
384.9200,287.3399,169.9165,175.2180
386.0172,289.5926,168.3009,174.7718
386.0326,288.4120,167.2512,175.1770
387.1325,292.5049,167.2058,172.8561
382.2764,283.6143,165.1316,173.4715
376.0058,282.9525,164.4299,172.2332
368.6750,281.3163,163.7847,170.8941
368.4846,272.2009,162.6672,170.4627
377.1714,256.7407,161.4832,169.8357
374.9585,249.2788,161.0088,170.0339
364.0507,243.5259,160.1550,168.7761
359.3372,240.3081,160.1980,167.4368
367.9053,226.6203,159.0886,165.9574
365.1364,217.6258,158.5358,165.0945
366.7962,213.0650,157.7277,162.1474
368.6324,206.1962,156.6520,159.6017
369.0517,203.1465,155.3147,157.1899
369.1579,195.8313,153.4252,155.8684
367.9742,189.4666,151.2346,153.6646
369.4990,185.8273,149.6972,151.2016
370.9290,182.1553,147.5700,149.9152
374.1023,182.3087,145.7827,147.6636
377.9649,183.2357,143.7564,146.7346
380.0923,182.7543,142.0668,145.1990
379.5293,180.4128,140.4905,144.5733
381.2784,182.2948,139.0294,143.0731
381.7361,180.5730,137.8915,142.7882
380.4930,180.3326,136.9793,141.1981
379.2802,180.0318,136.2761,138.6285
376.5088,181.7063,135.5166,136.4997
374.0337,183.1327,134.6686,135.3965
373.5532,179.9908,134.0481,134.0145
366.7823,180.9279,133.4678,132.4011
359.9427,180.2039,133.2920,131.6234
355.0912,180.5229,132.6649,130.4871
349.7771,180.5041,131.8005,129.8269
348.3677,183.8740,131.1399,128.4311
343.4548,182.0141,130.8833,128.0301
340.6448,183.0358,130.3688,126.8116
340.7446,180.9028,130.0373,125.6721
328.1062,181.0061,129.2955,125.3844
329.6484,183.9221,128.4602,124.0444
323.2083,183.7816,128.3318,123.6986
325.1700,184.7198,127.9174,122.8600
320.9353,184.8026,127.3547,122.4097
317.6197,185.4081,126.5081,121.4194
311.7413,187.7159,125.8669,120.7502
306.6561,190.2157,124.8547,120.1049
305.1869,191.3752,123.6637,119.1034
309.6703,194.1601,122.9226,118.8745
316.2809,195.4934,121.7307,118.0431
322.8811,197.2256,120.7979,118.0785
329.1568,198.1078,119.6442,117.8333
335.3084,197.2556,118.9554,117.4920
333.9829,198.3040,118.2982,116.9113
328.7582,196.8466,117.5690,116.7144
323.7636,198.1505,116.8282,116.1782
320.5223,199.0587,116.6789,115.5142
316.0541,199.3941,115.9460,115.3847
311.7013,198.4563,115.4499,114.9411
306.8452,194.1143,114.5058,116.4139
305.4874,194.4966,113.5508,116.4257
303.6013,193.5531,113.0223,117.0886
307.4441,193.4396,112.7050,117.1848
314.0628,192.4913,112.3622,117.9034
315.2517,191.3181,111.7455,118.3809
314.5652,188.1988,111.0957,119.5130
316.8527,186.0048,110.3884,119.9909
321.8271,183.9526,110.1575,121.2330
327.7462,181.6383,109.5964,122.1363
334.2262,179.1364,109.4376,123.1203
341.4576,178.3938,109.0208,124.2645
343.7941,177.8057,108.4004,124.6462
347.5414,176.3161,107.8768,125.8266
359.3530,176.5091,106.6770,125.7793
366.3069,175.9515,106.3988,125.9547
367.6793,176.1772,105.7598,126.0050
374.3519,175.3775,105.0348,125.7539
374.7304,173.5237,104.5172,126.8357
373.7026,174.4864,104.0821,127.2999
370.3781,172.8349,104.5342,128.8972
368.8098,170.7289,104.0029,128.4908
367.6175,168.6023,104.3702,128.8752
366.7682,167.7629,104.1240,129.1306
365.3837,165.6182,105.1973,129.6467
368.1371,165.8316,105.1887,130.2043
364.5578,164.3549,105.0234,130.9996
365.3947,161.9518,104.5201,131.6364
365.2936,161.8896,104.0989,132.2055
365.5375,160.9406,103.5535,133.3683
363.8512,161.6575,103.7992,132.7140
363.3933,161.8560,104.4290,133.0220
361.9163,162.5886,103.9538,133.0163
360.0810,162.8554,104.5689,132.8270
358.2080,164.1328,104.1030,133.0052
357.2906,164.4649,103.7864,134.5162
356.3725,165.7452,103.8696,133.1351
353.9009,168.7105,103.6817,133.0712
352.9417,169.9211,103.2657,132.5461
352.0369,171.8206,103.5756,131.8708
347.9562,173.6470,104.3772,131.0150
347.0828,176.4914,103.7776,129.6766
346.1604,179.9268,103.6856,128.8952
344.3356,182.0228,103.0652,127.7340
342.7019,181.0508,102.5746,128.0821
338.9738,183.9928,101.8395,127.0793
339.4684,186.0446,101.0956,126.8577
335.6642,188.6516,100.2411,125.4361
332.6625,192.1072,99.4819,124.8481
330.5280,192.7890,98.0739,124.9785
328.6919,195.7605,97.3238,123.9277
327.9204,200.6698,97.5392,123.3442
325.5863,201.4983,96.9817,122.3429
325.2764,204.8294,96.9631,122.1706
322.9716,206.6625,96.0496,121.6296
323.3340,208.8442,95.5338,121.2335
320.0670,211.9820,95.0466,119.3866
319.4554,214.4620,94.2745,118.6258
316.7578,215.2084,93.2405,117.6610
318.3903,218.0476,92.3953,116.8854
314.2951,220.7720,92.8113,114.9320
314.7707,223.3295,91.9228,114.0065
314.6168,229.2219,91.6642,112.1538
311.0407,234.1648,90.9270,110.3216
309.9150,237.9081,90.8050,109.4067
307.5386,243.0992,90.1296,108.1392
307.5688,247.1705,89.1439,107.4610
307.1981,249.1203,88.0369,106.6303
307.0543,253.3131,86.9526,106.4167
305.9185,255.7037,85.5989,105.7239
306.8700,260.1240,85.2087,104.3731
309.0329,263.7089,84.6900,103.4722
308.2860,265.7750,84.2610,101.2852
307.7018,268.5503,83.7425,100.7744
308.0955,271.4665,82.7863,99.5956
307.7591,276.0826,82.5580,97.9472
303.8307,279.7038,81.8765,96.5624
297.5524,282.7650,81.4190,94.7853
288.3007,284.3398,80.3700,93.4214
282.9599,289.5026,79.7560,92.1981
279.1382,289.5362,78.3380,91.7450
274.9370,293.4588,77.5246,90.9803
268.1488,296.3599,76.7404,90.2792
264.3459,299.1641,75.8294,89.3286
263.2277,301.8881,75.4554,88.1243
259.8051,302.5399,74.2181,87.4643
260.4519,305.1160,73.0762,86.7679
260.0659,307.1105,72.1766,85.9388
257.7916,311.0519,71.6507,84.8360
256.0724,311.2020,70.6875,83.9272
256.1839,314.1035,69.8421,83.6404
257.9825,314.0809,68.7627,83.9677
259.6740,317.1294,68.2679,83.0357
260.5482,318.4679,67.5661,82.7314
260.5405,320.3522,67.3296,81.3618
262.5253,321.8146,67.0202,80.9395
265.7543,325.0831,67.0482,79.5743
267.6037,327.1525,66.7106,78.8946
268.2016,328.3295,66.6829,77.5625
267.7324,331.1127,66.1588,77.1588
268.7437,330.7300,65.6264,77.1400
270.0534,333.0150,65.1659,77.1855
272.4651,331.1954,64.7099,77.7193
272.9209,333.2318,64.1195,77.4604
271.7383,333.4966,64.0506,77.0971
272.9103,335.8663,63.6568,76.6874
276.0915,336.6749,63.5625,76.4311
272.3531,338.3769,63.7545,75.6518
273.8667,339.4082,63.4252,75.0160
273.6501,338.5611,63.1154,74.5546
274.6236,339.1723,62.5627,74.1958
276.4054,337.6299,62.0515,74.1977
276.7520,339.7251,62.0201,73.0436
277.5602,339.0350,62.2437,72.4331
280.2970,341.1925,62.5680,71.3701
285.4796,341.4188,63.2367,70.1651
288.4107,343.8280,63.2457,69.2932
289.9170,344.6800,63.5084,68.6670
290.8565,345.0178,63.9200,67.6756
293.3187,346.0168,63.9593,67.1392
298.8414,338.9289,62.3954,69.8151
298.1548,341.9701,61.0426,70.5644
307.4924,335.1737,55.6885,76.4306
308.2335,333.4565,51.5464,81.1177
310.3939,329.1808,49.1618,83.8463
310.1147,327.1897,46.9894,85.1243
310.8507,322.3875,45.4945,86.1085
309.9333,321.8080,44.9414,85.8282
309.1631,317.3669,44.5164,85.6954
309.4025,313.5430,44.2519,84.8147
308.1624,309.0329,44.1209,84.0251
307.7531,306.0698,44.5093,83.5423
307.6429,301.8733,44.1862,83.6571
301.2246,296.6918,44.0713,83.8408
297.2849,295.1554,43.6684,83.9771
298.2560,292.0380,43.3654,84.1351
299.7410,290.7453,43.1678,83.4747
300.5914,287.7857,43.0368,83.4657
296.9542,285.5122,42.7310,82.7458
297.0276,282.9419,42.6819,81.9951
297.8076,283.6055,42.8606,80.9819
300.6803,281.0007,42.5900,79.8236
299.5438,276.8391,42.5881,79.4381
295.9080,279.4820,42.5968,78.6516
292.4787,274.2029,42.1457,79.1926
291.3597,274.5354,41.8040,78.4528
291.6870,271.1922,41.6759,78.1805
292.9464,274.6950,41.8693,77.3007
292.6259,272.7904,41.8747,76.5812
291.4044,270.4272,42.0866,75.6200
290.7648,268.7895,41.5490,75.3941
291.6771,269.1606,42.1890,74.9208
293.7426,266.9848,42.7666,73.7874
295.5978,264.6047,42.7789,73.6958
293.9463,265.2998,42.8827,73.2361
294.1637,266.3302,43.2706,73.2668
296.4280,265.1966,43.3808,72.6845
295.5645,261.9044,43.5298,72.7778
297.4246,260.5248,43.9423,72.3973
295.8256,259.1707,44.4849,72.4689
289.7765,263.5244,46.5738,70.2053
287.7530,259.5617,46.6110,70.2764
280.1313,257.4296,48.2783,70.0002
276.6086,255.7221,48.3840,70.3114
274.9200,250.3830,48.2376,71.6996
274.7928,253.9229,49.6008,70.2607
274.4280,251.4259,50.8768,69.0053
274.3110,250.9872,51.2170,68.3095
274.4406,247.7217,52.1132,67.9333
275.4866,247.0968,52.0474,67.8622
275.0753,244.5325,52.4919,67.7430
272.2565,242.4722,54.6231,68.3724
274.2272,242.4774,54.0856,68.1965
275.9449,239.2253,53.8073,68.5257
279.5445,238.9548,53.3226,68.3817
282.6937,235.2551,53.0175,69.1534
287.0468,235.6152,52.3110,68.1900
288.7468,231.4657,52.7655,68.1965
293.5841,231.9946,52.4517,68.0217
297.2882,229.3535,52.4820,68.1938
301.1321,228.5068,52.8999,68.3365
303.2328,225.3821,52.4686,68.1478
304.0946,224.9303,53.5581,67.7482
308.3750,225.1033,53.0591,67.2313
313.0322,223.1133,51.8458,67.5570
317.9746,223.3365,51.3579,67.1390
321.3195,222.6315,51.4416,66.9533
327.2779,225.0942,51.0605,66.5221
328.9212,225.4693,51.6254,66.2002
333.6937,226.9659,50.8942,66.7716
338.3586,227.6761,51.0154,66.4021
336.6491,228.6094,53.2661,65.9932
345.6264,231.2681,52.1392,65.8245
347.3528,226.4077,50.1004,67.3645
349.9901,233.1932,49.6384,66.2156
352.7310,228.5194,48.6112,67.3305
353.8757,235.0392,48.4795,65.9044
353.1288,233.4344,49.1474,65.0664
353.3772,235.7790,48.5865,64.2645
353.0938,234.7362,48.8182,63.6748
350.2278,235.1549,49.3104,63.6540
352.3590,236.5156,48.7185,62.7077
349.5570,236.5016,49.6494,62.0533
352.9276,240.1376,48.4749,60.9172
357.4495,236.9170,45.9357,62.0036
359.2174,243.8773,45.3403,60.8044
361.6440,240.8234,43.9131,61.8989
364.7958,244.1389,42.8852,61.3111
363.4135,242.5626,43.9880,61.0139
365.6805,241.7336,42.3302,62.1213
367.3095,244.3194,42.9602,60.6196
366.0578,243.4384,44.0709,60.0494
367.9246,243.6957,43.6527,59.5353
362.9790,241.6446,45.0044,58.8586
365.2276,243.0332,44.4224,57.7261
369.0972,240.4852,42.8906,58.2407
371.4948,240.0368,41.9958,58.2134
369.9985,237.3344,41.0580,58.5480
370.3379,237.4440,40.3594,57.8382
369.2573,236.9914,41.0236,56.4596
373.9022,237.6054,39.5172,56.5898
376.0411,235.7729,38.9192,56.3170
375.8962,238.4555,39.6790,54.0458
378.4019,236.8828,39.6776,52.7510
377.6612,236.4287,40.8123,51.9468
380.7276,236.3289,39.7703,51.5056
382.7286,233.5660,39.2092,51.2877
383.1555,233.6724,38.5541,50.8673
384.9342,230.9796,37.0716,51.6154
386.2463,231.4630,36.1071,52.2229
385.3336,229.3492,35.4863,52.5685
384.1305,228.8111,34.8907,52.4509
383.3137,228.1610,34.2988,53.0141
380.7529,230.4979,33.6538,52.8426
376.5070,230.2581,32.9842,52.6511
366.9930,231.5698,34.6509,51.6605
369.0036,232.0307,33.9445,51.2291
362.3759,232.8351,35.3217,50.2729
359.5887,232.3728,34.0608,50.4204
358.1139,231.0526,33.0383,50.7660
355.6919,232.4169,32.0085,50.7373
355.6600,231.5199,31.2357,51.1830
354.1642,233.4401,30.6629,50.5669
352.6102,235.9494,32.0051,48.0410
352.3665,236.3688,31.4915,47.4027
352.4717,236.9585,30.7894,47.2794
352.4601,238.9398,30.3528,46.5178
355.1322,239.3211,29.8931,45.9518
353.8394,240.5484,30.7914,44.9322
355.7537,242.6166,30.9644,43.7012
356.5566,241.4887,30.9976,43.4831
357.9384,246.4663,30.9942,42.1878
360.5580,245.8966,30.4553,41.6507
362.8319,244.5944,30.1664,41.2338
364.5669,243.2077,30.1458,41.0069
365.8147,243.6098,30.1943,40.0604
367.2496,240.8756,30.0183,39.3560
368.6684,231.4913,29.5474,38.7057
369.8330,226.6597,29.2137,38.5372
372.3222,223.2060,28.9760,38.0524
375.3855,221.4102,28.4852,37.6557
377.2130,222.5239,28.6800,37.6588
381.3995,219.0728,28.0714,37.0575
387.0924,217.8175,27.5423,36.6950
390.0323,216.4256,27.4857,35.9624
393.7874,214.3544,27.2698,35.6666
398.8099,213.4827,26.9973,35.1578
402.1494,212.1260,26.7506,34.8487
405.9729,211.4991,26.6089,34.6521
409.3127,210.7305,26.6210,34.4618
412.3059,210.6559,26.7865,34.2463
416.0023,211.4464,26.8190,33.8915
417.9160,209.9234,27.1315,33.7482
419.6505,210.8182,27.1490,33.5055
419.6669,209.6486,27.2998,33.4711
419.8029,210.9766,27.4960,33.3108
418.9705,210.9075,27.5544,33.4767
418.3983,210.9009,27.7369,33.0979
418.0084,209.2045,27.5509,33.0346
417.8117,209.6666,27.7419,32.8254
418.0433,208.8056,27.4636,32.4536
417.1939,209.2640,27.3760,32.2106
416.8731,207.5634,27.1761,31.8893
416.9006,207.7567,27.1094,32.0161
417.5214,207.2215,27.0228,31.7525
418.1339,206.7129,27.0874,31.5945
419.3237,205.9816,27.0002,31.4385
420.9277,204.6077,26.8430,31.4246
422.9008,204.0414,26.4914,31.0670
426.2290,201.2945,26.2209,30.8430
428.2161,200.5498,25.8351,30.8241
431.6846,200.1194,25.5810,30.5762
433.6662,198.8966,25.4071,30.0262
437.0912,193.4304,25.2598,29.9644
441.8949,191.0347,24.7501,29.7938
443.8059,190.3542,24.7534,29.4327
447.2211,188.3345,24.5524,29.4350
450.8782,184.7435,23.4709,30.5176
454.1919,180.1609,23.5728,30.1688
457.2855,177.2840,23.9177,29.2647
444.3522,172.4103,24.0760,28.8788
436.3869,169.0638,24.0601,29.1151
438.0526,166.9543,24.2527,29.1461
438.8564,165.3422,24.3959,28.9204
436.6866,162.9440,24.5332,28.9891
432.9958,162.7068,24.3915,28.7445
426.6109,162.1734,24.2504,28.5907
421.4604,159.4076,23.6711,28.9769
414.1301,160.0634,24.0034,28.6010
407.5455,159.9073,24.1967,28.2947
408.1900,156.9173,24.3264,28.2343
401.9390,155.2421,24.1029,28.3832
392.9200,153.4331,23.9102,28.5553
384.2166,153.0908,23.7509,28.6667
376.4782,153.8344,23.7007,28.5910
368.4361,151.9196,23.9389,28.1418
369.9330,152.3554,23.8682,27.9681
380.1719,152.6138,23.8085,28.1287
385.3120,151.9912,23.9841,27.6386
393.2604,150.3434,24.2898,27.2841
411.3207,152.3557,24.2537,27.2016
413.9119,152.3434,24.0869,27.4756
401.3220,150.3538,24.3654,26.9887
2
0
0
0
0
1
369.9449,154.2910,17.8849,17.5208
379.7785,152.5478,17.8915,17.7613
390.4309,152.1511,17.8348,17.9960
394.5865,151.5541,17.9236,18.0789
399.5303,149.8462,17.9566,18.1805
399.4159,149.0782,17.9804,18.2872
393.0049,148.9818,18.2238,18.1981
387.1337,148.4310,18.3289,18.1701
380.4645,147.1753,18.2450,18.0389
374.9955,146.7539,18.3044,17.9680
369.5122,147.9486,18.1987,17.9532
363.7563,146.6939,18.3295,18.0041
359.5901,146.3962,18.3500,18.0210
353.0555,149.2524,18.5453,18.1205
347.3563,149.4054,18.6833,17.8124
344.1995,149.6814,18.8715,17.9026
338.3639,151.1382,19.1628,17.8339
343.0075,151.0550,19.0852,17.8189
343.4696,151.7726,19.2099,17.7134
346.2608,152.3227,19.3402,17.6960
347.9022,151.8107,19.4408,17.8030
351.4573,151.6470,19.6915,17.5921
354.5332,150.5691,19.9759,17.5359
359.2539,147.0156,19.9440,17.5736
365.6996,145.5382,19.9520,17.5175
371.6982,145.0663,20.1420,17.6898
376.2952,144.4164,20.3914,17.8105
382.7307,143.7502,19.9267,17.8949
387.1635,142.8017,20.1208,17.7653
390.4111,142.7263,20.1103,17.6832
392.6000,142.9566,20.2254,17.6421
395.2823,144.3447,20.5050,17.4337
397.8878,142.2805,20.7407,17.3580
403.3383,143.6943,21.1008,17.3278
404.1436,144.1119,21.3505,17.2199
408.5959,144.0386,21.6380,17.3975
412.0396,143.9890,21.4315,17.4442
412.3020,142.4240,21.3879,17.3908
411.7096,143.0329,21.3199,17.4285
410.2434,143.2137,21.4048,17.5628
408.8745,140.9362,21.3428,17.5172
407.6324,140.2382,21.4132,17.5400
404.2419,139.2613,21.5806,17.2887
402.1125,139.7774,21.7653,17.3449
401.2937,139.4541,22.0640,17.1561
400.3865,138.8304,21.6548,17.3929
398.7306,137.3878,21.7467,17.4868
397.2725,136.6340,21.8566,17.3760
395.5785,136.2712,21.5717,17.4010
395.9231,136.2137,21.3681,17.5873
394.6573,136.4568,21.1300,17.5986
392.5901,135.8373,20.8731,17.6801
391.1125,137.5709,20.7626,17.3793
388.4257,138.1477,20.4231,17.1572
386.0394,139.0896,20.4502,16.9598
384.2060,140.2047,20.4327,16.8468
383.0229,142.5787,19.8082,16.9617
380.8893,143.0194,20.0555,16.8323
379.3222,145.0334,19.7397,16.9503
377.6480,146.2735,19.4143,16.9142
376.2417,146.9458,19.2218,16.8879
373.8600,147.8716,19.4596,16.6325
371.3470,149.2784,19.5356,16.4651
366.3272,149.6047,19.3098,16.5250
362.0465,149.0253,19.2215,16.3592
356.8898,148.5542,19.3105,16.2980
354.4691,147.8746,19.0371,16.3352
352.8042,148.0063,18.8093,16.2655
350.1844,149.0979,19.0208,16.0358
