1
662.1113,129.0264,31.5461,67.4702
661.3175,130.0125,31.5133,67.8111
659.2516,136.6782,31.6698,69.3355
659.0190,144.4903,31.7062,70.3902
656.6144,146.8172,32.0899,70.1661
657.4554,144.7086,32.5254,70.2537
656.9072,142.8092,33.0751,69.9756
655.3907,144.3897,33.2703,69.8986
652.6223,149.2030,33.5128,70.1598
651.1570,153.4028,33.5998,69.7266
650.7036,153.8158,34.0453,69.4608
649.8932,150.0765,34.5126,69.2123
649.7416,143.8046,34.4210,68.4812
646.3132,139.2459,34.2525,67.6359
640.6530,138.1841,34.3040,67.9448
635.8754,142.7710,34.2144,68.0749
631.7958,151.3272,34.6312,67.2749
627.2151,158.4160,34.7482,67.4414
625.1236,164.6157,34.5187,67.5687
624.9390,161.1127,34.5866,67.7376
626.5087,158.6583,34.5486,67.8389
629.2793,157.2529,34.8160,67.3052
631.8838,156.4348,34.7044,66.8238
634.0585,154.6970,35.0124,66.3642
633.9084,152.0810,34.7687,66.5229
634.9598,149.6501,35.0049,66.1519
635.1505,142.8679,34.1692,65.0622
635.3258,136.7488,33.5381,63.7351
635.8881,137.1393,33.3598,64.1048
636.4031,141.7152,33.0461,65.0150
638.5127,149.9952,32.8093,64.5173
637.5062,145.8738,32.6416,63.8109
637.7844,149.3913,32.3162,64.2143
641.0049,165.3067,31.7192,63.9423
641.9606,169.0553,31.5957,63.3623
640.5040,157.3406,31.7737,62.7386
640.6146,149.1808,30.9485,61.5188
641.7332,144.2412,30.5811,61.1931
641.7288,138.6430,29.9767,60.2134
641.6763,136.8854,30.0990,60.9922
640.8451,137.1001,30.1688,61.0507
638.1291,131.0353,29.9955,60.5280
637.8885,127.7725,29.8993,61.0945
639.7247,130.4009,29.4163,60.6789
639.4054,133.4675,29.2491,60.8944
638.7793,137.2096,28.9587,61.4731
640.8904,139.0727,28.2996,61.6026
641.6010,137.7169,28.5439,61.6021
642.5552,135.5784,28.4850,62.1812
642.7271,135.4833,28.3390,62.3248
644.4310,140.0589,28.0674,62.1099
645.3476,144.1579,28.0960,61.1643
646.3790,144.8507,27.7370,61.0446
646.5803,144.0682,27.7853,60.7241
646.4548,143.5766,27.5407,60.5609
645.9796,146.6128,27.4523,60.9175
646.6422,151.1562,27.1948,61.1380
646.5310,154.8139,27.3258,60.9849
647.7346,157.5662,27.1194,61.0303
648.8799,157.1873,27.3161,60.9927
650.0334,156.8441,27.1742,60.8010
649.4634,156.3336,27.0849,61.1525
648.7149,156.5703,26.9310,60.9919
649.5828,156.0462,26.7687,61.0646
650.7687,155.4326,26.4374,60.8505
653.4877,156.1384,26.8363,60.7620
656.3396,156.9904,26.9339,60.4458
659.8284,159.5915,26.7939,60.1769
661.4567,156.8696,27.0397,59.7325
662.5114,152.6516,26.8040,59.3499
663.8083,147.1087,26.6477,59.0417
665.6063,140.8860,25.9868,59.5553
665.2896,142.1608,25.7997,59.7362
664.5126,140.2291,25.7242,60.3436
664.0548,131.9769,25.5244,59.5718
662.3074,132.9984,25.5199,59.5597
663.7267,137.7535,25.6928,60.6509
665.7156,148.2537,25.4261,60.9630
668.4511,162.3206,25.5371,60.7150
671.6035,166.2073,25.5207,60.1502
672.2602,169.0134,25.7931,60.1962
673.9698,167.0989,25.5253,59.8268
675.2063,165.4882,25.5806,58.6849
678.0472,165.2838,25.4089,57.6166
680.2032,164.8863,24.7348,57.3962
682.0171,160.4503,24.9966,57.4473
687.7008,156.8315,26.6794,56.8475
690.4003,153.6568,28.4279,56.9147
2
0
0
0
0
1
646.6230,159.8673,34.8312,55.9188
647.9973,161.4486,34.6512,56.1936
648.8014,160.3815,34.7157,55.9029
648.7957,161.1373,34.2739,56.2760
649.3821,162.0530,33.8656,56.9796
649.4313,163.4624,33.9381,57.2420
647.8796,165.2105,34.5971,57.1168
645.4650,163.8085,35.1318,57.0094
642.5765,163.3479,35.8174,56.5909
640.7949,165.6770,36.2154,56.3968
639.7114,168.0947,36.2151,56.0461
639.9780,166.1982,36.2597,56.0273
639.3867,162.4197,36.8432,57.1989
640.1492,163.6609,36.5808,57.4965
640.9150,167.1994,36.5469,57.7178
640.9114,168.5387,36.9980,57.9313
642.5505,163.3539,37.5054,58.2035
642.6457,164.8325,37.7307,58.4366
641.3371,170.1668,37.6096,58.6579
639.0402,173.7377,37.7506,59.2544
638.1926,175.7176,38.0648,59.6680
638.2322,172.7873,38.0875,59.7928
637.0223,170.9663,37.8647,60.2288
636.4881,172.5160,38.0426,60.5178
636.1855,171.5654,38.0507,61.0676
636.9368,169.1676,38.2385,60.5898
637.0428,168.6260,38.2947,61.1224
636.6870,168.1729,38.4463,61.4236
636.4047,165.8779,38.3949,61.5474
635.0769,163.2317,38.1945,61.2724
633.6019,164.3723,38.4269,61.1944
634.0606,164.7368,38.2202,61.4023
635.3678,166.0319,38.1627,61.2406
634.9618,166.9153,38.2995,61.3631
635.4190,166.4783,38.5698,61.7194
634.5234,166.2272,38.5921,62.1439
633.0253,168.3112,38.6900,62.3851
632.2651,167.5137,38.7818,62.9424
632.0676,164.7978,38.7444,62.5156
633.8525,160.6486,38.6250,62.1764
636.3442,157.8357,38.4258,62.5932
637.8978,153.9429,38.3734,62.4781
638.8585,151.2383,38.3641,62.4150
638.0154,151.5682,38.5164,62.0934
637.6258,149.6271,38.8027,62.1315
636.3824,151.0132,38.8887,62.2541
635.8069,153.3615,39.1083,62.6275
637.2953,156.7980,39.0239,62.7984
638.0087,159.9845,39.0701,62.7816
638.1992,160.4370,39.3603,62.5619
637.6174,162.7286,39.4246,62.5192
637.4541,164.3110,39.3060,62.7715
637.0429,165.7423,39.6029,62.7395
636.8771,166.2687,39.6767,63.1305
635.5146,167.9195,39.6271,63.1192
636.3190,171.0318,39.8355,63.5686
637.1926,174.4485,40.1546,63.9667
639.3605,176.6311,40.2289,64.2128
640.1750,177.6841,40.6106,64.1479
640.8455,179.8527,40.5754,64.2785
641.2135,181.0954,40.8579,64.2253
640.3230,181.6882,40.7271,64.3009
641.6195,182.0940,40.6298,64.0121
642.1541,182.2564,40.5561,63.7543
643.2986,179.7722,40.3348,63.3945
642.9159,180.2767,40.5042,63.8456
642.1016,177.6257,40.8062,63.6361
642.1149,174.2024,41.1045,64.2904
640.9442,176.4410,41.4946,65.1490
638.7285,180.1292,42.2751,65.2663
638.8647,178.5625,41.8066,64.7330
638.3984,174.5149,41.5664,64.6404
637.6804,175.8731,42.3151,65.2877
638.6492,176.8583,42.7820,66.2569
640.1780,176.4951,43.2682,67.0915
642.0496,174.1171,43.5820,67.1083
641.6675,173.5119,43.8957,67.3709
643.0169,175.3588,44.7721,67.4916
641.4311,176.0626,45.0096,68.4480
643.8137,177.4570,45.3980,68.9245
644.5586,177.8726,45.5847,69.2154
646.6323,178.5440,46.0355,69.1605
646.9623,179.8298,46.8270,68.7915
643.9719,179.3328,47.1651,69.0526
643.6138,175.9008,47.0633,68.8952
643.8805,177.8048,46.9205,69.3817
645.9088,182.1692,46.9695,70.3938
646.0015,183.2316,47.4128,71.2935
646.1726,178.3118,47.7641,71.2262
646.8835,179.1670,47.9100,72.4334
646.6254,178.5677,48.5757,72.8876
647.3915,175.4752,48.8025,73.0232
650.1823,172.5419,49.5677,73.9141
652.8592,170.0917,49.4309,74.8330
655.3953,166.8301,49.5124,75.3564
656.7166,167.2025,50.0765,76.0229
