1
300.1436,136.9232,72.9622,88.1683
297.8562,139.0651,75.4565,91.3271
297.3971,142.5172,76.4128,93.3256
298.5706,143.1078,76.7872,95.1562
300.5387,142.4359,76.9923,96.4375
303.6736,143.7040,77.0627,96.4897
306.7581,142.1646,76.7425,98.4005
306.5623,139.5560,78.8580,99.9603
305.8088,140.9617,78.8382,101.5576
306.0697,141.0083,79.8216,102.9386
309.7026,142.1323,81.3065,102.8823
313.0945,136.5826,84.2157,104.3542
318.9874,130.9865,84.4915,104.7141
324.9755,127.3856,83.9977,106.3949
328.6097,124.5054,84.5324,106.8320
330.2659,125.6089,84.8328,105.9225
329.5356,123.4541,85.6884,106.8533
329.0418,120.5632,86.2887,108.1592
332.0992,114.2707,87.6878,109.3439
337.4265,111.4524,87.9756,108.5580
341.6771,108.7633,88.7123,108.9023
346.8742,104.2176,89.5968,110.3262
352.0292,105.2943,89.3891,111.3996
360.2357,113.4600,91.1806,109.3532
368.7198,123.4980,94.0565,111.0962
374.2533,122.5390,96.7530,113.5894
371.1510,117.7232,97.2795,113.2512
360.5435,102.7879,93.7335,112.3177
352.7383,90.2699,94.4343,112.0860
343.0606,82.5620,92.3237,110.7526
336.7558,79.6668,89.6142,109.5705
332.4321,80.5001,89.4322,108.7608
332.7398,82.5529,89.8233,106.8782
335.7686,92.0575,91.2610,105.4958
347.7806,104.7795,92.9855,106.1006
359.0935,119.0070,97.0270,105.9902
364.6071,131.2872,100.3425,109.7671
368.5025,125.8492,102.9653,114.0215
364.2798,111.7457,101.7038,118.7192
358.8006,95.3608,98.6288,116.5597
355.9014,87.3838,95.6348,117.6078
353.7812,82.1226,94.0292,117.7539
354.5354,80.7787,91.4241,117.2179
353.4279,84.1123,90.6159,115.9317
357.3663,89.4680,91.4032,112.2033
359.9959,100.4855,93.3563,109.0885
368.9416,116.9544,94.8851,107.8749
376.3740,136.3080,96.9725,109.7873
372.9689,142.2025,98.1744,116.1355
367.5295,127.1337,96.5189,121.3595
360.8499,111.8544,94.9627,121.9375
360.5046,101.9248,91.7611,123.7537
354.4097,99.2973,90.3206,125.5477
353.3374,97.9238,90.2411,125.6588
349.8510,106.2590,89.4799,123.3572
352.3463,119.1525,88.8236,122.4417
357.5032,130.4032,91.4025,119.5212
352.9704,153.8519,90.4510,117.5781
350.1575,165.7752,90.9203,113.2445
345.0335,168.6648,89.3288,117.6150
335.2165,142.8781,88.7994,115.4641
324.7072,127.1965,86.4762,113.9864
320.2790,122.1994,85.5194,113.2150
311.1906,116.9525,84.1995,112.1982
304.4666,115.2206,82.8927,109.7522
302.7065,118.2842,81.4059,106.5171
302.1116,124.2083,81.4057,103.9307
299.1344,138.6729,81.8353,102.4528
301.0761,151.5412,80.5122,101.8046
302.2767,166.5903,78.9838,103.3644
301.5677,184.3522,79.2376,107.1980
297.0544,183.1085,81.0867,109.7012
286.5776,169.1832,80.4074,109.4614
279.4351,142.7658,79.2870,109.9289
272.6742,129.5383,77.6357,110.6498
267.7235,124.8997,77.2164,110.2845
264.7011,121.8611,76.1374,108.3264
261.2061,122.7655,74.9201,104.8274
258.8760,126.8936,74.7555,101.5308
257.9340,137.3806,73.6742,99.7377
257.0596,152.4582,72.4564,98.2149
257.2246,170.3187,72.7725,96.2179
252.3284,182.4603,73.8705,97.4220
253.3221,185.1423,72.3529,101.6445
249.8215,178.1106,71.8240,102.8502
244.8927,170.2303,72.2244,98.8186
240.6648,171.2918,71.7470,94.7836
240.4879,177.6699,71.1349,89.7744
237.4474,182.4259,71.7419,86.0375
237.8116,190.8555,71.4316,83.9059
236.8502,201.6250,72.4948,80.7441
234.4601,206.1393,72.5567,77.4290
230.6645,199.8864,72.3081,77.1663
229.2344,202.6724,71.6518,76.5130
236.0155,204.7503,71.0026,76.0378
167.6253,173.0709,70.8459,81.5731
166.7098,171.2949,70.4650,87.6474
172.1959,162.8576,70.6055,94.9910
172.8916,158.7645,71.1256,97.4623
180.0248,151.5484,72.9499,101.1339
179.5330,150.4451,76.1958,102.2799
172.1288,152.3367,74.7584,103.2872
2
0
0
0
0
1
270.5129,176.2565,44.2957,52.2724
271.5508,176.3804,42.9609,51.0865
264.1363,170.8166,44.7619,49.5907
249.7222,162.2916,44.7847,49.7125
244.0486,156.6676,44.9878,52.0297
233.0782,150.5911,50.1928,47.0736
242.9504,152.1157,50.3332,48.2304
238.3338,146.1114,50.1199,49.9882
239.9281,146.8794,49.1762,48.8283
237.1949,149.9880,49.6178,50.6190
247.4440,124.8779,48.8238,51.0421
255.7626,130.3876,48.6039,50.8024
251.8419,138.5458,48.4941,49.8623
291.5175,159.4583,47.2713,48.0769
257.6855,152.2281,46.5798,50.0892
258.8264,143.3628,46.9258,52.2425
259.0837,134.2635,48.6246,51.4697
263.6918,133.1027,49.2567,52.6844
267.2044,132.8332,50.5073,51.5293
273.4568,133.7699,50.3707,50.8122
277.3486,135.0189,48.3632,51.2960
297.2594,167.8033,46.5905,51.4337
297.2037,158.3963,44.9529,53.9174
289.3470,155.2809,46.8121,54.6222
289.4611,153.4808,48.6455,54.0480
287.7222,151.0341,50.9869,53.1281
286.9157,149.4527,53.1801,53.1214
283.9029,149.4210,56.9451,53.2278
286.6452,146.7477,59.6879,53.3915
287.9739,147.7866,59.0218,55.4562
289.2850,148.4245,58.1657,59.4783
282.5441,149.2097,60.5334,60.2765
274.9406,151.5479,62.0148,61.9553
275.9681,150.7231,63.7131,63.1973
272.6541,150.4607,66.0842,63.6686
271.1059,149.7623,67.2513,66.9076
268.6265,152.2273,67.3100,69.1063
271.3994,145.3633,65.5039,73.3030
263.4788,141.5729,66.0926,75.0167
261.1748,139.1270,63.8294,76.8762
248.2626,137.5947,63.6115,76.1154
236.4840,138.0084,63.7920,74.7320
229.8016,140.4663,67.6008,74.0042
222.8105,138.4986,69.5045,75.6623
224.7540,142.6626,66.9268,79.5930
220.7025,139.7813,65.9093,79.5463
217.6303,138.1494,66.2166,79.2345
218.2296,136.9317,65.1946,77.8943
212.0836,137.7530,66.7813,78.0991
210.0821,139.1066,67.9508,79.9364
208.6865,142.4139,69.4783,79.4386
207.9146,144.9092,70.1309,80.7987
211.6714,142.7077,69.9816,83.3655
214.1960,145.1096,69.5065,85.8936
219.9408,147.1915,68.1175,87.3371
227.3305,147.8533,69.4959,86.3803
233.8390,151.2256,68.0686,86.6899
236.6644,152.9993,67.6512,86.7647
255.1368,155.9680,71.1789,83.5756
260.2090,156.8636,71.7354,81.6925
264.8864,160.3051,72.6005,80.9012
270.0815,161.7463,74.2040,78.5495
274.7082,164.1645,74.7521,75.9653
278.6487,171.0337,75.3846,77.0987
281.0477,175.2759,75.1030,78.9747
285.5262,177.4868,74.9160,80.0381
291.0305,177.8986,74.4456,78.3606
295.4731,179.4684,73.9241,76.0963
300.5699,179.4020,72.2755,72.9906
305.6164,179.1994,70.6926,71.4981
308.4190,178.9352,70.8042,70.0665
307.7259,181.5550,73.0234,68.0655
309.8945,179.4261,73.5347,65.8165
310.9525,177.5299,75.3528,63.8884
321.8452,176.6523,75.0451,64.5909
334.8862,169.6772,76.6503,63.4721
336.4790,170.4402,77.1861,60.9914
339.9961,168.5749,77.9334,60.2911
344.8095,176.8566,76.0870,60.5453
351.4918,186.4640,74.3660,61.3735
354.5333,194.7468,73.4505,63.6684
355.8182,195.7642,72.0403,64.6465
350.6239,181.7324,70.3504,69.2064
348.2031,169.1936,70.9084,72.2872
344.6203,165.3450,72.3994,75.7007
344.0298,162.3455,69.8630,80.0283
340.5023,166.9811,69.5104,82.4327
335.4896,174.1561,73.0975,79.4566
335.4710,178.1463,73.3726,77.7630
338.2023,181.3783,74.3334,76.8549
342.3797,179.4267,73.8719,77.0822
339.4680,174.6760,74.8678,79.1445
342.5424,169.6807,71.9333,82.5825
335.8183,152.9638,72.9638,83.4633
334.7082,149.7412,73.0908,85.1315
333.0824,148.3909,73.6478,86.2681
328.8282,166.9081,76.6695,80.8427
330.1588,164.4411,73.9413,83.0307
330.5709,170.2951,74.5073,81.1192
324.5165,174.0025,74.2938,79.6485
316.6312,173.9278,73.7680,80.8239
312.6794,166.6998,71.3043,82.5104
308.4408,160.4013,70.1545,82.1308
303.6864,155.0200,68.9878,81.1510
300.3723,155.7641,67.4063,79.0698
298.2965,161.7074,65.2692,78.8271
296.5225,166.3441,63.7738,77.0336
294.0797,175.6596,64.6858,75.2717
293.9351,184.3087,64.2070,73.6263
295.3091,190.4206,63.9857,74.4005
298.2402,189.2378,63.8685,75.3979
299.7569,185.0338,63.3091,74.4653
297.6271,179.0785,62.1749,74.3101
297.8683,173.9710,62.7010,72.2767
299.1744,173.1908,62.1160,71.9332
299.0249,175.9910,61.7401,72.0179
299.5605,183.0416,61.6210,73.7047
298.9901,189.7805,60.4063,75.2371
297.8594,193.1320,59.1754,75.6407
300.0950,187.4352,56.0146,78.0222
294.9550,175.4892,56.5684,75.7151
291.8616,169.5044,57.6656,74.8715
288.3597,164.9618,58.0698,73.4536
286.6426,163.3900,57.9515,71.9320
286.9784,165.6364,57.3010,71.0129
288.2212,168.5296,56.3318,68.6437
289.4838,174.1788,55.5302,65.8549
290.4888,180.9248,55.0944,65.1285
289.4156,184.8690,55.7733,64.9766
291.5692,179.5121,54.9478,66.3963
293.1879,178.2954,55.1175,65.2028
294.4037,182.2274,55.9755,63.5148
295.0223,186.9984,56.5105,64.0499
296.9751,185.1030,56.3879,62.1297
297.3042,181.3699,56.2331,61.2730
297.9052,176.0677,55.6560,61.8425
298.6522,169.4559,54.2912,64.3337
301.6245,157.3113,52.3538,66.6564
302.6130,148.9531,51.9236,65.4091
304.3382,147.2308,50.8719,64.6070
305.1641,145.9765,48.1269,64.3833
305.4281,149.3449,46.6905,62.6778
304.1639,152.5450,46.5139,60.9823
303.6700,154.3478,48.0732,57.1966
303.4507,151.2757,48.8209,54.2118
303.9983,145.5711,48.1438,54.4884
307.7140,135.9188,45.6904,54.1437
309.7737,132.9526,43.4742,54.7577
310.0378,129.9429,42.1706,54.4235
308.6136,128.4056,41.3190,52.6957
307.4231,130.5080,40.9201,51.2896
305.6697,133.6871,41.8361,50.5291
303.2515,139.0372,41.3996,50.2249
302.3027,140.0102,40.2975,49.7589
301.5521,136.3635,39.4588,49.3714
298.5751,131.9180,39.2244,48.8283
298.1397,127.8294,38.5267,48.8100
297.0190,126.4478,38.7473,48.0698
294.7242,126.2761,38.1674,48.2805
293.1757,131.0069,38.0197,48.1805
293.8129,135.9364,37.0980,47.5988
291.8479,142.6725,39.0813,45.1798
289.4637,151.3606,39.3191,44.2936
287.9260,152.1817,38.3356,45.4550
285.9145,151.6997,38.0801,46.1952
285.8617,148.5326,37.8321,45.9116
286.8372,148.1867,37.5551,45.3751
288.0555,148.9221,38.3482,44.4626
290.0082,149.4895,39.6231,43.7691
291.7721,152.6295,40.1939,42.6452
294.2463,157.9872,39.8560,41.9392
294.1178,161.5804,39.3016,42.5164
294.9813,160.7953,38.7024,44.0373
294.1509,157.1508,38.8333,44.2843
294.2889,152.1633,38.2467,44.7449
295.4316,146.8537,37.8559,45.4980
295.7377,143.9075,38.7311,44.6190
294.2077,143.5492,39.0194,44.4153
294.8287,145.9834,38.8116,45.4865
298.7833,147.0764,38.1953,45.4973
300.0168,148.5723,37.9158,46.5694
299.4761,147.2066,37.9959,47.1651
300.3955,142.8809,38.4767,47.7678
300.9567,137.6254,38.6182,48.1921
303.0277,133.0539,38.6366,47.6199
305.3466,130.4325,38.8179,46.6200
305.9312,130.1661,39.6225,46.4811
309.8835,132.6698,38.9098,46.6544
311.4139,138.0361,38.6337,45.8725
312.8250,141.0811,38.1733,47.4887
312.3096,141.4254,38.3630,48.9947
311.4117,137.3562,37.9259,49.1920
311.1084,131.8694,38.7183,49.1178
310.6783,126.8998,38.9289,49.5147
312.3764,123.8738,38.6023,49.8836
314.0055,122.8339,37.9150,49.6817
315.8596,121.3725,36.9729,49.9627
315.5180,137.4700,37.2119,49.6730
316.3898,142.3680,35.2490,51.2232
315.2177,145.2431,36.6298,49.9995
315.3283,147.2903,37.0139,50.5557
314.2721,146.2086,38.5305,49.6875
314.3167,136.6553,39.0008,49.9796
319.3782,129.9274,38.5603,49.8945
319.1416,129.1589,38.6377,49.1539
317.0823,129.0450,39.7270,48.4555
315.3891,128.9908,40.9639,47.8185
314.8449,131.9078,41.5926,48.1459
316.3263,137.2949,40.9295,48.4704
315.4564,138.3466,40.7209,48.5470
310.9762,138.1108,41.2722,48.0411
311.8232,131.7492,41.2285,47.3293
313.3052,119.8850,40.7605,47.4409
316.5748,119.7841,39.8128,46.7936
313.5883,118.6380,39.2737,46.7823
314.8782,118.4501,38.5139,47.4574
312.4732,124.2458,38.1079,47.8260
309.9224,128.4167,36.0366,50.0093
306.1189,133.8816,36.2632,49.4117
306.2148,134.4303,36.7140,49.9600
303.8916,131.6424,36.6884,49.4829
305.1406,126.3492,36.8043,49.5849
301.3650,121.6508,38.3050,49.2207
303.4818,115.6180,38.3395,49.6261
301.7745,115.8661,39.0961,49.9031
303.3280,116.8811,39.1409,49.4412
303.0540,120.0562,39.9310,48.5390
302.3690,129.1225,40.3743,47.6086
300.0720,138.6015,41.4578,48.3043
300.3351,142.3647,41.6149,49.3662
301.7414,136.8036,42.6100,48.9783
303.7951,128.3349,41.8047,49.4986
305.2072,121.9658,41.7950,49.7752
306.6406,122.0945,41.5750,49.9072
309.0745,122.6966,41.6098,49.8666
310.3438,124.6679,41.7422,49.5230
315.6893,131.5438,41.1333,50.2168
319.9662,132.4613,40.5585,51.1256
318.4087,132.8776,40.6995,51.4494
318.6871,131.8925,41.1132,51.5885
318.0814,132.3923,41.7181,50.6157
318.3073,133.1329,41.8483,49.7154
315.4534,134.0752,41.3136,49.3526
291.6275,139.1414,40.7945,48.6518
2
0
0
0
0
1
322.8647,130.5501,26.4817,51.1492
321.9029,130.8081,26.1759,50.7009
320.9857,131.5401,26.4121,50.7848
320.0208,134.8056,26.2175,50.9716
318.1707,134.7747,26.5893,51.4042
316.7230,134.7964,27.0946,52.1454
315.4857,133.7086,27.3365,52.5079
313.9535,132.2303,27.4742,53.2012
313.5802,129.1344,27.2447,54.6436
311.9906,128.6733,27.4887,55.0251
309.9113,128.9709,28.0331,55.6330
309.0475,129.1352,28.8076,56.1495
309.4415,129.0565,29.1621,56.6148
309.4564,129.3885,29.5557,56.8343
309.5840,129.1099,29.9163,56.9567
309.4503,129.5684,30.1746,57.1895
309.0357,130.9311,31.5923,56.6448
310.0669,132.2550,31.2012,57.6070
314.5843,134.2656,32.6933,57.0459
317.7515,141.8033,36.2881,53.3319
321.2046,155.4039,39.2123,49.6181
301.2147,161.1066,40.6717,48.4667
300.0881,156.4737,41.4021,45.9011
2
0
0
0
0
1
346.9485,159.4234,42.1524,52.7135
343.4830,161.5332,40.8224,52.2260
2
0
