1
129.3543,468.7058,23.8722,62.4737
135.1447,501.8343,23.6673,61.0759
150.7247,549.7074,23.9559,59.5176
157.0512,563.6295,24.4336,58.6232
155.3338,569.3334,24.7531,57.8044
154.2749,571.7463,24.9207,57.4985
153.6948,574.2327,25.2870,56.8356
154.8689,575.1952,25.9417,56.7000
154.7312,575.8914,26.3368,56.9049
156.2665,577.0218,26.9486,56.0246
157.0346,578.3649,27.1960,55.7746
157.0950,579.1287,27.2388,55.9639
159.0213,581.4764,26.9368,54.0599
157.6100,583.0333,26.9641,52.8881
157.1597,583.3359,27.0364,51.5927
158.8654,589.0660,26.1067,51.3323
159.7118,589.0934,25.8080,51.0622
160.9148,592.3167,25.4472,50.6056
162.8347,600.2014,25.1644,50.2464
161.5940,620.1657,25.1446,48.1718
162.0004,628.2952,25.0215,47.2105
165.9954,646.8550,24.9922,45.7066
175.7406,666.0715,24.6543,44.3880
189.8022,695.3775,25.1816,42.0991
208.9690,717.7994,24.6969,42.0471
231.5498,737.3525,24.0090,43.0945
263.1076,758.5828,24.2175,42.1777
303.6834,789.3371,27.7122,38.7780
336.1129,812.6887,30.1224,36.9863
360.5278,823.5542,30.9335,35.6696
372.0408,829.2526,31.7187,35.4757
382.1523,831.9453,32.3289,35.2403
383.0589,835.0150,33.0019,35.0344
382.2168,834.1859,34.1862,34.6724
383.3816,836.2426,34.9403,35.2789
384.7372,836.8591,35.8279,35.7065
2
0
0
0
0
1
586.9839,773.9128,27.8242,48.5065
584.5304,767.5096,28.6109,47.7272
575.9865,761.0588,30.9699,47.0111
569.0634,760.9652,33.8834,44.1434
567.0894,760.3392,34.0695,44.1576
564.2842,760.1631,34.4278,45.3071
563.2012,758.5967,35.0213,45.6686
562.3636,756.4333,35.4228,46.2931
564.0840,753.2323,35.7047,46.9420
563.8970,752.7791,36.3224,47.0026
564.7607,752.6950,37.1562,47.4230
567.0489,756.8408,37.1398,46.8348
567.6578,756.6740,37.5070,46.6511
568.8940,756.7638,38.2644,46.9009
565.5022,752.2693,38.9317,48.4072
563.0493,748.2180,39.2149,50.4111
562.5053,745.8987,39.1272,51.6075
560.7051,746.3521,39.8456,51.5682
559.2841,744.2924,41.1213,51.9117
556.5298,741.5636,41.5872,52.1432
554.8241,739.3174,41.9791,52.9486
554.4741,739.5830,42.3095,52.9519
553.8927,738.5420,42.9463,53.2627
553.7313,736.4822,42.8371,54.3309
553.6951,734.9550,42.3562,55.4725
552.9725,734.7291,41.7521,55.9632
551.2897,732.7552,41.8575,56.4529
551.7578,731.1041,42.4930,56.1588
550.9092,729.1669,41.6507,55.5818
553.5660,727.8871,42.9925,56.3717
553.4471,728.9305,44.3606,55.3402
552.7376,729.5768,45.1771,55.5692
551.6707,730.0534,46.0114,55.0335
549.6527,726.8213,47.3531,54.5241
547.9839,721.6542,48.6772,54.8464
545.9669,716.6271,50.9697,55.5179
541.5060,712.8288,50.2003,57.2601
539.0187,708.1537,50.9589,56.2195
536.7131,700.8393,51.7850,57.1815
532.9116,684.9282,50.6729,58.6761
530.9404,661.3978,51.9853,57.8320
534.6431,644.6440,51.5418,57.8654
538.6563,636.3884,50.2455,61.5283
565.0277,602.4448,51.0597,61.4307
582.2515,587.8880,55.8138,57.2526
595.0120,582.9733,56.7842,54.6706
608.5388,587.0143,55.1001,55.5581
642.2121,607.9482,52.7360,56.2560
674.0147,637.1655,51.6376,55.7239
683.0064,651.5265,51.9086,54.9551
683.4775,655.2091,52.5446,56.5438
682.3272,659.3271,53.3599,56.6816
684.6853,662.7386,54.1586,58.2370
687.0526,667.4451,55.1622,57.5442
689.8398,670.2541,54.7400,57.8805
692.1189,675.9976,54.5638,56.8638
693.7709,680.7069,56.4340,55.2852
694.3089,685.7036,56.2888,53.7115
694.9009,691.9063,54.9829,54.4398
690.2235,706.5450,53.2804,56.6533
680.3284,720.8884,54.0342,56.2319
672.2310,733.7620,54.0774,57.9546
654.4265,753.7464,53.9822,59.4150
646.0284,765.0388,53.2690,59.3827
643.3606,767.2579,54.7374,58.1364
642.1155,768.2596,55.3320,56.4588
633.4224,771.9370,58.4176,55.0684
628.3097,775.1089,58.9414,53.9863
619.3055,783.4739,58.5573,55.1324
613.8776,789.0593,60.4641,55.4268
589.1583,804.5248,59.4708,55.5270
564.5849,811.8904,59.1334,55.1530
539.8148,827.4279,61.4252,54.4214
527.5009,828.5967,63.3216,53.9057
519.6919,830.3439,65.0781,55.8254
516.5988,833.6444,67.0615,57.5481
515.0698,834.0583,68.6334,58.5397
513.8082,835.1351,70.2268,59.2953
511.7094,836.4440,71.2172,59.4551
508.7033,835.1965,73.8063,61.2620
491.4668,833.8440,72.4711,62.6916
476.9458,832.0911,75.5188,64.5683
465.3700,828.6399,82.7813,64.0629
463.2375,826.7964,87.9027,67.7771
2
0
0
0
0
1
317.4828,786.5261,52.1536,27.2281
314.4719,785.5256,52.9243,27.9144
317.8965,780.0830,51.4764,28.9027
321.7994,773.3990,51.6219,30.1605
331.7058,766.7059,46.2364,35.2170
341.0973,751.8524,44.5961,36.3861
365.7493,736.3970,44.3827,35.3753
387.6281,719.2508,43.3232,35.8654
393.5604,714.7800,43.9889,35.1215
410.8099,707.7784,43.1584,35.5566
425.2418,707.5442,42.5676,36.0102
442.7346,706.0828,41.8390,36.9066
452.6120,698.1884,40.2508,38.0967
462.6471,681.7336,39.5846,38.4366
468.4454,651.1899,41.1042,38.1664
463.5466,604.3204,41.4681,38.2053
447.6446,564.1292,43.1174,37.9289
419.8264,517.4137,44.0915,39.2069
392.3488,498.0223,44.4900,39.4326
374.7930,488.8536,45.1276,40.2629
355.0918,481.2061,47.1388,40.2529
332.0637,473.0577,46.1094,41.0956
327.0843,469.6182,45.6040,41.6187
316.3202,446.8658,45.1905,41.6081
300.0313,420.0758,44.7176,41.6073
279.9087,371.2135,43.5458,42.4732
268.0867,329.0356,44.5614,43.7849
260.9136,301.2639,45.5209,43.4955
260.0596,294.9944,46.5541,43.7443
261.9032,290.6807,46.4613,44.0019
266.7533,274.0495,45.0436,44.7548
274.8131,253.5733,46.2356,44.6022
297.4535,237.5495,44.9473,45.8863
306.7751,232.8637,44.9171,46.4903
315.5936,232.0314,47.1470,46.2639
315.0812,229.3750,47.5910,47.1092
314.6946,233.6497,47.0869,46.1048
312.2496,241.6087,43.9836,49.2963
303.8068,246.0733,47.1679,48.2119
291.9134,255.1415,50.8661,45.7146
275.8786,267.8048,49.7849,45.7279
253.8386,285.2882,47.7257,46.3640
229.5195,301.1241,47.7290,46.5508
225.4222,303.5846,48.3170,45.6145
226.7706,303.8898,48.7126,44.7879
229.8026,302.8855,48.6076,44.7945
234.5855,300.0862,47.7651,45.2502
237.7067,299.6579,47.1429,44.8169
241.5040,304.1596,47.7163,44.8859
244.1813,317.3825,47.6675,44.7578
246.9966,337.6328,46.4115,44.6192
253.1633,373.7478,46.2665,46.0890
255.1998,419.6876,46.6195,46.5694
248.4783,455.8714,47.3140,47.0393
233.4814,480.2740,47.4967,46.6113
215.0694,489.3708,46.9612,47.7831
201.0184,494.5366,48.5076,45.9150
174.5864,493.4144,49.8557,45.2427
176.0497,498.1184,50.7759,46.0588
173.6810,498.8486,50.8827,46.1239
171.5459,499.0755,51.1121,46.6135
168.6209,499.7183,51.2740,46.6841
167.3451,500.7574,50.2815,46.9147
164.9903,501.9452,51.2119,46.2610
162.7672,503.1032,51.7646,45.2428
161.9141,503.9378,51.9147,44.8747
162.1086,504.0423,51.3507,44.6064
160.4133,504.9728,51.4928,44.3672
159.0109,505.1269,51.4699,44.2286
158.9794,505.3954,51.3504,44.2008
158.4311,504.3809,50.6177,44.6227
159.1418,503.6243,49.9175,44.2260
160.0697,502.2585,49.7608,43.6300
157.6036,503.5821,50.1907,42.9502
157.2118,505.7028,49.5672,42.7087
155.8534,508.7497,49.3237,42.6880
154.6336,511.1444,48.5106,42.5149
152.7686,511.3058,46.9046,43.1659
152.9466,511.1747,45.9503,43.8938
153.1108,510.9003,45.0311,44.5865
154.9165,511.7883,43.8160,44.6422
155.9175,504.5686,43.3005,46.2251
165.1248,504.4647,41.3941,47.3891
164.3746,505.3979,39.9852,48.8713
164.0291,507.1980,39.9459,50.4721
162.9342,507.1774,37.9600,52.8681
162.1875,506.9947,36.6513,55.5736
161.2032,507.1800,36.3886,57.9196
160.1053,505.1225,37.4623,59.1473
158.0139,505.2286,37.9003,59.8025
158.3297,506.0370,37.3872,60.9454
159.2795,505.8688,37.7469,61.2895
162.1680,507.8049,36.0060,60.2798
166.0274,511.0750,35.9761,58.4861
168.9157,512.8339,36.6228,57.4872
170.8706,512.6224,35.5052,57.8743
174.4375,515.0599,34.3589,56.9041
183.3257,521.2834,33.5853,55.9679
185.2012,530.7036,32.7264,55.8165
186.4211,542.9508,32.6647,54.7735
187.4579,544.4612,32.4954,54.3504
187.6690,545.1212,31.9271,54.2889
189.1043,549.8766,31.9547,53.0663
186.7505,567.2601,31.8961,52.9609
185.2187,594.3589,30.8547,52.5284
176.9254,605.3432,31.0872,53.1392
175.3138,605.6337,30.8610,52.6296
175.1626,605.8640,31.0065,53.1704
175.2059,605.2836,30.8125,53.0421
174.6384,604.9533,30.7530,53.3097
175.4787,605.0189,30.5728,53.8118
173.0702,608.2768,30.9568,55.0855
173.5999,606.8580,30.3029,54.0265
171.1764,607.3300,30.1985,53.6446
170.1346,607.3039,30.0657,53.3659
169.9446,609.4049,29.9752,53.7298
170.1385,611.3041,30.2880,54.2747
169.4460,615.2670,30.3295,52.7153
168.0853,614.7383,29.8884,53.3052
167.8036,615.5543,29.6632,53.6257
167.4788,616.6152,29.3283,53.6261
168.0005,617.0800,28.9634,53.9485
168.1230,617.8825,29.1696,52.9771
167.6078,618.7153,29.5922,52.4865
167.8736,617.5283,29.7423,51.8546
168.3643,617.2900,29.7747,51.3988
167.5855,617.8932,29.9059,51.2911
167.9382,618.5604,29.6731,51.4764
167.1847,618.8861,29.9710,51.8651
167.4514,618.6991,29.7122,52.0622
167.7677,616.8069,29.7558,51.6547
168.5351,614.0007,29.2283,51.0391
169.1907,614.0654,28.6932,51.4017
169.6360,614.4207,28.2573,51.6098
171.7332,616.2388,30.5057,49.2976
177.2606,617.4291,31.9769,48.1889
176.4226,622.8429,31.1987,48.2968
175.9528,629.3847,30.4143,48.9880
174.5336,631.8066,30.8739,48.3353
176.1736,633.2921,31.7536,47.2486
175.2032,634.3776,32.4120,46.4121
174.3656,635.5646,33.1531,45.5341
175.0811,635.0933,33.4105,45.0211
174.8527,634.1155,33.8075,44.9097
194.7172,645.3071,35.9162,42.3524
198.6332,647.8681,36.7876,40.5039
206.1547,652.5589,35.6280,41.4067
215.6633,664.0425,35.5405,41.2900
222.5301,668.3524,35.6674,41.1133
244.8769,692.9881,37.4942,39.4310
283.2634,721.9543,38.7929,38.5113
318.7290,744.6326,38.8207,38.5227
321.0572,748.0552,39.0210,38.2393
327.5827,750.9808,39.6682,38.9716
328.7986,752.8133,41.3703,38.1922
339.1090,759.2349,41.7887,38.7488
341.6386,765.0615,42.0307,39.1393
344.2014,765.8252,43.0189,39.0393
344.7094,767.3239,43.3443,40.3089
344.5334,767.7862,43.7679,41.5588
345.7068,767.9658,44.4150,42.0135
357.0746,761.2110,43.4006,42.8077
364.5596,762.2003,43.0384,43.8114
367.2472,759.9174,43.2606,45.7554
369.2563,757.8242,42.9952,47.2573
371.6761,752.5292,42.9604,45.1849
388.6919,744.9198,43.3368,45.1978
404.4504,733.8543,43.9990,44.7155
424.3299,725.7026,43.6687,43.8063
439.8154,718.1897,43.3530,43.2865
459.6614,717.2725,43.6672,42.4119
494.4011,722.1602,45.1507,40.6417
2
0
0
0
0
1
560.7102,821.8551,36.1567,38.5724
551.5675,824.3736,35.8690,37.5265
541.6268,829.9438,36.6895,35.2645
519.5430,838.9030,37.1844,34.3923
487.2973,839.9907,36.8685,34.6177
446.1791,835.1399,36.7079,34.0443
402.3556,830.2053,37.2990,34.3080
376.2464,825.2365,37.6822,34.6325
364.8354,821.2606,39.3620,34.3776
345.4934,815.4963,39.1270,35.3339
324.6192,794.7991,40.7597,35.4459
308.6084,747.2809,42.8659,35.1174
293.2243,713.9443,44.5593,34.4855
291.5349,711.0253,46.1449,33.8363
