1
188.0667,216.3960,42.0505,100.8032
185.9041,215.6168,42.8961,101.9055
184.7631,216.4607,42.8836,102.6271
183.9772,216.3749,43.0152,101.2518
182.2601,219.0051,42.2218,99.1884
180.6739,224.8381,42.0537,100.8662
178.0395,228.9264,43.0940,100.0690
176.5988,231.5542,43.1750,100.1097
177.5078,233.2566,44.3510,100.3942
178.8956,232.4785,45.1815,101.1521
181.6277,233.3049,45.3803,101.3587
181.7337,233.0076,45.2970,101.4112
181.0254,232.0304,45.8104,102.5555
180.0399,231.4071,46.6047,104.2558
180.0679,229.3618,47.8673,105.8095
181.9884,224.5656,48.8220,106.7997
193.1183,210.6835,53.5713,106.2151
193.6892,209.9730,57.5480,107.1625
193.0623,211.9745,58.6433,109.7496
192.3463,210.5119,59.5322,110.7562
194.8385,215.0299,60.7644,111.1330
197.5857,216.4294,61.5737,113.5198
200.9389,219.1835,62.1442,114.7767
208.2028,222.2142,59.9823,114.4005
211.4117,227.8103,58.7788,115.3340
216.3458,227.5392,57.3555,115.7302
218.8609,228.5670,56.9332,115.8068
224.9080,227.8224,55.7039,117.5719
229.6338,224.5137,55.5510,117.4635
235.0856,224.6803,55.3810,115.8452
239.7627,223.4119,55.4586,114.9954
242.8455,223.5001,55.5073,115.1665
247.7727,223.8954,55.6656,115.1418
251.0978,224.2516,55.5764,114.8702
256.1967,223.9118,55.1606,113.9790
260.3699,224.9873,54.9491,114.5537
264.2840,226.0502,55.2651,115.2709
267.8174,227.3425,56.6496,115.0380
271.1505,227.8966,56.3216,115.4109
275.1822,228.5919,56.9288,114.7884
277.5261,230.4060,57.3224,112.7801
280.5741,231.4650,56.6626,111.5094
282.6098,230.5161,55.7595,110.3319
284.3195,230.1560,54.1816,109.2701
283.7326,230.1469,51.7835,109.5140
284.0067,230.2758,50.0751,109.0342
283.4834,229.7279,49.4967,108.1608
283.8520,229.7472,49.1220,108.2273
282.7377,228.1120,49.4934,109.1996
282.1690,227.3704,50.1574,110.8279
280.7233,226.4554,50.8634,112.1726
277.7372,225.2872,51.5569,112.2953
275.9829,223.8144,52.2741,111.7211
274.2358,222.5565,52.8204,111.8839
272.2756,221.4337,53.5371,111.3065
270.2590,224.4351,52.7494,110.4949
268.2794,224.9924,52.0063,109.1906
268.1292,230.0918,52.5169,107.7168
265.6106,231.6899,55.1693,105.9518
260.7167,235.1921,57.0072,104.2548
257.9169,235.6666,58.6178,101.0693
254.7650,237.7560,58.5132,99.2744
250.8079,238.6442,59.3778,97.5778
243.9438,240.2973,59.5952,96.7749
238.0734,240.8818,58.9581,97.3421
233.0018,241.6820,58.3189,96.6924
228.5569,243.2556,58.2218,95.0673
222.7245,244.4413,58.6033,93.6593
218.4811,243.4835,58.6505,91.7280
213.5986,241.4193,57.9522,89.6317
205.6086,239.0953,57.4732,89.8470
199.3143,238.6109,56.8970,91.4080
192.3098,235.2275,56.9315,91.6724
186.2269,231.2992,58.1816,90.8756
178.3949,230.7825,58.7568,90.9407
172.3001,231.1142,57.6131,91.4941
165.2657,233.1236,57.8434,91.7788
160.6774,235.3870,59.0529,91.3137
157.1920,233.8717,60.7175,89.8487
153.2083,232.1555,59.6031,92.2135
151.9258,228.4671,59.1343,91.9865
141.4818,230.1429,61.5990,93.8430
137.4313,228.1641,60.6572,97.6765
132.7978,224.6189,59.6775,100.4655
128.5579,222.5797,58.4406,102.6952
125.7733,221.4810,55.8496,105.2107
123.3254,220.4925,52.4383,108.4764
120.0344,219.8164,49.0690,111.6369
114.7762,219.1230,48.7781,112.3672
113.0313,219.4220,48.2891,110.9651
112.7406,217.8817,47.2953,110.5784
111.1964,217.5125,47.5183,110.8383
109.5769,215.3627,48.0182,109.7536
109.4044,214.7696,49.0500,110.2492
108.2561,213.9711,52.7494,108.4012
107.3765,212.0644,54.6280,108.0824
106.9598,210.7952,54.5101,108.1029
104.8148,210.3490,54.1352,107.9122
103.5655,211.3503,54.3694,107.5982
103.8632,210.9400,53.0473,108.6373
105.9359,210.2716,52.1960,109.0745
108.9985,205.8288,50.2181,107.8262
108.3170,200.9503,50.5624,108.7662
110.4547,198.4324,50.1807,109.2235
114.7261,196.8655,49.9604,110.1121
117.7743,194.4441,49.9923,111.3303
117.7604,193.2153,49.8982,111.4468
119.9856,193.4788,49.0939,111.6071
126.1911,193.4602,48.4923,111.4217
131.7482,194.4791,47.7474,111.5792
136.1414,193.4835,45.5464,112.9764
141.3428,191.3575,44.2010,114.1416
145.5361,188.7844,44.5612,114.2207
147.9421,185.2065,46.0390,114.1731
151.1873,183.2151,47.7094,113.7930
153.7551,181.9741,48.6115,114.3470
155.2254,181.1355,49.5617,113.9894
157.1614,181.6541,50.0845,113.0016
160.8055,181.1268,50.2225,111.8154
164.5080,182.2673,49.8770,111.3281
168.1733,182.0380,50.0479,111.1694
171.4060,180.5327,49.5271,111.2733
174.5750,175.3510,48.8442,109.4180
176.6578,174.6243,49.8856,110.5064
180.9726,173.3748,50.8184,111.1085
182.8350,172.0837,52.0781,111.4860
185.8634,170.8868,52.9050,111.7243
187.9340,170.4921,52.9208,111.3965
191.2121,171.8114,50.5563,110.3641
195.1058,172.2191,48.0013,109.2388
198.9005,172.4120,46.1641,108.5951
201.7437,171.5806,44.0121,109.1785
204.1982,169.5511,42.9434,109.3933
206.2278,167.1714,43.2688,109.8426
206.8977,164.8553,44.6107,109.6518
207.5471,163.5795,46.2680,110.8533
208.1165,162.5037,47.2569,111.3462
207.8600,160.9472,48.1949,111.3050
208.1656,160.9126,49.7351,111.2497
209.9178,160.8542,50.4338,111.2173
210.6527,160.4347,51.2233,111.2477
213.3399,159.5912,50.9530,110.8418
215.1148,159.4289,50.3203,109.4603
214.8538,161.0026,49.5766,109.0490
215.8418,158.3271,48.5381,107.1645
217.9413,158.6175,47.8869,105.7871
219.8515,159.9157,47.4229,105.6569
223.5831,157.9474,45.8089,106.7213
224.7428,158.7145,44.7472,106.3848
226.9377,160.0224,43.3707,107.2978
229.9257,159.2240,42.4154,107.4581
230.9937,161.3246,42.0910,106.5631
231.7637,161.3539,42.6231,104.5247
234.8863,164.6038,42.9366,103.5467
235.6609,163.0654,44.6078,100.8906
238.6784,164.1728,46.3343,100.2389
239.5629,161.9246,48.6950,99.8607
240.5954,160.0782,50.5952,100.5511
241.6295,159.8551,51.8848,102.2464
244.7692,158.5828,52.3954,102.8600
246.5599,158.0672,53.1493,102.1376
248.1529,158.8708,53.7852,102.8651
248.2890,157.7637,53.1980,100.2903
249.4300,158.5560,50.7149,99.4776
254.9845,157.5572,46.5603,101.1721
259.3157,154.3828,43.6417,101.7173
262.7356,155.5298,42.0168,101.6012
266.0174,155.9770,40.5006,100.7864
267.7116,157.6032,39.7113,98.7966
270.2363,158.0435,39.3876,97.0087
272.9476,159.0339,39.1763,96.0283
274.7669,159.8048,39.8162,95.6526
274.1763,159.9296,41.6029,95.6474
273.9043,160.1267,44.0643,95.1020
274.0731,159.4350,47.0453,95.4782
273.3390,158.2393,49.9231,96.2243
272.5105,157.0614,52.2859,97.5552
271.2428,156.8733,53.7842,98.5776
270.7705,156.1076,55.0338,100.1350
270.8005,154.9581,55.5742,100.7742
272.3275,154.7922,55.2817,101.0537
274.8205,154.0988,54.4149,101.1119
273.3834,155.5178,54.3385,99.9569
274.5912,150.7630,48.8595,102.1160
275.2971,149.7460,44.5772,102.3413
276.2345,149.2378,41.4339,102.1509
278.1707,148.0089,39.6301,101.6036
278.9999,149.6257,38.2551,100.4982
279.6564,150.4203,37.5252,99.2050
279.6067,151.3563,36.4994,98.6316
278.4684,153.0930,36.2150,98.3605
277.9998,155.8898,36.4104,97.1875
279.1438,155.9892,37.0159,97.5108
279.3899,156.1559,37.5940,97.3161
279.5941,156.7746,37.5628,97.6576
279.4095,157.0778,37.9503,98.2405
279.1231,156.9123,38.3662,99.2148
279.1366,156.6777,38.2354,99.5383
280.3798,156.9506,38.4035,98.5539
281.2975,156.6720,37.5825,97.6108
282.0177,156.5517,36.5896,97.8690
281.0966,157.0664,35.7469,97.8319
281.8792,155.6342,35.9476,98.0220
282.1050,155.2725,36.9111,99.7071
282.2857,153.1890,38.3766,101.7104
281.1462,153.8351,38.8939,103.9892
279.7754,154.6815,40.1460,105.3462
279.3208,159.0683,42.2777,104.6687
279.2425,159.0198,43.6254,104.4695
279.2417,158.6980,44.4046,104.9999
279.9536,158.7217,44.9356,106.3684
279.5136,158.7892,44.9838,107.1957
278.9079,159.7881,44.9860,108.0749
278.1212,159.0333,44.4754,108.5459
276.4965,158.8248,42.4877,108.8723
276.1239,159.0207,40.3070,108.9330
276.4665,159.6623,38.6551,109.4227
276.1914,160.8991,37.3305,110.9761
275.9961,160.5412,36.6386,112.1614
277.5168,162.9850,35.7747,112.2283
278.1639,164.3516,35.6946,112.5552
277.9498,165.8941,35.6948,112.0914
275.9344,167.3996,36.3002,111.7064
273.9698,167.7817,37.1429,111.3077
271.3430,168.6678,37.9142,111.4077
269.5431,170.1225,38.7554,111.4938
268.4767,171.2267,38.9279,111.8317
267.4175,172.1474,38.5109,111.8779
266.6373,172.2462,36.8268,112.3704
266.6006,171.3508,35.7103,112.8300
265.0564,170.3699,34.8172,114.1962
262.1768,168.8729,34.5296,114.9663
259.7660,168.4098,34.6916,115.4205
256.9733,168.6148,34.1985,116.5218
254.5320,169.8878,33.7347,118.0977
253.3449,171.5833,33.3861,118.5831
251.4987,174.0038,33.6539,119.1492
248.3558,174.8219,34.1865,119.5462
246.7526,176.0053,35.0973,119.3951
244.9928,178.9745,35.6426,118.3211
241.6410,180.6312,36.5050,117.8020
239.1064,181.5712,37.2578,115.8671
236.8064,182.6607,38.2831,114.5810
233.2280,184.5932,40.1880,113.5090
228.9323,186.2117,41.8417,112.5136
226.5073,186.3064,43.4582,112.9115
222.4561,185.2104,44.5493,113.5728
221.2388,182.9640,44.9141,114.7718
218.7609,181.9675,45.3537,115.3579
217.3006,182.0144,44.8157,116.1482
215.4209,181.3505,44.0849,117.7109
213.7399,181.9072,43.6234,119.9065
212.0959,180.9769,43.0525,121.6263
210.8679,182.0447,43.1048,122.8594
208.5891,183.0872,43.1646,123.6205
205.9246,184.2549,43.4765,124.6751
203.8961,185.0028,44.7057,125.2467
201.2130,184.9793,46.0711,125.8072
198.0916,185.6732,47.2825,125.6061
195.4856,185.8718,48.0822,125.6318
194.5149,187.5221,48.4839,124.3055
192.4011,188.2741,48.5542,122.6264
190.8682,187.9667,48.5106,121.0470
189.4926,187.0619,48.3328,119.5706
186.7976,185.5771,48.7903,118.0771
185.1025,185.5563,48.5078,117.3813
185.7871,183.7169,47.9722,118.0279
185.8051,182.2639,46.9060,119.1047
185.9517,182.0694,46.1338,121.0673
186.1130,181.6485,45.7460,122.4425
186.1894,181.3653,45.9800,123.1141
186.6484,181.6796,45.9431,124.1747
186.3036,183.3549,45.8880,124.7527
186.5990,184.3521,46.0125,124.5896
188.3377,184.2639,45.6275,123.5979
187.9667,184.6060,45.5431,122.3673
187.7347,183.9281,45.8322,122.1481
186.6133,182.1903,46.1514,123.1100
185.8539,178.8038,46.7260,125.3771
183.8142,174.9205,46.8566,128.8405
181.1580,169.7088,47.4044,131.4819
178.0748,172.6861,49.4480,130.5792
177.2781,175.8234,52.0226,131.2876
176.7479,180.9695,54.3301,131.6974
177.1868,177.0522,56.0031,133.0117
177.5219,178.5176,55.5968,135.0127
179.0174,179.8347,55.5123,135.2959
180.4878,178.9696,54.4790,134.7604
181.1717,179.5362,53.2357,134.1705
181.3343,178.8119,52.0363,134.2532
181.2826,178.4142,51.1840,133.1333
181.6552,177.3647,49.1344,132.1965
181.8916,179.5703,47.7828,131.5244
181.7127,182.0902,46.9933,130.2237
181.9027,183.9867,46.7519,129.2212
179.5425,185.0525,47.3337,128.6711
177.5260,185.8556,49.1504,128.2010
175.2393,187.6956,51.1954,127.0542
174.0505,189.2906,52.3598,125.8215
174.0373,190.1989,52.3521,125.1293
171.1329,193.6579,52.5478,124.8189
167.0250,193.7454,53.1568,126.0648
162.6297,193.2972,53.7815,128.3607
156.1057,193.1621,56.3842,129.4877
151.0597,193.1793,58.0956,130.9404
148.8018,193.4835,59.0523,131.4960
145.3691,193.0815,59.1863,131.7919
142.0483,193.6588,58.8414,131.9800
140.8617,193.8058,57.4588,132.1525
139.6006,194.5644,56.1097,131.1612
138.6929,194.5714,54.6182,131.3892
137.9447,194.2785,52.9242,131.9219
137.5673,194.7106,50.7470,132.4195
137.2912,194.9477,49.3702,133.1759
134.8050,195.8300,48.7869,133.3396
131.2413,198.0661,48.8539,133.0319
127.8832,199.6021,49.8688,132.3407
125.9281,200.6179,51.3863,131.8488
123.6183,201.6240,52.7065,131.7342
123.1314,201.5103,53.5205,131.8732
121.9400,203.0856,53.6442,132.3529
121.3652,203.2822,53.7046,132.3631
121.6543,203.3244,53.3388,132.1990
121.3602,204.0140,52.9527,131.4934
121.0791,203.7295,52.3024,131.2988
121.4664,204.0127,51.7466,130.7973
122.4352,203.9093,50.9375,130.6275
123.0938,203.5524,49.7410,130.7426
124.2542,204.0050,48.7083,131.2050
125.5531,203.9322,47.7577,131.0451
126.9216,204.0845,46.9190,130.4796
128.2779,202.9373,46.0584,130.2418
129.1738,203.6464,45.2267,130.1905
130.5677,204.3864,44.7837,129.9743
131.8266,205.2553,44.2857,130.0016
133.4575,206.1762,43.9066,129.7360
135.0739,207.2987,43.4875,129.3560
136.6050,207.6160,43.0018,129.2290
137.7202,207.1636,42.6786,128.8718
139.3262,207.1697,42.4657,128.1909
140.3140,207.1180,42.5187,128.2238
140.3362,208.2321,42.4229,127.7254
140.3659,208.6029,42.3052,127.8161
140.8795,208.9733,42.4922,127.7764
140.8621,209.4467,42.7653,127.5573
141.5393,210.3140,43.0520,127.1436
141.0072,208.5298,43.1119,127.6802
140.3595,208.8392,42.8662,127.7437
139.9171,209.8204,42.7044,127.8168
140.9600,209.8479,42.7018,127.1685
139.9906,210.2714,42.7505,126.5891
140.5823,209.7313,42.4433,126.2161
139.1447,209.3955,42.2769,126.3543
138.8016,210.6059,41.9872,125.9542
137.9071,208.8835,42.0016,126.7168
137.1130,208.0488,41.9422,127.5919
136.0818,206.8335,41.8610,128.1672
136.6205,208.1117,41.4844,128.2178
136.4284,206.5631,41.5130,129.2037
135.5111,206.3314,41.3759,129.5596
134.8321,207.3004,41.3485,129.0197
135.0188,208.0210,41.2368,129.5925
134.5836,207.7364,41.5081,130.1423
134.7284,207.2302,41.6112,130.5891
135.6106,207.7576,41.4331,131.4249
135.4092,207.5165,41.9204,131.3382
136.3674,207.0664,41.5441,132.2163
137.0512,207.1019,41.4063,132.5904
138.2818,207.3297,41.1666,133.4159
138.9784,206.9062,41.3712,133.5550
140.1313,207.8710,40.8016,133.7323
140.6385,209.7834,40.4840,132.6811
142.7252,210.7389,40.1810,132.2942
143.7598,211.7341,40.1944,131.0398
144.8011,211.1967,40.4408,129.9496
145.2522,211.7313,40.1865,128.8971
146.3438,211.6987,39.8772,127.7626
146.5387,212.6160,39.3806,127.0341
148.1272,212.3917,39.0374,127.2683
148.3288,213.7253,39.0101,126.8977
149.1536,214.6939,39.1721,126.7613
149.3907,215.5942,39.3881,127.1377
150.1003,216.8977,39.8633,127.0057
150.5353,216.9230,40.1055,127.4875
150.9284,217.9022,40.2001,127.6654
150.3511,217.7645,40.7905,127.4814
150.5543,220.6303,41.3717,126.1121
151.0224,217.4740,41.1084,126.4188
151.4721,218.3601,41.3489,125.9790
152.1042,219.9147,41.7231,124.7188
152.4125,221.2924,42.2901,123.6453
152.7135,221.3589,42.5217,123.7672
153.0217,221.5827,42.8069,123.0577
151.9459,222.2013,43.2224,122.4822
151.2408,221.6210,43.8224,121.5673
151.1835,221.8995,44.4253,121.0465
150.0918,223.1292,45.2386,120.6971
150.5484,225.2117,45.8258,120.0910
149.6617,226.9048,46.6508,118.7934
149.3932,223.4990,46.7000,118.9824
148.6924,222.7704,46.8241,119.6315
149.1721,220.7628,46.9508,120.8002
147.8871,220.8272,47.2937,120.6845
147.2477,219.3595,47.6411,120.5997
146.5603,220.0484,47.4908,119.9955
146.8424,220.3696,47.9384,119.3643
147.4891,219.3764,48.4615,119.7983
147.6271,219.1420,48.4060,120.6360
148.8306,219.6627,49.3016,121.1753
149.6679,219.0587,49.7466,121.8820
150.9049,219.1757,50.0323,122.5724
151.6734,217.6995,49.8027,123.7243
152.3229,218.3607,49.5129,124.4575
153.3787,217.4189,49.3936,125.4183
154.1660,218.1396,49.5640,125.7354
155.4685,217.8339,49.9228,125.8713
156.1638,218.0876,49.9984,126.1188
156.7099,218.9688,49.8515,125.5075
157.3966,220.4119,50.2545,124.4463
157.9942,219.1541,49.7162,124.7730
159.1275,219.6455,49.1790,124.9365
160.7889,219.1370,48.4788,124.7444
161.9980,219.0042,47.8250,124.4203
162.5027,219.8608,46.8284,124.2374
163.8176,219.4612,46.0537,124.0612
164.0389,219.7196,46.3578,123.4362
163.9841,220.3844,46.5286,123.4154
165.5967,219.3270,46.0016,123.9305
166.0681,219.7930,46.2453,124.0618
166.5941,219.8690,46.2112,124.6569
168.4876,219.8758,45.6861,125.7582
170.4021,220.0216,45.5663,126.1589
173.6158,219.3238,44.9221,126.3947
176.7179,219.3044,44.3370,126.9707
179.6085,218.4745,43.7882,127.4556
182.0307,217.9094,43.0602,127.4431
184.2571,218.1248,42.7931,127.1106
185.5996,218.4517,42.4806,126.5660
187.5540,218.8295,42.5075,125.4992
189.4225,218.8999,42.1669,124.4885
191.4070,218.7187,42.1701,123.2648
193.3559,219.7238,41.7401,122.8408
194.9375,220.1118,41.4732,121.9367
195.9788,220.3487,41.5494,120.8487
197.5766,219.5902,41.5325,120.0854
199.3726,220.4212,41.5355,120.3518
200.8488,220.5372,41.5946,121.7832
203.1898,217.9783,41.3735,123.1495
205.1149,217.8363,41.1530,124.5985
206.9363,216.4092,40.4573,125.8192
209.4247,214.7527,40.6298,126.6160
210.4692,214.5608,41.0506,127.2377
212.4474,215.2831,41.5026,127.6416
213.4106,215.4315,42.7438,127.5256
216.0521,216.9505,44.1025,126.5566
219.0416,219.4014,45.5354,124.7201
222.8552,221.9608,47.9372,121.8354
225.9371,223.2773,50.3735,119.0164
228.5901,224.1987,52.7240,117.0355
231.2897,225.4901,54.9237,116.3510
232.7555,226.0222,57.3097,115.8841
236.1667,226.1661,59.2034,115.8495
240.3430,225.8897,59.9564,116.4029
245.1374,226.4604,62.0490,115.2390
248.2284,228.6347,63.1882,113.5200
258.5870,226.2332,62.2926,113.2057
259.3846,229.2222,61.9831,113.0038
269.1049,223.2894,59.5408,113.7544
273.5499,227.8653,59.0934,111.6457
280.2491,223.7038,57.6486,111.6445
294.9993,216.5628,53.0121,114.2789
302.3401,217.7910,49.3041,115.9257
309.8569,217.2683,47.2956,115.8541
315.0015,218.3043,47.0022,114.5666
322.9619,219.8534,47.0564,115.2728
329.1667,220.2249,46.7000,116.4973
335.0258,218.9016,46.8114,115.6857
341.8417,217.3775,45.7510,116.2920
369.4252,196.7187,47.3128,116.6411
370.2957,192.6120,48.0033,117.4303
370.5014,192.0033,48.3451,120.3535
370.9985,193.3741,49.7448,122.3490
370.2764,193.0582,51.4582,123.4269
370.0863,193.1432,52.9333,122.2361
369.4243,192.4518,53.7275,120.1479
368.6785,194.9340,54.3556,119.2627
367.3617,197.7746,54.1280,119.3588
366.0030,201.4471,55.0012,118.2844
363.3141,204.6254,56.4470,116.5248
2
0
0
0
0
1
410.2003,212.0359,36.2491,114.0699
406.9403,209.3405,35.7088,114.8254
404.9886,207.4699,35.5480,115.2332
402.6407,204.1540,35.5590,114.3808
400.6957,200.3587,35.6644,113.3524
397.1288,197.0163,35.7725,113.5746
393.5082,196.4488,36.5790,115.2054
390.4193,193.1530,36.1158,115.6107
387.1089,191.4858,35.9621,116.2461
383.7128,190.2887,35.7250,115.9534
379.5784,189.2362,35.8306,115.6090
375.6677,188.2487,36.1128,115.2590
371.9919,187.8893,36.7288,115.1798
368.2985,187.3658,37.3714,114.5654
365.5342,187.1368,37.6243,114.9367
361.6769,185.7326,37.8138,115.6023
358.0737,186.7544,38.7964,114.2916
355.8600,187.5078,39.9260,112.1412
353.6253,188.1240,40.6688,110.0247
351.5128,188.6420,41.3236,108.1838
350.1971,187.8464,41.8660,105.8977
348.4934,186.4832,42.8406,104.3524
348.1308,185.2798,42.7392,103.2717
347.2351,183.2014,42.8844,102.3858
345.5604,182.2461,43.0073,102.1395
343.0871,180.2801,41.8595,102.3439
342.9125,179.6796,41.0820,102.7688
342.8174,177.2627,40.2579,102.9259
344.5416,177.6637,39.3547,102.9265
344.1840,176.8035,38.8320,102.1043
344.8613,178.0136,38.1706,101.8073
346.1299,178.9967,37.5202,101.6538
345.8961,179.1580,36.6046,101.6626
347.0409,178.6687,35.6262,101.0140
346.3765,178.8578,34.6217,100.2935
345.9948,180.5229,34.0540,98.9557
345.3293,182.4035,33.3327,98.1558
345.4623,182.7080,32.8062,97.4586
343.5432,182.1829,32.5307,97.1334
342.9968,181.2259,32.2464,97.8418
342.1687,181.6383,32.1316,98.4219
340.6977,181.8991,31.8438,99.1095
340.2118,182.0723,32.0356,99.3785
339.1436,183.1323,32.6208,98.5719
337.8411,183.8787,33.2237,98.2254
337.1472,184.0808,33.4520,97.6884
336.3764,186.9889,33.5588,96.1280
335.9902,186.4233,33.5868,95.7286
335.8802,188.3282,33.2832,96.0177
335.1191,189.2023,32.9802,95.9339
333.6784,191.0083,32.9502,95.8176
332.4743,190.8735,33.0371,96.5240
332.7751,190.0013,32.5461,96.4507
330.1121,185.6253,32.7236,97.2001
327.5594,186.8557,33.8463,97.2088
323.6447,187.0587,35.2962,96.5614
321.1529,186.1433,36.5836,96.0188
320.2328,186.4640,37.3687,97.3351
318.1582,183.4046,38.0596,98.1113
317.0676,183.4004,39.0214,99.2761
316.8007,183.9545,39.4496,99.9515
315.9042,183.0816,39.3085,101.9607
314.6043,182.2814,39.1700,104.3230
313.3216,183.1924,39.0176,106.7883
312.8811,184.2502,39.3651,108.3317
310.8954,184.6347,39.2738,109.3279
310.2983,185.0135,39.1551,109.5666
309.7003,186.8848,39.9235,108.5727
307.0939,188.0868,41.5206,107.3661
303.5888,189.1441,42.8488,106.1095
301.1416,189.1132,43.4947,105.7785
300.0784,190.5869,43.5703,106.0380
297.2782,190.5092,44.0217,105.2041
294.9639,190.1335,44.1421,105.2015
292.8935,187.3946,44.5158,104.9046
291.7349,185.5695,44.4815,106.5765
290.3996,183.6618,44.2659,108.4093
288.5353,182.7244,44.6509,109.6685
288.7306,181.7287,44.7865,110.3937
288.4696,180.3614,44.5822,111.6416
289.5433,178.7547,44.1982,112.0402
289.9518,178.3556,43.1079,112.6945
291.1318,178.8106,42.0389,112.9407
291.8226,180.3664,41.2407,112.8069
293.1720,180.1420,40.6550,112.4865
293.0849,180.8486,40.5753,111.0261
292.6004,181.6148,41.0550,109.4215
291.3748,180.9011,42.3038,108.6739
289.8126,180.2857,43.3775,108.0779
288.9168,179.2190,44.1386,107.6102
287.5324,178.3154,44.4556,107.9757
287.2220,177.0566,45.0195,108.3265
287.1908,176.4565,45.4502,108.6612
286.5595,173.8755,45.7649,108.9547
287.1250,171.8952,45.8025,109.9371
286.9039,170.8401,46.5352,110.0401
287.3180,169.6230,46.6568,110.2964
287.2454,168.2883,46.9036,110.3061
286.8104,167.4896,46.9289,110.0049
287.3155,167.5897,46.4943,109.1354
287.3253,168.6004,46.3087,108.2980
288.1460,169.5180,46.2552,107.3971
288.9032,169.8061,46.1269,106.5762
289.9193,169.8174,45.8054,106.4439
291.7335,167.7104,44.9122,106.8407
294.0972,165.6395,43.9552,108.3305
297.8651,164.4335,43.2766,110.2466
300.8017,164.7285,42.6435,112.0347
304.4701,165.2420,42.0484,112.8927
306.8029,165.1380,42.1100,112.0470
310.4483,166.7468,42.0161,111.0017
312.9482,167.1597,41.9514,109.8269
315.4189,166.9851,41.6441,108.9569
317.7270,167.3493,41.3742,108.1690
319.9331,166.5033,40.8783,107.5884
320.6849,165.5550,41.3746,107.2907
323.1782,165.1720,41.1164,107.4789
324.2909,164.7820,41.4245,107.5950
325.6696,165.3701,41.9600,106.9929
328.6718,165.1429,41.9518,107.1711
330.5207,164.2206,42.0563,106.9740
332.6822,163.3726,42.4022,106.2497
334.7661,161.9500,42.2936,106.5208
335.9568,159.6695,42.0078,108.4321
337.3025,156.5381,41.8667,110.2115
335.8898,154.7874,42.5527,111.4990
333.4918,151.2727,42.4224,113.9018
331.1701,147.5098,42.3569,118.7602
330.6165,142.3887,41.4949,121.8016
330.2271,138.9746,41.5714,122.3980
329.6674,135.3072,41.2045,120.2004
329.1603,133.5277,40.0296,118.1915
328.7745,136.2119,39.0923,118.5700
328.3238,136.6801,37.9267,118.5915
327.7865,138.3251,37.4818,118.5191
327.8750,139.5314,37.2176,119.0444
328.3113,141.1791,36.7574,118.5193
330.2303,142.9067,35.9977,118.3264
330.3161,146.2412,35.2439,117.4010
329.9329,147.6759,33.9650,115.5351
329.2145,152.5941,33.5215,113.5306
328.9290,156.7028,33.2736,113.9062
329.1433,159.0302,32.8211,112.4990
330.2856,159.4809,32.5743,110.5920
330.8631,159.0072,32.3424,111.8431
331.8273,157.9469,32.5962,113.2939
332.5497,159.2623,32.9785,113.3264
333.3868,160.0492,33.2970,112.9500
334.9461,161.3539,33.3057,111.8872
336.5234,162.5579,34.1480,109.1348
337.3761,164.9589,34.6460,107.6634
339.3055,167.3254,34.8240,108.4878
330.9951,178.8814,35.8124,108.2854
328.5986,171.6189,36.8140,106.5619
328.8140,172.3043,36.5918,106.0000
330.9036,172.7142,34.9780,107.8695
332.4247,172.5219,34.4992,109.4116
333.6624,175.1079,34.1380,110.9184
335.8530,179.4129,34.3859,111.3016
338.0593,195.4580,35.2419,112.6578
308.1106,154.6303,37.8346,111.9928
313.9674,157.8484,38.0500,114.2437
322.5694,167.6280,39.0897,114.3838
327.2408,175.2134,38.7938,112.6873
329.0247,184.3795,40.7078,108.6149
332.2628,187.9565,41.7546,108.4257
340.8242,195.2964,41.6733,110.8663
340.3993,205.7602,40.8747,113.0544
340.8674,207.4020,39.8292,114.7014
341.1726,211.1507,38.0058,115.0168
341.4490,213.7597,37.1594,115.5867
342.0062,213.7224,37.4538,116.5357
341.3121,212.1292,38.2618,115.1703
341.2248,211.7256,38.9663,113.0734
340.9160,215.1857,39.6031,111.0813
341.3470,212.4864,39.5772,109.7658
342.2279,216.5208,38.6964,110.6810
342.6715,217.6042,38.2010,110.6311
343.5858,219.2081,37.4679,110.7093
342.8420,219.3546,37.3746,110.7574
342.6935,216.6567,36.4991,110.5249
342.0911,217.9355,36.4791,109.7332
341.8836,217.2448,35.4776,108.8453
342.5226,216.9191,34.7087,108.4803
343.3486,217.7575,34.3205,107.7624
344.3964,217.7895,33.6972,107.5158
345.4379,217.9545,34.1797,106.5559
346.2556,216.8336,34.2848,106.0469
347.3380,216.4540,34.0964,105.8807
347.6788,215.3882,34.1239,105.4350
348.0748,214.5191,34.2767,105.0920
348.8005,213.9256,33.8495,105.3779
349.2650,213.4671,33.3192,106.1610
348.5315,212.2123,33.7174,106.1558
347.5298,211.8700,33.6704,106.6895
346.6068,211.7664,33.7033,106.7875
345.8488,210.7770,33.5076,107.0752
345.4388,211.6913,33.6298,105.9762
345.0404,213.5500,33.0842,105.0523
344.4455,213.9803,33.0189,104.4552
344.1936,212.5666,33.1334,104.5240
343.5033,211.6156,33.7797,104.8217
342.8406,211.9845,34.8943,105.5677
342.6322,208.6096,34.5150,104.9651
342.8529,210.0916,35.7119,104.0123
341.7482,212.0740,36.7442,102.9461
341.5093,212.6664,37.8004,101.7832
340.0381,213.1745,38.7017,101.5039
338.7475,212.9581,38.9242,100.8000
338.3395,211.0448,38.5883,100.7501
337.8970,211.5137,38.2969,99.7119
337.4199,210.9357,38.1083,98.7125
335.4684,211.7777,38.3288,97.6439
333.3071,211.7605,39.1758,96.3491
331.0270,213.9465,39.6206,94.9749
331.1330,210.1955,39.5086,95.8698
334.1532,212.8002,39.4783,95.4239
336.3781,211.1619,39.2904,94.4610
337.1609,214.6471,38.6299,94.5131
338.3496,212.8671,37.7571,96.0643
338.2696,212.6186,37.2449,97.7438
337.0844,206.4693,36.3104,100.0045
335.5613,205.7625,35.7857,99.0475
332.2108,208.9530,35.5429,97.3947
329.2093,211.1468,36.0257,94.8620
325.6317,212.8388,38.1013,91.9163
322.5740,210.1416,39.2888,89.9148
319.3000,208.1877,40.1849,88.8883
315.1327,205.0392,41.7499,88.9633
