1
337.5042,112.2382,75.4764,14.9474
333.8259,112.3978,78.2510,15.0282
330.4190,112.4200,80.3554,15.4402
325.7257,112.4523,81.9109,15.8344
318.2411,112.3782,82.3464,16.3375
306.8885,112.1317,84.2398,17.0044
298.0610,117.3281,83.2884,17.8425
292.0200,115.3362,78.1764,21.7000
287.8953,117.4880,72.0270,25.8711
277.0652,98.4640,62.1144,36.9816
274.8015,85.1293,52.1191,50.2607
278.0685,78.6074,45.1385,62.3953
278.2474,71.0030,41.0158,71.3907
277.8793,62.5736,38.6035,78.1003
276.3786,48.3439,36.5167,83.1185
274.0362,34.1513,33.9754,84.3992
272.7777,29.0857,31.0353,87.8259
273.8580,22.6637,28.8326,90.8871
274.1497,20.5491,29.0667,91.7298
273.1066,20.6803,29.2590,92.6924
271.3682,20.1168,29.8210,92.7297
271.8185,18.7395,29.4524,92.4290
274.0427,19.4554,30.5039,91.3229
276.0601,19.1173,33.3104,88.9768
276.0620,15.5645,37.4119,85.8200
274.0875,15.2600,42.0391,81.5904
273.3614,15.0548,45.7338,78.6343
271.6010,15.0849,51.1705,75.3353
263.9466,15.5505,56.6996,71.5267
268.2742,11.5317,54.9623,69.3599
272.4453,14.0104,53.3634,68.2221
277.7070,15.9771,49.9101,70.8287
284.5260,16.5415,47.5096,73.8198
283.9102,17.5476,47.6007,75.1395
283.8040,19.1265,48.4065,76.9981
283.0275,18.9890,50.1432,78.5391
275.8698,22.9887,55.2341,76.5785
267.8333,28.8957,55.8767,73.3326
269.3480,26.4661,57.8937,64.8584
268.4070,32.3239,60.1336,59.9131
265.3506,37.1670,60.8388,59.5035
262.5799,40.7553,60.4815,60.9900
259.4059,43.3943,59.7720,63.7365
256.3308,45.7310,58.7344,67.1394
253.6973,47.9838,57.9464,71.3057
250.2178,49.9351,57.4551,75.3091
246.7006,54.4247,57.7126,78.2589
242.6318,57.4489,58.2090,80.9897
239.2804,61.6334,58.3531,83.3979
236.9887,65.9587,58.9047,85.0668
234.8075,70.2658,59.7779,86.0345
231.1894,73.9253,60.1244,85.6124
222.9682,75.8768,59.1657,83.5419
221.4974,80.9132,58.8183,80.6700
224.4551,84.3890,59.0794,77.2943
226.4338,89.1578,59.3196,73.8930
226.7886,99.1335,64.0531,67.6707
225.0975,108.3969,69.0209,63.5970
222.9955,118.2772,68.3357,63.2138
222.7695,123.4900,65.5637,66.9259
219.2099,124.9195,59.7079,73.6666
215.3224,126.0968,55.2282,79.0863
207.1984,130.6041,52.4728,82.6767
205.1870,136.7447,50.7319,84.6158
203.5664,142.6860,49.3007,85.7762
203.9614,147.0458,47.7231,88.2384
205.7851,145.3605,44.5405,91.7434
204.2344,148.5610,44.7327,91.4055
207.1176,153.4086,44.6621,90.7501
210.7238,159.3518,43.3175,89.7311
215.7945,164.7033,41.6734,91.0379
218.4174,170.5107,37.9317,93.9700
220.8011,176.8763,34.7430,96.1261
222.5798,184.7655,33.1614,96.6893
223.2012,191.0944,32.5188,97.3699
225.6820,196.9099,31.7221,97.7613
227.6321,203.5488,31.4897,98.2073
231.1021,210.4669,31.7771,97.0533
233.9064,215.0742,31.6529,97.0578
234.5791,222.2881,33.7792,94.9311
235.5713,231.9190,36.5634,91.5571
235.1037,239.3065,38.4512,89.0176
234.4505,245.9257,40.0493,86.7655
233.1022,251.3241,41.1035,86.5733
232.2572,259.6798,41.5986,85.6773
234.7273,264.5940,41.9184,85.6745
239.7368,266.8958,40.3302,87.5164
244.5932,269.6229,38.1711,89.7661
248.5126,271.1477,36.1298,91.3723
250.9563,274.9888,34.5851,93.0823
253.4841,279.3084,33.4815,94.0581
255.3196,283.2457,32.6908,94.6258
256.9882,288.8362,31.8153,94.4191
256.8184,298.0038,31.8445,92.4755
256.4224,309.6911,32.5562,90.0006
257.1090,314.8927,32.4567,90.3735
258.4338,320.2507,32.5409,91.0737
258.5008,326.4700,33.3032,91.8398
255.6270,333.1067,33.4364,93.6792
252.9681,341.8909,33.6648,93.6544
250.7673,349.6087,34.6113,93.4820
249.6173,357.3673,35.6001,93.0814
249.5551,364.6756,36.8686,92.4559
247.7897,371.3123,36.6468,92.5543
244.7204,375.6939,36.3835,93.5893
242.8447,379.8037,35.9534,94.3966
241.3815,382.8840,35.5227,94.9675
239.7569,386.6974,35.2117,95.5323
237.2502,388.8569,33.9081,96.0390
235.8442,390.2317,33.1073,96.3676
234.8631,391.8318,32.5943,96.3526
234.7944,394.1671,32.1896,96.2173
234.4388,394.9008,31.7587,96.8161
233.3822,397.1184,31.5805,97.4241
232.7099,398.9775,31.4517,98.1587
233.2732,401.9094,31.3360,97.2618
235.8428,409.7210,31.8249,94.9531
238.0203,416.8880,31.3161,94.3042
239.1143,425.0316,30.1579,94.1425
238.9945,431.2251,29.2150,95.5825
239.7198,436.5726,29.3899,96.5359
241.9196,443.3528,29.5133,97.2409
243.5311,450.6707,30.8461,97.9322
243.9765,461.5231,32.8966,95.8286
242.9049,468.2985,34.7927,94.5555
241.3300,476.8805,36.6901,92.5620
243.3416,484.5324,36.5481,92.2516
245.3761,489.5636,36.7336,92.3360
247.2703,495.3643,35.7835,92.5654
249.8613,499.1662,34.9695,93.2200
252.1711,502.8803,33.8293,93.8130
252.7593,507.1107,33.2264,94.0230
252.4480,511.4708,32.9784,94.3753
252.1319,515.2794,32.9927,94.6234
250.7193,517.8988,32.7742,95.5185
249.5426,521.5765,32.9601,95.7776
249.2191,524.2585,32.8368,96.2771
250.3121,530.8131,33.3980,94.2847
251.3936,539.0173,33.5653,92.6093
250.1500,545.1183,32.5349,92.9259
251.9994,553.0176,32.3305,93.5407
256.0026,568.8163,40.7564,82.1732
260.2191,582.3857,50.3876,71.6223
266.2905,583.5486,57.5086,67.2352
279.5603,576.6945,66.5864,59.6931
295.0674,561.3418,73.5886,55.0161
312.4077,550.8280,75.7913,56.6776
327.0960,543.2578,76.7064,58.0378
340.2440,528.9542,79.0579,58.6535
349.6525,518.0482,80.7324,59.2175
359.2605,509.2041,82.7996,59.7795
369.5114,500.4061,84.5530,60.1408
380.6567,493.2285,85.0715,59.4450
403.4920,493.6953,84.7587,54.7284
408.7357,489.6457,84.7479,51.2413
418.2384,488.4767,85.1555,51.3276
426.7034,487.3886,84.7761,53.6155
432.6899,492.4186,78.2532,58.3648
441.3150,496.3062,71.4833,63.7688
451.7608,496.8278,63.0493,71.2679
459.7617,492.8560,54.8904,79.1963
467.1442,493.6971,48.8185,85.1752
471.6034,499.3431,44.7008,87.6782
471.3761,505.4325,44.9733,86.9672
471.3419,511.0362,45.2044,86.3435
473.3865,515.1730,45.7329,87.0702
473.0638,517.9770,46.1701,88.4294
470.6449,521.3627,46.7117,89.1318
474.5316,529.7136,47.0451,87.3442
470.5056,537.9808,46.3406,87.3885
471.5332,543.6090,47.2079,88.1596
471.0477,551.6811,48.4640,88.4476
471.7706,560.8483,49.3853,88.7607
474.1127,569.6058,49.8849,89.5080
476.4599,578.9978,51.2246,88.6505
483.9732,588.9908,52.8920,87.8787
497.2791,598.0989,57.7641,80.1058
495.4360,609.6445,59.4816,73.7222
499.9644,606.7463,57.5128,75.5336
517.1836,590.3742,51.5712,82.3487
518.5334,572.0453,50.2911,88.6241
533.6958,544.8921,47.2769,91.3174
547.3617,526.3193,43.1226,94.5858
550.1511,509.7497,43.3007,95.3803
565.0636,500.6354,46.4219,90.4174
568.7623,489.3401,53.4406,78.1601
567.4518,491.2196,61.7175,69.1895
581.9547,491.9711,67.1938,68.0441
594.7810,500.5862,69.5382,68.0543
608.4975,515.8397,73.1177,66.4666
625.1618,521.6615,73.5937,68.9947
639.6654,529.5670,74.2965,71.7967
647.8738,543.1133,77.9770,71.2601
660.6479,553.2868,79.4091,70.8377
669.3503,560.3949,81.2952,70.8571
681.9774,569.6685,81.2250,70.7206
687.4717,577.9846,81.8806,70.0986
698.5645,586.1852,81.8178,69.7109
704.6988,592.2657,82.0710,69.5036
712.4803,597.8261,82.5513,69.4100
720.6377,602.6289,83.2058,67.8386
733.3825,603.2764,80.4396,66.6796
737.6155,609.9217,82.2918,60.5108
736.4477,618.6924,86.2078,53.7083
743.5554,623.9306,86.8057,49.7832
751.4415,625.4520,85.3217,49.4472
757.9891,624.0920,84.2249,50.7261
762.9279,622.8171,84.4020,52.0525
766.1503,619.1583,85.1842,53.0185
768.3486,615.4922,86.5068,52.4274
772.4694,610.8660,87.1801,50.5340
780.0958,607.6276,87.1560,49.3107
793.1232,608.8658,85.8690,48.5493
799.6596,607.3193,88.4636,43.6893
804.5524,608.3272,93.3000,36.2626
809.7866,609.0931,98.6484,31.3356
817.0682,610.9534,101.1894,27.9529
826.7881,613.0936,101.6069,25.6235
835.6523,613.9966,100.5650,26.2755
848.6953,614.6049,100.0128,25.3329
857.8008,615.0177,98.4890,24.9224
867.5355,616.1748,96.5327,25.8708
877.0907,617.0473,94.9184,26.2939
882.2926,615.1575,94.6121,26.4435
889.5727,612.7750,94.7154,27.0601
901.4131,612.0106,95.5747,26.4436
909.2156,610.2343,95.3640,27.2862
914.9929,607.6938,96.1162,27.9927
921.3966,605.4685,96.9057,27.7415
928.4149,603.4059,97.3143,27.6382
934.4393,601.5797,97.5209,27.7992
939.1946,600.4605,97.6791,27.9903
949.7024,600.2610,94.9169,29.7203
960.3698,599.0373,93.5839,29.6807
965.8399,598.2339,94.2330,27.8661
972.0499,598.6898,94.8490,26.8510
982.1096,599.5591,95.8893,24.7515
987.4514,602.4740,96.4459,23.2653
994.1111,604.5302,97.1535,23.0346
1002.2849,603.9140,97.3096,23.9450
1010.8953,605.8761,96.9180,24.1823
1017.7242,607.5119,96.3484,24.5273
1023.4142,610.4196,95.7550,24.8933
1037.6792,610.4056,92.1575,26.5650
1044.1447,611.8667,91.8218,27.3631
1052.2195,610.6254,92.5193,29.7291
1062.7828,609.8356,92.1526,33.5446
1071.1490,606.9830,92.2464,36.1825
1076.3785,604.6673,93.3500,37.4119
1073.6066,602.2003,96.8526,38.5459
1074.8739,601.0576,98.9568,38.3641
1080.9720,599.6722,100.5838,38.6032
1101.7698,592.5805,102.1338,36.1028
1115.1973,592.0207,100.5575,35.3878
1126.1473,587.2701,89.0673,44.8167
1146.0156,587.3368,74.9363,59.5793
1163.8030,599.2012,63.0988,73.6249
1173.0962,614.0601,59.5530,81.0295
1188.5059,626.5211,51.5539,89.3450
1200.4993,638.8676,46.8515,96.1231
1203.5958,650.9789,43.7947,99.8541
1207.4219,666.1066,42.1745,101.1351
1216.5358,682.5685,45.1342,94.5289
1220.3811,705.1408,60.0015,78.1798
1245.8977,721.6058,72.8114,63.5641
1277.4082,727.6320,84.1645,50.7645
1305.5488,731.8943,89.8841,42.1139
1344.6061,715.1837,77.2500,54.7089
1373.6638,674.0496,66.3940,65.7123
1392.1140,640.5813,64.7590,70.3318
1412.6858,610.9993,64.6538,72.1301
1435.5031,584.9933,67.1667,71.8371
1452.7330,562.7371,69.9093,70.5379
1472.7852,542.3914,71.1717,70.8334
1491.0707,527.2345,71.0346,72.1747
1507.6561,507.6189,70.2592,75.0838
1521.2185,480.5521,63.6997,75.9566
1528.0369,468.9811,61.3089,76.3627
1524.6183,445.8256,64.0387,75.3732
1510.1986,429.0508,66.8230,75.8572
1495.1134,412.5184,68.5821,77.7598
1483.4463,393.9936,69.9599,76.7518
1474.7924,378.3799,69.0991,77.7196
1465.1948,364.6631,66.9506,82.3815
1450.4329,350.4648,64.4113,86.0691
1444.0243,337.2378,63.5340,88.1224
1440.1339,323.6674,64.5164,89.1836
1433.3634,313.1378,66.5882,89.6936
1424.3772,303.8396,67.4051,89.9482
1393.6333,306.9637,75.0008,83.7063
1338.9747,311.3120,85.7761,70.1830
1292.5104,327.4513,93.7602,57.1454
1253.0221,333.6015,99.3002,46.0551
1220.3481,337.6484,102.3208,38.8725
1188.6836,341.3641,103.8732,33.4004
1159.9141,344.3126,104.5268,29.0276
1137.0302,345.8207,104.6968,26.3138
1115.1664,347.1158,104.7427,24.1235
1094.9885,348.1158,103.4022,22.6576
1077.3549,348.5754,102.4637,21.3402
1058.0889,349.2169,102.8808,20.5843
1042.0991,350.1556,102.3644,19.7425
1027.7136,350.8709,101.8076,19.0497
1017.1385,351.3100,101.0768,18.7350
1001.7612,352.3375,100.9533,18.3703
991.0895,352.2681,100.7809,18.0912
981.3525,352.3584,100.2577,18.0513
968.6924,352.5060,97.8377,19.1201
963.5406,350.5692,84.9824,30.1644
961.3454,344.6589,72.6284,41.6665
967.3191,345.2833,67.0443,49.9332
969.5968,347.2560,67.3472,53.7230
971.0644,352.4971,70.1255,54.3745
975.0598,356.2914,73.5263,55.1573
979.7194,361.9288,78.5663,52.9151
983.1000,374.6688,75.6312,54.0634
998.2703,377.9177,66.8865,61.6765
1005.3030,379.1929,59.5506,68.1999
1005.4266,375.1251,56.9421,68.3062
1007.1796,387.1052,60.0601,61.3658
993.0551,387.2964,65.4804,58.8557
968.2802,378.3571,71.3974,55.6298
948.3586,369.6263,78.6412,49.0565
923.1309,362.3674,83.8530,45.8213
899.6801,355.9102,89.1100,38.1008
875.0963,351.3132,94.5204,33.7101
851.3088,350.7157,95.6117,32.5372
831.3249,342.8181,96.5201,31.3792
815.3149,340.2170,96.6386,29.3585
798.2448,339.1239,98.5927,26.1052
788.1428,336.6434,97.9178,25.3343
777.2323,332.2177,95.4360,28.6159
765.9286,327.0859,91.8923,32.6358
740.5407,319.0454,88.4206,33.4835
731.3532,317.2761,91.9781,30.4045
709.5843,316.7009,93.7640,27.1498
687.2805,317.1797,95.7920,25.3163
670.0479,315.7221,97.1441,23.2771
655.7897,312.8957,97.7671,22.5892
638.5598,309.1254,97.6282,23.7950
621.8676,304.8270,96.2094,25.8080
610.3790,301.1358,96.4774,26.7301
597.7206,296.4485,96.2133,27.2709
586.6472,293.4352,96.6503,28.0749
573.6355,290.0073,95.5782,28.2617
564.4921,280.9465,95.5505,27.9378
555.5805,278.5474,94.9903,27.6189
544.7180,275.2258,94.0263,27.1332
537.5999,274.0365,93.6897,27.0599
529.2976,272.1761,93.7188,27.2190
520.8718,270.7862,94.0447,27.4794
510.6942,270.3670,94.4508,27.3255
491.9804,268.2821,90.4849,28.9987
470.9038,268.7106,89.1069,29.0455
435.2393,285.2101,92.0464,26.2118
413.1643,286.6069,92.1890,25.4125
385.2125,295.0350,93.7605,23.8064
364.3772,301.2795,95.9479,23.0147
345.1728,302.6460,96.9934,21.8514
325.8228,302.6566,94.2140,23.9813
315.1683,297.6416,86.6774,30.6820
302.1780,280.8115,75.1771,44.3738
294.9316,272.0114,66.4093,57.3841
287.3452,250.9979,58.0994,70.4389
282.9120,235.8337,54.6091,77.7739
279.2849,218.9992,50.2341,85.6871
273.7260,204.9762,47.3066,90.6770
263.5345,194.5873,44.4296,94.9550
260.8026,184.2009,42.6610,98.0546
258.5662,174.5124,41.9207,100.4550
256.8681,164.4880,42.3287,101.3739
253.4554,153.7243,42.7056,103.2703
248.9193,146.0223,41.8423,103.1521
248.7014,132.9066,43.0160,95.9997
247.8497,133.1470,49.1644,85.2327
245.1313,130.5256,57.4310,74.6585
244.2554,123.6387,69.5587,61.7781
247.4939,123.3693,78.6831,51.5481
256.0587,123.3924,85.5114,45.6981
264.2563,121.5003,89.4672,42.4279
271.2198,118.4708,92.4919,39.5994
279.0901,114.5382,94.5709,36.6614
287.2669,110.9391,95.6675,33.9072
295.9147,108.7016,96.4196,32.0174
303.1986,107.0334,96.7069,30.9016
310.0894,104.9933,96.3211,30.2509
317.9148,103.0799,95.8758,29.3623
326.4979,102.2279,95.1849,29.9113
336.4814,100.8684,94.0444,30.0013
345.7715,98.7051,92.3880,29.5888
354.7673,97.9314,90.9789,30.3708
368.9687,97.3231,87.8715,32.1915
380.8293,99.3700,86.2292,33.2411
386.5524,103.0928,87.0416,32.8871
388.8758,106.6782,89.3818,32.4237
393.0866,109.9352,90.5662,32.2301
398.3911,113.2539,91.6758,31.8534
406.2979,116.1024,92.8838,30.8053
414.2664,118.9072,92.8649,30.4190
