1
337.5042,112.2382,75.4764,14.9474
333.3510,112.8420,77.7464,15.0501
323.9754,113.6061,80.0100,15.4465
320.1389,113.5866,81.4363,15.8271
314.1385,113.4910,81.9319,16.1904
302.5826,113.3553,83.2195,16.7653
295.5601,118.0544,83.0934,17.4080
289.9497,116.1798,78.4693,20.9448
286.1096,118.3868,73.1329,24.7458
276.6246,99.4287,64.1003,35.2576
273.9732,86.8543,54.2137,49.1151
277.1532,80.9876,47.0540,61.4422
277.5880,73.9374,42.7825,70.0818
277.0644,61.7012,39.9263,77.8712
275.8221,48.2710,37.7378,83.3392
273.8564,33.8750,35.6419,85.0354
272.5934,29.9562,33.0015,88.5807
272.5863,23.7932,31.0139,92.0166
272.7148,21.0783,30.3825,94.2398
271.5701,20.3392,30.9560,95.3238
269.1351,19.7992,32.1437,94.9891
269.1008,18.7990,32.4622,94.2354
276.1304,17.2909,33.3789,93.5499
277.8088,16.1435,36.3046,91.8182
275.6664,13.8649,40.5757,88.1644
273.4636,13.9443,44.8580,84.1354
274.3392,13.6513,49.2531,80.1923
271.3297,14.9286,53.4802,77.7999
262.2575,15.7247,57.7198,74.2270
263.1744,11.7667,59.3951,69.6889
267.3866,12.6581,59.1516,69.2080
272.0652,15.8606,56.4682,72.0958
278.1771,17.0597,53.8777,75.6291
282.1159,16.3832,52.3831,77.8557
282.3000,17.4713,52.5212,80.1592
282.6719,17.5280,54.3721,81.5309
276.4313,22.6762,58.1723,79.7037
266.9621,28.2291,59.1782,75.9555
266.6011,23.8538,61.4666,68.0658
265.8828,30.8906,63.2680,63.1079
263.3596,36.2858,63.2820,62.1657
260.4872,39.9674,62.5131,63.4854
256.2635,43.3683,61.3321,66.0686
254.7148,46.3001,59.6253,68.9173
252.0947,48.1777,57.7555,72.8218
249.3150,50.6911,56.9075,76.2395
246.0481,54.0861,56.7877,78.6980
242.7603,57.3076,57.2469,80.9644
240.2239,61.5199,57.4204,83.0482
237.4872,66.0762,58.1661,84.3721
234.7904,70.7914,58.9924,85.2173
230.1339,74.9336,59.6228,85.2754
223.5698,76.0902,58.7085,84.7683
220.9247,81.0928,59.2756,82.1230
223.0163,84.3341,60.3441,78.7067
223.0982,90.9236,64.0538,72.3483
224.6652,99.5211,67.7387,67.3070
222.8190,108.9303,71.7184,63.8660
221.2079,121.9848,70.7069,64.1089
220.4534,123.7371,67.0385,68.8717
216.8488,125.6099,60.4590,75.5763
216.0556,126.2045,53.8810,83.1650
216.4213,127.9881,47.9636,89.9800
216.1750,132.3744,43.9399,94.3880
214.8820,137.1129,41.1818,97.3645
211.8341,142.2755,39.8654,99.0649
209.2783,142.3545,39.8001,99.4879
208.3821,145.0440,40.4597,98.6661
208.2242,150.2726,42.0662,96.3038
210.7143,156.6941,42.5746,94.3964
214.8802,163.2489,41.9035,95.1535
217.6129,171.5847,39.5509,96.5300
219.8703,177.0168,37.2352,98.2868
222.3965,183.9577,36.0751,99.2313
222.7662,190.0915,35.6029,100.2644
224.5713,196.9632,35.0504,100.7473
226.4785,203.3822,34.8583,101.4458
229.7351,210.2624,35.3249,100.5849
232.6262,215.0073,35.4566,99.8274
233.7935,222.7220,37.5055,97.8074
234.0575,231.3660,40.1024,94.8221
233.7484,239.2171,42.5676,92.6834
232.1378,245.5830,44.7622,90.6026
231.6210,251.0634,45.2708,90.5238
230.7110,258.6831,46.6307,89.4998
233.9909,263.8084,46.0653,89.8783
239.0461,266.2075,44.0942,91.8453
244.1099,268.9586,41.5429,93.9886
248.0360,270.1022,39.4147,96.3116
251.1380,273.6158,38.1021,97.8389
253.6780,278.1272,36.9753,98.7935
255.6578,282.2793,36.0524,99.0956
257.1621,287.9838,35.2797,98.5851
256.1729,297.6028,35.0496,96.9110
255.7758,307.8615,35.0256,94.0927
256.4377,314.0948,35.2046,93.9798
257.5739,320.1028,35.3242,94.6021
257.9789,326.4675,35.9092,94.9494
252.1691,333.9076,36.2043,95.6566
251.4019,341.4599,36.1423,95.4676
249.5303,349.5648,37.6135,95.7515
248.9063,357.7463,39.1301,95.6626
247.9639,364.7446,40.8847,94.7965
245.8659,371.7805,41.1240,95.1070
243.2646,376.4032,40.4069,96.3617
242.0973,380.1208,39.6355,97.1174
241.6084,382.4405,39.1926,97.7864
239.7964,385.2014,38.9072,98.3095
237.8294,387.1662,37.6338,99.1822
236.6612,389.5974,36.7314,99.7537
235.5262,391.2744,36.0647,100.2571
234.4569,392.3014,35.5052,100.6614
233.6616,392.4875,34.8557,101.7928
232.7678,394.5632,34.5382,102.4638
232.4896,397.2835,33.3495,103.0740
232.5131,398.9297,32.7840,102.4031
234.8679,406.8418,33.5770,100.1035
236.5569,415.3107,33.8049,98.8876
238.0466,423.2559,33.1872,98.6103
238.5282,429.6418,32.6776,99.4920
239.4233,435.2392,31.8869,101.3580
241.6503,443.0888,32.2427,100.4798
243.5917,450.6907,33.5315,99.5183
244.0427,461.5697,36.3357,97.2567
242.0696,468.8622,38.6024,96.5768
240.7910,476.2086,39.9902,95.3415
242.2123,483.9429,40.4999,94.8326
244.5663,488.9526,39.9523,95.2296
246.5336,494.6694,38.9566,95.7091
248.6806,498.9918,38.0329,96.3539
250.3132,502.9237,36.9588,97.3380
251.3565,505.5486,36.4705,98.0370
251.3182,509.4255,36.3147,98.4767
251.3753,513.2371,36.3546,98.7990
250.7541,517.1194,36.2023,99.3457
249.8250,520.3755,36.3916,99.5635
248.4875,522.7122,36.4559,99.9660
248.9059,529.0470,36.4834,97.6381
249.4905,538.5405,36.7265,96.1655
250.0568,544.5988,35.7917,96.0703
252.0910,552.5665,35.8010,96.7465
251.8273,564.7708,44.0004,85.5695
252.4001,582.8633,54.8641,74.2975
267.1036,581.9429,60.9200,70.0892
281.2793,568.8253,68.9386,62.6521
296.8069,560.5654,74.4588,56.9024
314.0994,549.8998,75.7483,57.7317
329.3828,538.6685,77.1170,59.2473
342.4987,526.8651,78.8027,59.6555
351.7319,518.5947,81.3293,56.8236
360.8653,510.9606,83.3122,55.3763
370.7927,503.7540,84.7046,54.0412
383.4648,496.9323,86.1156,52.4876
402.7748,495.1041,84.8170,49.7632
409.0209,490.7731,84.1222,47.5149
420.2356,489.5027,83.2926,49.3947
428.5055,488.0431,80.6929,54.7273
434.7032,493.0274,75.2127,58.7107
445.6404,495.9720,67.8699,65.2593
453.9759,496.4055,60.2878,72.1948
461.0901,494.0275,53.1060,79.7546
472.8055,493.8314,46.3988,86.6103
474.9215,499.5648,42.9958,88.7703
476.3389,504.6004,41.9044,89.7136
475.5640,508.7052,41.4044,90.6737
476.1434,512.2885,42.2472,91.5757
475.1563,515.0236,43.0304,92.9409
473.7520,518.3676,43.1467,94.2522
476.0950,528.1345,45.1791,91.5882
472.4377,537.4243,44.1486,90.0248
471.8747,543.3052,44.6778,90.5190
471.2729,552.1068,47.0457,90.1796
472.9770,564.2806,49.1891,90.3043
475.1877,571.5541,50.5055,91.3350
477.9156,580.7341,54.5676,89.9790
480.0122,590.5383,58.3259,89.0091
494.0682,599.6313,63.0266,81.1828
490.5390,609.8664,64.9602,75.9531
492.0959,607.7844,64.4492,77.5045
517.9177,589.7736,57.1168,85.8973
517.5566,571.3152,55.2608,91.5585
532.1262,544.6282,51.7796,93.6379
544.1943,526.8839,47.1027,96.7781
549.2985,510.6753,46.6425,97.5545
562.3965,499.9010,49.5247,92.4956
567.0786,487.3645,55.7541,80.5666
567.3738,488.7596,63.5897,71.6329
581.9984,491.6977,68.0025,70.1236
596.4482,502.8390,71.4593,69.5001
609.9728,517.2845,74.6924,67.6328
626.3957,523.0808,74.5925,70.1724
639.9194,531.1639,75.1265,72.3034
651.5878,545.4342,77.9671,71.4109
662.1976,554.3544,79.4759,70.6276
672.6384,563.8711,80.9185,70.3774
679.2858,570.8016,81.3051,70.0119
690.5440,579.7228,81.6241,69.7753
699.0398,587.8499,81.8164,69.5630
706.4210,594.4589,82.4210,69.4369
712.5815,599.2339,82.3145,69.7128
721.1744,603.3866,82.8537,68.0861
732.3438,604.2791,80.4856,66.3910
736.0090,613.4449,83.2512,58.8447
734.8551,622.7450,87.6175,51.3872
742.8652,624.5219,87.0381,48.6895
750.4468,626.2642,85.1363,48.7140
758.2484,625.3821,83.7294,50.0155
762.4894,623.5240,83.9567,51.0421
766.9926,620.6742,84.2578,51.2152
768.3983,617.6298,84.9754,50.0327
773.8026,609.2994,85.6521,48.5090
782.8763,607.1293,85.1409,48.1398
793.3143,608.9225,84.3406,47.4306
800.9328,608.2997,86.8388,41.2412
808.6105,608.9790,90.3314,34.3028
816.3289,609.5920,93.9857,29.5397
820.6367,612.1729,95.5146,26.1080
832.1272,614.4606,95.7401,23.7613
839.0470,616.5146,95.8160,22.7104
849.5283,618.8997,95.0927,22.2959
857.9100,621.0279,93.3099,22.0364
868.4178,619.5262,91.5382,23.0544
879.4811,618.4147,89.8707,23.8714
884.8077,616.6838,90.3236,22.5611
890.9966,616.9116,91.8752,22.2496
901.2190,615.3332,91.6048,22.7011
909.1024,613.7763,91.1290,23.5264
915.4329,612.0914,90.7421,24.2673
921.1041,610.5470,91.4710,23.8776
926.9548,609.2457,92.0315,23.5018
934.3546,607.5537,92.1242,23.4172
939.3857,605.3636,91.6960,23.8848
951.0665,603.2399,89.0370,26.5201
964.8289,602.1305,88.3495,25.0684
969.8380,601.1540,89.6442,23.0841
974.5026,601.6760,90.7222,21.8746
984.5412,602.1991,90.7694,21.1468
992.7280,604.6694,90.4465,20.8844
997.4644,605.4917,90.6181,21.1385
1004.3815,605.2285,90.0723,21.8392
1010.5318,606.1742,90.0669,21.9349
1016.6785,607.1220,89.6828,22.1399
1024.7051,612.7704,89.7375,22.8042
1038.8748,611.9005,86.9933,24.7658
1043.9923,613.3691,87.6154,25.5789
1052.2659,613.1032,88.4000,27.5168
1066.0791,610.8732,87.4990,31.0744
1073.0358,608.6107,87.2190,33.3439
1076.9098,605.7871,88.5866,33.7291
1073.8362,603.4427,91.2979,34.4229
1073.9413,603.5270,92.8270,34.2601
1088.6041,602.9291,94.8969,33.3531
1105.1084,595.0007,96.6307,32.0534
1121.6771,592.7620,94.1669,32.3386
1131.4949,589.9258,82.8694,42.4867
1149.5103,589.1370,70.5448,56.9771
1169.9454,599.5076,63.3493,67.8567
1175.0793,618.8143,55.6308,78.1423
1189.5016,630.7181,49.2642,86.6858
1200.6268,643.8980,45.1224,93.0099
1204.0868,657.3569,42.4576,97.0760
1207.5422,670.0281,41.6699,98.9582
1216.6260,684.2183,45.2092,92.8711
1219.8912,710.2029,58.9464,76.4545
1247.3364,724.9280,70.6760,62.2704
1276.6757,729.8300,80.0365,50.6176
1306.8923,734.5120,85.7703,41.5141
1340.8156,718.6677,76.1273,52.2260
1376.1066,674.6503,65.7514,63.4825
1392.6174,644.2470,64.1876,66.9625
1416.1516,613.6047,64.8923,68.3876
1433.8569,586.8057,66.3226,68.4884
1455.8837,564.0994,68.2756,67.8292
1473.9857,544.0359,68.9597,68.5798
1490.9382,529.6661,68.8447,69.6544
1509.0820,508.4807,68.1955,72.8117
1522.2109,482.1357,62.7193,74.6525
1527.9382,469.9197,60.9334,75.2933
1525.0148,446.8062,63.1836,74.4453
1511.5079,430.2942,65.7034,74.6966
1496.7644,413.8393,66.9468,76.6818
1484.3392,392.0549,67.8819,75.6449
1474.7928,378.4382,67.8787,77.0679
1461.5603,363.3334,65.9537,82.8602
1453.2073,351.2654,64.2310,86.3097
1445.6584,337.6676,63.6877,88.4013
1440.2690,324.5578,64.8412,89.5832
1432.5670,312.7179,66.3726,89.5395
1424.6750,303.1056,67.2136,88.7913
1386.8046,297.4556,77.4264,75.2869
1337.6433,314.3580,87.0731,62.1100
1288.9525,330.5021,93.8317,49.9451
1253.0509,336.6832,97.8652,40.9293
1219.2581,341.3659,99.6767,34.2402
1191.0128,344.0930,99.6770,29.9773
1163.2236,345.9515,99.9039,26.8615
1138.0880,347.3385,99.4355,24.2200
1116.1659,348.4533,98.6138,22.3257
1095.6666,349.3476,97.2680,20.9948
1080.2239,349.1375,96.1792,20.1072
1063.4688,349.6238,96.1356,19.6242
1047.7423,350.0784,96.0934,19.2556
1032.8491,350.4315,95.9683,18.9219
1019.3192,350.9200,95.3823,18.6675
1005.2905,351.5659,95.2722,18.3832
992.3391,351.8371,94.5442,18.1952
981.2052,352.2494,93.7095,17.9983
970.6298,352.0968,91.3312,18.9091
966.5587,350.4474,79.8682,29.4763
965.1779,346.0130,69.1290,40.4002
970.4763,350.4340,64.4444,46.1057
971.0187,352.1821,64.9042,49.1974
972.1782,355.2500,69.1593,47.8902
977.6067,363.1281,73.1176,46.7342
980.7920,366.6308,75.8457,46.2302
985.7363,377.7231,72.9279,49.8379
1001.0414,380.5089,64.0516,58.6993
1006.7723,381.9750,57.3154,65.3976
1007.6042,376.1844,55.5036,66.9281
1008.0089,387.8624,58.8508,60.6866
994.0865,387.2351,64.3044,58.3878
969.0417,379.7717,69.9494,54.5540
942.6085,363.1635,76.7858,49.7150
922.4915,357.9146,81.8327,45.4084
900.1386,353.5626,86.5825,37.3282
875.6655,352.7716,90.1045,32.6679
852.3967,346.8560,91.2250,30.0994
832.9604,347.0079,92.7975,27.4801
815.3524,341.3980,94.8826,25.1358
799.1782,340.4384,95.6598,23.4492
787.4862,338.7579,95.6736,23.3038
776.8745,335.8380,94.0370,25.3309
765.3610,324.2209,88.7538,32.1877
741.2496,317.6694,85.9727,30.8535
729.1263,316.1969,88.0453,28.3930
710.0850,316.5769,89.7273,25.4879
688.1072,316.3762,90.5885,23.8911
672.1675,315.5517,91.8293,22.3474
657.2913,313.6671,92.8473,21.9088
638.7869,309.7318,92.2678,22.7647
625.3101,305.8949,90.7018,24.2003
611.9326,297.7985,90.0901,25.9350
599.9209,294.9477,89.8675,26.4406
586.7451,292.4533,90.0482,26.4579
573.2108,285.4016,90.1316,25.4399
566.3623,284.4893,90.8155,23.6794
558.0361,282.8348,91.3591,22.3371
546.7768,279.8470,91.5557,21.5962
539.2035,278.6221,91.7788,21.2110
530.5732,277.0805,91.8694,21.1970
522.0642,275.8776,92.1616,21.1665
511.0613,273.6304,89.8576,22.0768
496.5569,266.7987,86.2155,24.5869
470.5293,272.8578,85.4634,25.2708
439.1680,286.6608,86.9165,23.6560
420.1015,287.0756,85.7662,23.6695
394.3697,294.3045,85.5313,22.6599
369.6057,301.0309,87.4851,21.5904
352.8928,302.1876,88.3380,20.5563
330.4865,302.4661,86.7609,22.5289
316.0192,297.9648,81.0379,29.6230
303.8442,283.1558,71.1131,42.2069
295.2499,273.0341,61.6890,55.3263
290.3880,255.7960,54.8150,66.6520
284.7633,238.7692,50.6768,75.3903
278.6785,222.4437,47.6907,82.7371
271.7667,208.3515,45.1405,88.5227
265.1412,194.4983,43.3806,92.5884
262.6690,182.8133,41.8944,95.9757
259.9573,175.3181,41.8096,98.3501
258.2884,166.7706,42.6665,99.2053
254.5753,157.3964,43.4761,100.7991
250.3340,144.2930,43.0853,101.4827
248.7507,134.7163,44.6817,94.8045
247.4168,132.9615,50.8252,84.8531
245.3328,128.4932,59.2429,73.9942
244.1030,123.6576,70.5564,60.7662
248.4989,123.4386,77.9458,51.0015
257.7281,123.5687,82.9717,45.0209
266.7732,118.6659,86.2402,41.2620
274.1870,118.1031,89.1427,38.1642
282.0927,112.7501,91.1841,35.5027
289.4676,111.5944,92.1737,33.1886
296.7030,109.6950,92.4993,31.6773
304.5426,107.7968,92.8124,30.5576
310.8441,105.8435,92.4505,29.6111
318.2189,104.0183,91.8217,28.6900
327.3323,102.4420,91.3363,29.2145
336.9162,101.1221,90.6136,29.1361
346.8593,99.2146,88.7529,28.6295
360.0165,98.7556,86.2585,30.1247
371.1518,98.0119,83.3672,31.8596
384.9808,104.5991,82.0343,31.6075
388.5780,106.5454,82.8847,31.7102
391.1674,109.5203,85.2407,29.8143
395.5233,112.0327,87.2914,28.6529
405.5019,118.6810,88.0911,28.7283
409.9165,119.4260,88.1839,28.6994
416.2733,120.1424,88.1017,28.6223
