1
341.5625,216.8288,226.9500,156.7086
339.3111,216.5078,224.2950,159.3091
337.6368,215.5236,221.5219,161.5017
338.0652,213.0690,217.9398,164.0412
338.2903,213.1988,214.2165,166.7299
337.5162,212.8409,210.0082,168.0371
337.1503,213.5855,206.1560,169.4910
337.5582,213.2558,203.0851,170.5712
337.5116,211.2398,198.1329,172.7707
337.9618,210.4591,194.0806,175.2834
336.7214,208.3418,189.0054,178.1124
335.9390,206.8482,183.8025,183.4578
334.3984,205.5434,178.9681,187.7072
333.3916,203.7661,174.0359,192.1843
336.4878,201.2841,169.3542,194.6924
338.3912,199.0532,166.5898,195.5395
333.7155,196.1485,164.1135,197.3951
333.3052,196.3692,162.0829,197.9053
334.3488,196.5040,159.2850,198.0340
333.4597,198.5360,157.1888,198.5106
331.0053,197.9720,155.7749,198.4656
330.5868,195.5305,153.9275,199.6636
329.9168,195.2861,152.4477,201.6662
327.9792,196.2442,151.7348,202.0826
327.8494,208.1601,150.9540,201.1675
328.3446,209.5993,148.6993,201.5961
326.4084,216.5824,147.5998,201.7694
324.8929,218.7779,146.9484,201.5916
322.1051,219.2812,146.9106,201.7588
319.9422,220.7454,148.6414,201.8305
315.9889,222.4170,150.0840,201.3137
310.5837,221.7358,151.1207,200.7584
317.6689,221.6643,152.1915,200.2884
308.5685,219.6846,152.6424,201.1599
287.8641,217.1319,154.1836,202.4335
281.9338,217.6434,154.6720,201.9884
295.4756,217.9758,154.3601,199.7838
305.7570,217.0281,153.8233,199.6753
301.2552,215.7409,154.9675,200.7881
294.0960,215.5213,156.5771,200.8183
292.1584,217.1770,157.8800,200.8001
289.3173,214.2861,159.8439,201.2025
288.2278,214.9738,161.9807,200.0069
285.7813,216.0500,163.9477,199.2107
281.7050,216.5398,165.1651,198.4261
282.2906,214.8364,165.3706,198.5642
278.4966,215.0908,166.9532,198.4865
269.1164,216.8130,168.1068,198.7588
264.0555,212.7302,168.3576,199.8156
256.2467,213.0928,169.8868,198.9743
247.2324,212.9093,170.5911,198.8066
239.4997,213.4574,172.2153,198.4566
233.4328,213.8920,173.7607,197.6089
228.8776,214.3071,175.1461,197.6765
222.6732,212.4127,176.5861,198.3206
217.1706,210.9057,177.9571,200.1313
211.7846,208.7351,178.2759,200.8341
205.8304,206.9636,179.7389,202.0210
198.5116,204.7022,179.4789,203.4818
190.3298,201.4554,181.6891,203.7195
184.0312,198.1755,182.7575,204.7913
176.3890,194.2960,183.1947,206.5820
167.6417,186.8783,187.2398,209.8139
163.6215,181.2155,187.3068,213.4460
161.3031,177.3364,189.0147,215.2192
157.5294,170.3500,191.3306,217.8581
158.1750,164.5655,192.1841,218.2772
157.0113,160.4955,193.7677,215.5183
151.3389,157.7609,197.5268,210.8415
143.2184,155.1601,202.9264,204.2142
132.9437,155.6475,210.6629,195.3455
122.7049,153.8289,219.0492,186.1412
117.7368,150.9068,222.5692,179.0676
110.1925,146.7929,231.4735,171.2890
102.3477,145.9109,236.4509,166.1814
98.6798,144.3911,238.4161,163.5303
98.6430,144.4826,238.8377,162.5836
94.7927,145.1505,241.5773,160.2330
90.5847,142.7691,241.4366,159.0508
90.0508,140.5993,242.3659,158.2162
86.9341,137.9604,243.0635,158.1027
87.5232,134.4458,241.7473,157.2811
82.2312,131.0139,244.3600,156.3185
80.1973,128.4417,244.1871,155.1608
79.6610,128.0897,244.1659,155.0993
79.2089,126.3354,244.7345,155.1655
77.5460,126.7724,245.3960,154.6605
87.0497,124.5120,247.0591,156.1271
95.3448,125.3565,246.6957,156.8417
90.8268,124.5930,247.1804,155.6648
89.4400,121.9513,244.6664,156.4158
89.0981,122.3939,245.7046,157.3372
88.8982,123.4474,246.0749,157.0675
91.1898,125.7767,244.4040,156.8196
91.9184,129.4287,246.0632,156.6831
92.8615,133.6098,246.9930,155.9610
91.7330,138.1844,249.3435,155.9352
95.4625,146.6723,250.8020,155.8194
98.3931,158.5573,251.6703,155.3836
101.5597,170.3737,250.8049,154.8102
103.1530,178.0218,250.5392,156.2226
107.7887,186.4752,246.5863,157.7108
111.3770,197.7728,245.2637,157.8106
109.3442,200.7413,245.4617,159.3285
111.3654,210.9540,246.0800,158.2144
116.9227,222.9081,247.0990,157.3257
115.9328,229.2128,247.3596,156.8839
119.3823,233.9703,244.8919,158.1770
118.3322,237.9068,245.1388,158.4517
118.6197,245.6603,248.4991,157.3022
118.9433,248.7454,245.4221,158.3463
118.1232,258.1960,245.1036,157.5832
119.7554,261.3322,242.7126,157.7869
122.4102,269.1698,241.1947,157.4221
125.2986,272.5303,243.2526,154.8356
132.7726,278.0641,241.6005,152.6303
130.4764,281.5627,239.5804,152.5551
130.1323,284.6357,237.1360,151.6570
131.1160,286.3505,237.3291,150.2676
125.2223,286.0623,235.6932,148.1968
123.5234,289.5470,235.4450,148.0444
120.3112,290.4145,235.6665,147.9555
122.8511,290.7139,233.1739,148.2719
121.7829,293.5933,231.4992,145.7812
118.8734,295.5190,228.5705,145.0309
117.0088,299.8899,223.3684,143.7012
116.7988,304.6242,218.4688,142.3400
2
0
0
0
0
1
330.2655,288.3178,215.8232,143.3226
328.9146,291.2115,215.1587,144.1946
327.4131,290.3300,217.8981,142.7083
326.1063,290.2545,219.4851,141.6504
323.4588,289.5190,221.4543,140.2415
324.7617,288.8504,222.3649,139.8858
329.8849,289.9533,220.6366,140.5208
328.4767,289.2131,220.4542,138.5137
324.8829,287.2629,220.9177,137.8010
324.4760,286.4214,220.8081,136.8267
323.6280,284.9905,220.1261,135.9839
329.5723,284.4481,220.1901,135.6078
332.5356,282.0385,219.5556,135.7809
331.3905,279.2360,218.4028,135.5146
335.2604,276.8616,218.1210,134.6339
344.9189,275.4735,218.9266,134.9658
352.9116,287.9772,219.9570,133.7855
351.8164,300.5390,219.9586,134.7357
351.8463,305.7486,220.2816,134.4130
351.9716,304.4512,221.0287,133.7538
351.3679,313.6756,222.3910,132.8218
350.4651,314.3395,222.8680,133.5882
348.3230,315.9423,222.1345,134.1468
346.1638,316.6480,221.7842,135.7423
342.6579,316.9062,221.8694,136.9407
354.9366,318.8438,221.9656,138.5268
367.2533,319.6844,222.4668,139.9433
363.3238,317.3407,222.7403,141.4228
359.5706,316.9155,222.8956,143.1780
357.6906,315.0416,223.0066,144.8761
346.0884,314.2311,224.0223,146.1660
337.0201,315.5737,223.4427,147.0262
343.2133,313.5547,223.9232,149.2632
354.8589,312.3504,223.2406,150.3567
360.5713,310.0498,223.6412,151.3772
346.9878,302.8388,222.9469,152.1346
333.4428,295.4949,222.3165,152.4503
329.2037,283.6455,223.0945,154.4885
326.5370,273.3159,224.0427,156.0463
322.5897,266.3345,223.4324,157.9928
317.8286,269.6007,223.3081,159.5642
318.5333,267.7839,223.9136,161.3479
319.4686,265.2264,224.0585,161.9700
320.7824,257.5978,224.7221,162.8239
333.4741,238.6285,224.4473,165.3527
336.9212,214.7897,225.9700,168.1013
341.0391,185.4218,225.9195,169.9651
346.7849,168.5019,228.0373,170.9118
351.6000,147.4368,230.4223,173.5260
357.0395,122.5041,232.2245,175.1828
349.9720,119.9597,232.8846,176.7242
348.5112,129.6747,234.4857,179.8269
361.2695,128.4243,234.1536,181.3440
377.1240,118.0084,233.4487,180.6052
375.6382,102.1370,235.8911,181.7016
359.5369,86.3765,235.0766,180.8359
348.8694,74.0649,235.4915,181.1950
352.0774,59.4209,236.9838,181.2635
360.2215,42.6314,238.2544,181.9037
361.5771,32.8762,241.2972,183.2355
359.2996,24.6852,243.3338,187.9807
349.7270,21.3200,246.6679,194.0435
342.7646,20.1886,250.4755,200.2604
346.0462,13.8876,251.8452,204.5683
347.2046,7.8395,252.4592,208.4401
345.8346,3.6712,252.9836,210.5433
344.8986,5.3094,254.9465,213.2194
349.1746,3.6178,256.5599,215.3178
354.8821,4.6896,258.8297,216.5536
359.8911,8.4116,263.6378,220.1740
366.8614,13.8325,272.8554,224.3458
378.1484,21.2790,285.1466,226.2130
380.5962,31.5379,300.3242,222.6429
388.4299,45.2148,309.1822,221.7271
390.6366,50.7201,319.5821,223.2591
403.2064,63.5740,320.4664,219.9099
425.4304,55.0570,329.7572,218.7920
435.8146,44.5568,309.5674,233.2734
422.3545,38.2533,300.7461,243.7198
412.2087,30.0678,292.4176,250.6113
417.9337,33.9346,286.7283,253.5067
439.5918,22.4438,281.1624,259.2237
449.4229,20.1454,276.9020,264.7097
444.2670,15.4282,274.1336,268.3539
439.0303,18.1992,272.3214,271.2643
439.7435,14.4715,268.7855,272.1665
425.8650,19.4249,263.8756,270.6325
432.6490,16.8003,264.2677,275.5112
418.4848,18.7581,263.6885,275.1967
426.6545,26.7979,262.7913,274.8023
428.4118,15.6161,263.2432,280.6533
440.2000,24.1849,256.5956,282.1303
440.8357,15.0616,253.5636,281.5017
460.8171,5.7464,251.3107,285.3232
462.6959,4.4160,252.7068,283.9245
459.6425,3.5274,248.5822,284.8345
460.7711,2.3934,252.7586,283.1017
442.7993,4.0970,251.7262,290.4939
460.1481,8.8403,250.5643,285.3635
454.0242,4.2656,252.2121,289.1288
461.1325,4.0164,252.1892,293.0943
450.0955,7.1331,250.0623,293.8866
448.5061,8.6899,246.3722,297.5558
439.0450,5.4922,247.5999,295.4684
452.6642,12.1164,247.8814,302.8721
460.9052,17.4966,246.2842,302.2059
459.1464,20.2806,245.6372,304.7347
466.6326,18.5152,241.7412,306.8202
453.6312,33.9107,251.0618,299.2098
458.7765,33.6720,255.4191,290.4441
453.6068,33.4489,258.7790,296.8357
459.4277,39.4937,257.0405,294.2606
458.3310,32.8416,263.0773,292.8238
475.4107,27.4719,259.4741,295.7338
474.2647,32.7539,259.6473,296.6417
476.2264,37.9215,261.7029,292.6605
480.1027,33.8274,262.9311,292.1178
478.3990,39.6659,263.1473,294.0524
481.2740,37.7115,262.2011,293.2803
477.9220,47.0711,271.2744,288.1035
472.5957,33.5769,267.8860,287.2928
470.0152,29.6305,266.5335,291.5486
467.2026,28.9327,258.9029,287.7596
464.9226,2.1434,258.5407,290.1157
476.3723,2.2606,257.8410,293.0107
472.1740,0.4408,252.6006,293.8745
459.8683,-4.9290,251.9247,295.9431
449.6369,1.5974,249.1084,293.5493
453.7970,-1.2772,252.8776,290.8189
451.6809,-3.9823,250.9140,285.8901
451.7506,-3.5797,249.6638,282.0341
449.8453,3.3374,247.1122,283.0846
449.5864,-1.8023,246.1203,278.9955
459.3841,0.6310,244.8783,276.2749
448.5459,-0.9906,245.6610,270.1390
450.9120,0.5026,250.6256,265.1007
441.9930,4.4467,250.0618,262.4529
447.4994,1.6513,246.6535,260.9194
453.5757,8.7052,241.9501,256.6531
458.1821,2.9906,236.5856,256.9493
456.5764,3.7483,233.6021,257.8515
458.6386,0.0490,231.9784,253.7861
465.6680,-3.0407,226.6813,256.6838
455.3552,0.3794,230.2474,253.6617
460.4532,2.5093,238.5482,251.5144
455.5096,10.2824,233.7857,247.1606
450.2816,5.5307,231.4788,251.4321
450.0138,6.6863,225.8635,252.7088
444.5653,0.1650,220.3438,255.5147
439.1865,3.6330,217.0335,256.6332
433.1096,0.9090,215.1065,257.7216
428.7852,2.2951,213.9800,258.3645
420.6077,3.3178,213.9475,260.8461
415.8109,0.4408,216.5654,259.8840
411.1086,8.5015,214.3769,253.9366
404.6776,4.0974,214.3862,254.4845
389.1062,7.2925,213.7960,254.8082
389.0764,6.3143,210.4481,259.0068
384.1020,8.3847,209.2998,259.3875
383.7204,7.5613,208.4260,262.1745
383.0247,6.0214,205.0882,265.2111
375.2374,4.0609,204.0358,267.3026
369.6437,6.8820,203.2628,266.9585
364.0565,10.9695,201.2319,270.3138
361.0123,10.1585,200.5925,271.5171
359.3522,13.6635,202.0972,275.5932
359.7323,11.3906,202.0828,277.7680
362.6303,15.4675,202.4078,277.0672
368.2842,11.8994,203.6468,280.0440
377.4464,16.6521,204.5633,280.5896
371.5693,11.1999,203.6978,284.4620
367.0504,12.4047,204.1048,285.2179
358.5299,5.7254,207.2680,292.3204
360.3888,2.8084,210.1234,291.6788
343.0546,5.7760,208.4419,290.4562
342.2610,6.2733,209.1718,292.5272
335.9028,8.2005,206.9022,293.8369
328.7500,5.2156,208.9081,296.3772
314.5535,7.3973,209.0749,299.3558
321.5311,3.0342,210.3368,301.5624
330.3262,6.3448,207.6005,305.8721
327.8984,2.3427,207.1612,311.2907
327.3029,4.1046,206.5636,311.4919
323.2856,-0.7766,206.1978,316.8436
331.6504,0.6848,202.0567,323.6028
324.5542,-3.8663,206.8146,326.8071
329.0018,-3.4326,207.9681,324.5421
334.6540,-5.4226,208.9304,328.3757
336.9778,-0.1455,211.1869,324.8476
336.8602,-1.0817,212.9113,325.0043
352.4038,-8.1629,212.5885,327.0745
360.7734,-3.3124,211.5804,323.9026
362.9147,-5.1967,210.8362,324.1220
375.3586,-6.7312,210.4427,325.4950
361.2885,-8.0370,214.6406,327.9806
367.2060,-4.0832,218.9641,325.3514
362.6010,-3.3202,216.3559,324.6755
368.9208,-1.1641,221.5024,319.5568
351.9671,1.7229,219.6742,316.6923
359.6370,0.8748,221.8613,314.0057
345.5955,1.0299,219.6814,311.8502
353.1198,0.6798,217.1929,310.7333
354.8511,-1.6242,213.6103,308.6754
357.7372,1.7341,210.0303,307.4609
365.7360,0.8887,210.6134,309.2332
349.3001,2.5391,215.2600,307.3690
355.6469,4.5347,217.5842,302.6913
353.1320,8.3849,212.3928,298.1995
357.7735,8.4780,214.6873,297.8864
336.5037,8.2141,213.9814,296.4639
343.0709,13.4894,214.2093,295.7808
333.8115,11.8012,214.2098,294.7295
344.5450,16.5141,211.1292,293.3809
343.8108,22.6013,209.8819,288.6562
333.5749,24.7954,210.9103,290.5781
337.0531,28.1927,206.0520,286.1203
336.5266,24.0016,202.8059,288.0951
335.5584,35.5725,201.5195,283.5981
336.2890,35.5979,197.0862,282.7082
337.1514,36.7985,196.0617,282.0588
325.1201,40.5400,195.4147,280.8763
330.6295,38.3120,192.5870,283.0359
324.4351,42.9792,191.3343,279.8453
334.0538,48.0291,193.2005,277.1124
328.1561,52.3651,190.6031,272.3649
316.3891,57.0714,190.7352,272.7464
311.4333,59.3383,188.3445,272.1746
316.8931,58.8969,181.9345,273.9361
316.1869,66.3766,179.5415,270.5337
317.3186,68.9737,178.2190,267.2479
315.7251,74.6376,176.9035,266.6559
310.2406,74.9640,178.2795,265.4565
316.3011,74.7066,175.9181,266.8961
312.3181,79.5622,176.3833,263.9506
317.5843,87.5071,179.0772,260.4929
312.4717,88.2178,177.3256,258.3095
308.9578,94.3015,174.8184,256.2125
304.7093,92.8235,172.1849,254.4653
304.6460,96.7177,167.3084,254.3327
302.5800,108.0747,163.4551,249.0056
305.0829,108.0035,159.2748,247.5381
298.9929,118.4198,156.6475,244.5647
301.5949,123.5788,158.0996,242.4444
305.8861,121.8379,156.1899,242.7010
303.2639,128.2120,154.2984,240.7868
302.2713,137.8515,156.3275,237.0544
297.3348,142.9238,155.5664,232.2002
304.3293,147.7012,152.6739,229.2309
301.1010,150.4797,151.1480,226.9485
301.2156,150.4909,149.5966,228.1547
297.0807,160.2047,146.7606,222.4560
305.1388,158.5647,145.1933,223.8267
293.6411,167.9012,143.9520,220.1676
291.5253,167.1560,143.4870,219.8170
284.9535,171.8531,141.1014,220.0345
272.2964,175.0332,141.5773,218.3914
276.0406,185.3976,143.7088,211.2344
266.6436,187.7832,142.5643,210.2194
257.9713,189.6885,139.4443,209.3388
249.7361,197.8306,137.1063,202.2643
256.1433,192.5272,133.1978,206.2914
246.8856,203.7631,130.9366,199.5453
252.7397,197.8328,132.1680,202.7079
247.8104,205.1624,128.1246,199.1356
242.5741,205.5609,126.5948,198.3708
242.3141,213.2830,126.7203,192.6730
239.1158,213.0838,125.9913,191.9827
249.9898,220.6992,127.6685,186.9101
244.6304,225.2295,126.7275,181.9965
246.2266,225.2514,122.5796,183.5562
240.7204,232.7163,120.4382,177.8055
251.2788,226.7678,120.1158,181.9113
245.3396,237.4056,119.1655,175.8678
252.3597,230.6094,120.1197,176.3263
250.4795,241.3738,121.1694,172.7759
242.5806,240.3327,121.0397,172.7264
252.2539,244.6334,120.0526,172.6626
247.9868,247.2107,122.1302,169.0590
257.9398,250.3117,118.4414,167.1041
252.7961,255.2987,115.4000,164.1360
253.9558,251.0187,112.3559,166.5124
247.8409,260.2365,109.8128,161.6494
256.7705,254.0707,111.4529,163.1537
247.3038,262.3925,112.6671,157.6001
247.8202,257.5170,114.3498,157.2588
248.9116,266.6680,113.2387,152.9161
242.0922,264.1412,115.9301,153.2141
258.3840,270.1351,115.2335,151.2617
254.8582,270.8591,113.4923,148.5925
259.2778,275.8163,107.2479,149.3368
260.7873,281.1471,103.7360,146.5136
275.9141,272.5949,100.9474,152.4510
271.7926,281.0464,100.8846,145.0869
273.3133,271.1573,101.0202,149.4453
272.6245,280.6172,101.2525,144.6377
271.7551,275.0865,100.0563,147.5588
281.6841,284.0319,97.0194,143.3484
279.5560,283.8110,97.6951,141.8727
287.6727,288.4087,93.4911,142.9707
285.1334,288.9984,92.8518,139.3878
288.9487,283.8611,89.8052,141.7552
287.0933,284.9950,87.5675,137.2338
289.2602,273.2451,89.8841,138.1454
282.7218,276.4514,92.3604,132.6020
278.7975,269.9423,92.7357,133.5872
279.0748,273.7561,92.3718,129.4144
274.8311,268.4588,92.5582,129.8494
284.0196,268.4978,91.3053,127.9956
283.5404,263.6291,90.3207,126.3354
278.8211,264.3242,85.7971,127.7295
274.8911,259.6332,82.7744,127.9558
280.6259,252.6815,81.1118,129.8274
279.2059,256.0064,80.1484,124.8118
275.4153,248.4611,79.5881,127.9016
273.8213,249.7846,75.7428,127.2533
272.4898,241.6238,75.3225,128.8062
274.7650,246.7484,74.9472,124.3732
278.1609,242.5868,74.1914,123.8835
283.0341,244.4822,73.5965,123.2412
276.4698,242.0092,73.6938,119.6249
274.5893,242.3045,71.1032,118.9044
272.4793,243.5429,70.1079,116.4413
274.2581,236.8754,71.3325,118.0255
271.3856,239.6064,72.8094,113.4629
267.6645,235.3082,73.2634,114.7620
267.9727,237.4992,71.6760,113.6497
266.8736,234.3136,70.8591,114.6116
272.3112,237.9262,70.4384,111.1600
275.1939,235.4817,70.4271,109.6308
280.5941,237.5021,67.2150,109.0844
277.5743,239.1646,66.5041,107.3517
281.5194,234.6462,64.9602,108.3144
283.7650,238.1012,61.6828,106.1183
280.9174,232.7727,61.1651,108.8184
282.0894,235.0975,60.7364,104.9907
281.3503,231.3377,60.5880,104.8789
277.2730,231.9911,61.1791,102.6283
275.3228,234.0734,61.3069,100.1989
274.2323,230.5481,60.8138,101.3882
268.9868,231.6743,60.5674,98.5307
267.3197,229.9012,59.9219,97.0265
267.5340,230.0555,59.1719,95.3175
268.3999,226.7620,58.3583,96.4632
268.6877,227.1989,58.1510,94.4818
267.6465,222.5497,57.4173,95.8294
270.0910,222.6997,57.6156,93.7970
268.5508,221.3017,58.5263,92.7584
269.3099,218.6702,57.8378,93.7474
270.8072,218.8561,56.2358,93.6415
274.7165,216.1187,55.6471,93.6605
276.9292,216.3566,54.0420,92.2972
280.7697,213.2266,53.0630,91.8245
284.5777,213.9994,51.1974,90.5947
284.4801,211.1080,52.1444,90.6077
290.8434,208.9891,51.7548,89.5082
292.0525,206.5751,54.1153,90.0528
297.7905,206.8117,54.7283,88.2856
301.2584,206.6056,54.9750,87.6834
303.5686,204.5189,54.4153,88.8386
307.8699,204.7419,54.4525,86.1955
310.9967,202.0788,54.2126,85.6625
316.5119,205.5844,52.9018,85.0023
320.6443,205.0160,53.6102,85.0675
325.5745,205.9940,52.9820,83.5640
322.7394,207.1173,56.0534,84.1002
324.8476,210.9509,57.2331,83.5360
330.4344,209.4888,58.9394,83.6472
334.4686,212.4893,59.3018,82.5245
340.5984,214.1146,58.5257,82.1483
343.6993,212.2677,58.1867,82.9530
345.2419,218.8780,57.3319,81.2024
347.9781,216.1846,57.6647,80.9115
347.7857,220.4376,57.3520,80.1309
348.9164,217.7475,59.0545,80.8464
349.8036,216.2051,57.5776,80.7221
346.1096,215.9773,59.5821,80.7824
346.1961,216.5459,58.1798,80.6710
347.0402,218.4942,58.2270,79.8078
347.0990,218.8548,58.8041,79.4895
349.1046,221.1379,57.8027,78.3390
352.2679,222.0488,55.9113,78.1991
353.2710,227.6009,54.7101,76.9873
356.4047,225.2344,54.2897,77.1859
358.3463,228.5815,52.8165,75.8335
358.7122,228.2619,56.1021,75.8186
359.9265,228.4790,55.6655,74.8860
357.5218,228.7866,57.9620,75.0139
357.7056,228.5315,57.5318,73.9911
357.5262,230.2087,58.2943,73.4327
358.8380,227.3707,58.1090,73.3900
360.0027,227.8712,58.2127,72.6090
362.1226,225.4244,57.0041,73.0222
364.5248,230.0055,55.9269,71.3309
364.1461,223.7495,56.2952,72.1028
364.9272,226.0086,55.2764,71.2341
366.1244,223.8534,56.0595,72.1926
368.1239,223.8660,54.7399,71.2651
367.0830,221.8304,55.5320,71.7032
366.9604,221.9911,54.9951,70.5557
367.5125,220.1943,55.2236,70.1523
370.5522,220.0179,54.3741,69.2945
373.2754,219.1906,54.2282,69.1199
378.2755,215.7088,53.3676,69.3377
378.8863,217.9693,52.0808,68.2920
379.0373,215.8540,51.0689,67.7785
379.8786,218.2765,50.0287,67.0238
380.3131,214.0936,50.1195,67.4359
379.4701,215.0485,49.5212,66.6022
375.6518,215.1387,52.3032,67.0862
372.7383,218.8877,54.7460,65.1609
367.4359,220.2193,56.5908,64.7930
364.7618,222.3172,57.5119,63.5396
362.5690,224.2250,59.5223,62.3181
357.3589,220.7520,59.8842,63.5777
354.1963,222.4850,61.4848,63.1905
353.8188,222.4021,58.8100,64.4355
351.0078,224.6651,58.4546,63.5774
351.7377,225.1865,57.0365,63.5736
349.4687,227.4362,57.1925,63.0298
346.6252,222.7448,57.9106,63.2860
345.4707,227.1199,61.0217,61.7119
341.7797,226.8403,64.1599,60.9306
342.2673,228.4608,68.1180,60.1255
342.4983,227.8349,71.4112,59.8119
341.9324,227.8399,69.5992,59.6151
340.4392,229.5446,73.3359,59.6119
339.7520,229.8804,74.3614,58.9170
338.6732,234.2471,74.2515,59.1752
342.5882,232.9454,69.3113,62.7065
343.7589,234.2608,68.2685,62.3691
347.8675,230.3032,65.2328,64.7556
346.3322,230.3983,65.2995,62.7542
349.2218,225.1978,66.3164,62.4983
348.6075,221.0441,67.0575,59.7014
347.6013,212.8151,68.9508,59.5765
352.1102,211.6675,68.7982,56.7770
350.8416,208.2079,71.9381,56.3535
357.7085,210.6433,70.7771,54.9271
355.5865,207.5112,68.9837,56.6745
363.3489,205.4581,64.6060,59.1084
363.0105,205.1859,63.5402,59.0835
371.5575,201.5575,60.5953,60.0871
373.7636,203.5791,60.1474,59.5541
383.0718,199.3389,57.3411,60.9208
384.0236,201.4529,58.1860,58.5462
388.5840,198.6490,57.0706,59.0879
392.9499,198.3755,55.6933,57.9127
392.3881,197.2822,58.0751,56.8497
402.1781,198.3449,57.0200,54.8435
401.4517,200.1506,57.2032,53.4515
404.6789,197.2381,56.1236,55.3897
404.7292,201.0890,55.5761,54.3844
406.1512,198.2760,53.8942,57.2832
407.6150,201.3277,52.0223,55.7609
407.5958,196.6723,50.8796,57.7934
406.3795,199.5450,51.9985,56.1114
407.4751,197.8169,51.2280,55.9548
408.2321,198.5004,50.0540,55.4058
408.1056,197.0171,49.4748,55.4352
411.4348,197.5715,49.3423,54.2811
413.0641,198.6490,48.9330,52.9717
413.9721,198.6426,48.2232,52.4290
415.2988,200.2108,47.4256,51.4029
417.5741,198.1188,46.8418,51.9253
419.3375,196.6688,46.0708,51.4939
422.2756,193.0620,45.4699,51.9539
422.8088,192.3006,44.9625,50.8858
425.5759,189.9417,45.1820,50.1288
427.4446,188.1727,45.0453,49.6455
430.6345,184.2039,45.1329,49.3442
435.4709,180.7068,44.5315,49.1176
437.0191,179.2545,44.3561,47.7474
441.2043,179.3923,43.3750,47.0484
443.6322,177.4473,41.0628,47.3136
447.4215,170.6634,40.4037,47.5110
450.7427,169.3757,38.8291,47.1309
441.3427,162.2477,39.0999,46.8176
434.2554,159.8293,38.9768,45.2157
434.6544,157.6650,38.4912,45.3003
434.2622,154.8925,36.9571,45.4222
432.7313,153.6217,36.2722,44.5822
429.1062,153.3810,35.8262,44.3811
425.1160,154.3664,35.9143,43.2441
419.4955,152.5568,36.6906,42.2343
415.0469,152.6460,36.9734,41.6675
409.9790,150.8077,37.8123,42.3928
409.0769,149.5865,37.1062,42.1620
401.9578,145.8817,37.6704,42.4353
391.8503,146.1900,37.7250,42.1351
383.7392,146.1643,39.2150,41.4361
374.8967,146.6479,39.3366,41.4227
367.2339,145.6384,39.7663,40.8392
365.9537,144.6564,39.2152,41.3230
373.9494,145.9066,37.5858,41.6441
379.1587,143.0434,36.4431,42.0912
386.3935,143.1595,35.7271,42.0451
403.5985,144.7581,35.5059,42.2538
407.6378,144.8279,34.7819,42.4319
399.6285,141.4369,34.8552,42.6366
363.1902,143.5808,35.8064,40.8759
359.7554,142.0341,35.6162,41.1844
349.8936,143.5706,35.8969,40.5797
351.6960,142.6633,35.5973,39.9158
354.9616,143.8417,34.8355,39.2551
355.1050,144.7214,34.2760,38.6072
358.8286,143.0606,33.4987,38.3359
368.2054,142.4901,33.2099,37.7326
378.7420,141.1635,33.5490,37.6356
383.3797,140.8967,32.9879,36.7696
389.1661,140.0426,33.0294,36.4282
389.3895,138.8939,32.0219,36.6823
385.1811,138.1096,31.6374,36.1627
380.3213,137.8542,31.7491,35.7321
374.2678,137.2195,32.0630,35.4748
368.4983,136.8864,31.7763,35.5978
363.5088,138.1122,31.0664,35.6033
356.9221,136.6970,31.2654,36.0837
352.4442,136.2913,30.6767,35.7070
349.9726,138.0083,30.8767,36.0603
343.3607,138.7705,32.9185,35.0953
338.8389,139.9332,34.5284,34.4867
333.7908,141.0518,35.3030,34.0803
336.2333,142.2422,34.3812,33.7305
338.1123,143.0947,34.8207,33.7420
339.7072,143.8022,34.2058,33.6062
340.8623,141.4762,33.1051,34.7686
343.5038,142.5353,32.1244,34.7355
348.4195,141.7360,32.2689,34.6673
352.0182,138.4220,31.6208,34.3304
357.7794,137.8970,30.9227,33.8223
363.6492,137.0931,30.4919,33.6737
368.5489,135.7808,30.1263,33.4968
374.7702,135.5732,30.1471,33.1178
379.3042,135.8514,29.7291,32.5978
382.5691,135.6222,29.7008,32.6204
385.6684,134.8824,29.5684,32.6819
388.6791,134.6205,29.8354,33.2616
391.2646,134.1564,29.3292,33.0105
394.8778,134.8446,29.3676,33.1524
396.3244,136.3580,29.0976,32.4550
401.5358,136.9318,29.5163,31.8037
404.4834,136.8964,29.4560,31.8253
405.7401,135.4312,29.7499,31.4103
404.0911,135.6237,29.2462,31.5954
402.9370,135.6144,29.0395,31.5770
402.2932,133.0660,28.3233,31.9449
400.8913,133.5391,28.4844,31.6337
398.6387,130.5207,28.6730,32.4253
396.6504,132.0844,28.6336,31.7251
395.7137,131.0079,28.2841,31.8947
393.2926,130.2027,28.6170,31.6165
391.1537,129.6097,28.5044,31.2072
390.2031,129.6873,28.4905,30.6726
388.3880,129.1768,28.5968,30.5353
387.6428,129.5046,28.3281,30.4582
386.3667,129.5067,28.4113,30.3803
382.9999,127.5524,30.1909,30.9212
379.5806,130.1100,31.7500,29.5313
375.5806,129.2057,33.6568,29.5463
372.0761,131.8707,34.9312,28.7593
370.2010,133.5008,35.8722,28.2851
366.3265,135.8406,36.9792,27.9222
364.3564,137.6581,37.3575,27.6871
361.4697,138.7541,38.0270,27.6252
359.4336,139.3434,38.7110,27.6770
356.1120,139.1193,39.7903,28.4160
353.2972,141.0167,39.9297,28.4485
352.1114,140.3522,40.4108,29.2680
347.3962,142.0067,39.8791,28.8137
343.4496,139.5781,40.8990,29.9299
338.0419,140.7933,40.6818,29.7098
334.2843,140.5769,42.1735,29.2597
331.0172,141.3628,42.4991,28.7190
328.4368,142.8787,42.8953,28.2165
