1
151.3208,66.0973,44.5280,57.0461
152.0750,64.1485,44.3806,57.8717
152.4038,63.0957,44.1147,58.4931
152.0778,61.8998,43.5734,58.7753
152.1935,61.2770,42.8660,59.1899
152.6555,60.2982,42.4151,59.7710
153.0091,59.2247,42.4763,59.5649
153.3961,58.0942,42.7588,59.2352
153.4095,57.5856,43.1053,58.4637
155.4206,55.8173,42.8543,58.6294
158.3820,53.7420,42.8803,57.9553
161.6046,52.3893,42.3250,57.9980
162.7051,49.1030,42.2184,58.5230
164.4466,46.4244,42.0689,58.5960
167.1496,43.7028,41.6157,59.0693
169.1842,43.6110,41.6781,59.2871
171.5029,43.7299,41.7029,59.2405
175.4523,45.5652,41.1540,59.5051
179.5474,50.1772,41.7490,58.1957
182.6868,53.5264,42.8642,57.8022
185.0609,55.5225,44.4423,57.2680
191.6134,59.3747,44.8135,57.6141
200.1045,60.9005,44.6160,58.0018
206.3260,61.5558,45.0778,57.6614
212.1680,62.4387,45.9500,59.3151
216.8121,63.9391,45.1455,61.5744
218.7331,67.4715,45.8192,62.1834
220.3438,70.0043,46.1259,63.1521
221.3477,72.2330,47.4572,63.2065
221.9969,73.4321,48.0274,64.1272
222.9147,77.3364,49.4460,64.1478
223.5860,81.7580,51.1615,62.9830
224.2384,87.0109,51.5925,62.4546
222.6598,91.0789,51.0460,61.7980
219.7500,93.7208,49.7998,61.7122
211.9610,95.9158,54.1019,58.0089
207.3244,92.6737,55.2078,56.3965
202.0774,88.0471,54.8379,57.6810
197.1348,85.3537,53.0633,59.0762
193.8521,82.1391,50.3907,61.1740
191.5448,79.8110,48.9167,62.8264
190.7696,77.8218,47.9366,65.0225
191.1484,75.7303,47.4891,66.3405
2
0
0
0
0
1
99.3455,38.4235,39.4721,42.5096
91.6688,36.8756,40.4823,42.4934
84.0444,36.9638,40.8125,42.5455
77.8045,37.2272,40.8290,42.8737
71.6653,37.2806,40.6794,43.3896
66.4003,38.2439,40.9878,43.2888
60.8967,38.1832,41.1571,43.7301
57.2593,37.1325,40.8599,45.2668
51.3236,36.5268,41.5443,45.3519
46.6162,36.1796,42.4758,45.9460
45.5464,37.1861,42.3157,46.9874
46.2764,40.8189,43.4900,46.9951
50.3389,45.0071,43.4944,46.1607
55.1380,48.8707,41.9100,45.0308
66.0756,52.0505,40.2754,43.1308
81.5356,54.4224,38.8316,40.8344
95.1322,56.3592,38.8399,40.1039
107.7396,58.8453,38.8624,38.9096
106.2136,61.3755,42.1204,34.7913
2
0
0
0
0
1
214.4584,91.2967,33.5101,49.9546
215.9704,91.4746,33.8608,50.4349
214.8946,89.1988,34.1573,52.2246
212.8416,87.4952,35.1552,53.3364
212.0408,88.2386,35.6320,54.6788
211.3712,87.1380,35.4403,56.8770
211.8019,86.6384,33.9627,59.5737
210.2227,87.2916,36.2040,58.2206
206.6563,86.3444,37.6756,57.2059
203.6308,85.0934,38.3071,56.7383
201.7299,83.1962,37.5326,57.9607
198.3672,82.2935,37.6551,58.9432
195.1526,81.0472,38.1701,59.7349
2
0
0
0
0
1
106.3327,37.2960,49.9873,58.0112
112.5268,37.8487,47.9926,59.6311
121.4329,39.3759,47.0460,58.8797
132.2276,41.3123,48.4904,56.8001
139.6534,46.4657,52.3177,52.9875
145.3563,49.7038,57.4874,46.7500
145.8849,54.0292,57.5382,47.1171
148.8408,56.1080,56.4184,49.0172
150.6305,57.3708,55.5669,51.7395
152.7410,57.6943,55.7938,53.3774
2
0
0
0
0
1
231.8751,107.2302,38.3658,34.9775
234.7663,108.3951,38.4877,34.6864
237.2259,110.6739,37.2635,34.7119
237.7804,113.8126,36.7142,34.3300
237.4114,117.0680,36.8297,33.9376
237.2525,117.5836,36.6843,34.7150
237.3011,117.2807,35.3089,35.7189
236.6102,116.1406,34.4345,36.3857
236.0190,113.5518,34.5988,36.4595
235.6230,111.9639,35.0770,35.8583
232.9889,110.2303,36.4308,35.7569
229.2846,108.0665,38.0510,35.7313
228.1177,107.9027,39.0736,35.3381
227.0844,109.3921,39.7531,34.6260
225.6312,110.4044,40.8058,34.7309
224.8972,112.7250,41.2937,34.2833
2
0
0
0
0
1
119.6322,52.7882,54.0816,55.4879
112.3676,52.1781,54.0108,56.4810
104.9874,52.4326,55.0836,56.6428
98.7788,53.2955,56.2645,56.9752
96.8709,54.6036,55.3848,58.7356
96.8687,55.8708,53.6560,60.1942
100.3288,58.4566,52.7567,60.3202
106.7137,62.7941,52.0208,59.7680
114.0038,66.0777,50.9576,60.2525
120.8789,67.5272,49.5372,60.4279
125.2608,67.6423,48.7353,60.3954
128.5456,67.8759,49.7959,60.5773
128.9979,70.1251,51.7868,60.4195
2
0
0
0
0
1
231.6886,122.7417,36.2319,35.6901
235.4135,123.8907,37.1191,35.2537
237.8695,124.7048,38.4862,34.3721
240.8799,127.1103,38.9809,34.2639
244.6001,128.5360,39.1593,34.0192
246.2664,128.5426,39.3734,33.7897
246.0879,127.2636,38.8134,34.3160
242.7301,124.8489,37.4761,34.6011
238.0978,121.5666,37.3518,35.1147
233.4906,116.6476,36.3759,35.8899
219.6984,102.6968,34.9270,36.2019
219.1562,89.2737,32.2586,38.8516
219.4599,76.7159,29.4806,42.0042
216.2890,75.0241,30.2745,40.8353
212.6547,75.5088,31.7607,40.1118
212.3261,74.6723,30.5587,41.9743
212.6911,74.2102,29.3348,42.8329
2
0
0
0
0
1
219.2150,50.3725,31.0058,28.5212
227.0756,54.7516,33.4917,27.4273
231.3378,59.7582,34.9885,27.4821
233.3965,61.2799,35.1912,28.0921
234.5950,61.7437,35.3005,28.2245
234.4317,62.5659,35.7920,27.7233
234.1389,62.6753,36.3377,26.7807
233.8240,62.2082,36.0407,26.1397
233.4287,62.5203,35.2589,25.8271
231.5401,62.4932,34.4926,25.3927
230.5625,61.1879,32.5861,25.6459
229.6986,60.4366,31.4142,25.4365
227.8084,57.8642,30.3853,25.7197
224.2276,55.7870,30.1023,26.0815
218.8149,53.5094,29.4958,27.2111
211.6951,50.7324,29.2888,28.0734
204.9356,49.5383,28.5093,29.3758
197.8110,49.0532,28.6110,29.7915
191.2801,48.9044,28.2177,30.3758
184.7046,49.0148,29.1725,30.8631
2
0
0
0
0
1
84.8819,38.6380,33.3761,42.2247
77.3003,38.7556,34.2517,41.0096
70.7800,38.7067,34.0702,40.2549
65.1995,39.9617,33.8375,39.3201
61.5624,42.3931,33.4504,38.4609
59.1927,45.7244,33.5152,38.3726
60.4387,50.4305,33.1972,37.8450
62.7192,57.7459,33.0047,37.7149
65.4464,66.5913,32.7492,37.3885
72.1735,76.0019,33.0114,36.6467
77.9835,84.7007,33.7752,35.3669
79.4873,89.9968,37.1194,33.7265
79.6933,91.7884,39.6040,32.7218
80.0802,92.6660,41.0134,32.7946
2
0
0
0
0
1
97.8322,122.5106,44.6704,51.4855
102.0994,120.6359,43.9046,54.1733
106.6569,119.4491,44.3812,55.3950
110.6834,118.4050,44.2837,56.2432
113.0821,116.2774,44.1376,57.1376
115.4813,116.0384,44.6194,56.4359
117.1363,117.6215,45.0193,55.0535
117.1485,116.0791,45.6385,54.7383
117.6510,113.6035,46.3098,55.2874
118.1933,110.2624,46.4652,56.3635
117.9798,107.4815,46.4703,56.9331
119.7534,106.1918,46.7242,56.6828
121.7417,103.0621,46.2055,57.0726
123.2057,101.0385,45.5770,57.6009
125.3905,99.0874,45.3545,57.3749
126.3260,98.2630,45.9976,56.9183
127.7210,95.9193,47.3148,56.5121
130.0591,93.0689,48.3631,55.8164
133.7494,89.7472,48.5151,55.9944
137.4597,85.7633,47.5076,56.5841
141.7194,83.7065,47.1375,56.8154
145.5048,81.7680,46.7767,57.2878
149.4694,80.8839,46.3517,57.6348
153.9655,79.7954,46.1868,57.1502
157.8132,80.0327,46.1406,57.3729
160.4789,79.7085,45.7716,57.0053
159.7264,78.0584,45.6498,57.1252
158.6433,76.6807,45.8860,57.0028
154.9931,74.6055,46.1597,57.8272
149.0119,73.1869,47.2331,57.5133
143.5563,73.3296,49.8659,58.4572
137.6033,73.9982,51.3362,58.7433
131.4718,73.9587,52.0678,61.4211
125.7567,73.1446,52.2857,63.8661
119.6153,75.2374,52.8793,65.0491
114.0437,77.5880,54.6447,64.5083
109.0712,79.3283,56.4850,64.2464
104.6620,79.6333,58.0970,63.6499
102.4826,79.8992,59.3286,62.9890
101.4424,79.9452,59.5128,63.1937
100.5269,78.5321,59.9641,63.7994
100.9085,77.3919,59.2628,64.4817
102.4039,77.6898,57.8953,64.6204
104.0790,77.1672,56.4177,64.9893
104.5246,78.0578,55.7613,64.4823
106.0512,78.1793,55.5491,64.0617
107.1795,78.0927,55.1104,64.1859
