1
342.0400,217.2016,226.9500,156.7086
342.4786,216.7376,224.1583,158.2176
345.1065,215.6211,222.5606,158.6620
343.9296,212.8777,221.3988,159.7329
346.0810,211.1220,220.9270,159.5497
343.3150,208.5795,220.6724,160.5624
343.0814,207.3186,222.0972,160.5845
344.0581,204.9995,221.5457,160.6655
342.2068,203.9957,220.6092,161.1757
343.8409,203.1593,220.5791,161.6196
344.6052,202.5314,221.2252,161.2892
344.5042,201.4543,221.6717,161.6785
345.2151,202.1474,221.6038,162.1022
345.1678,200.7719,220.6436,161.6374
345.4326,200.7660,221.6819,161.0672
347.0227,199.6481,221.3576,160.8277
345.2992,198.6061,221.0367,160.9489
346.0656,196.9933,220.2880,160.4131
346.2910,196.9483,221.0526,160.2944
346.6977,196.9902,222.1753,160.2140
345.3463,197.2311,222.0484,160.4299
346.4913,195.9033,221.8553,160.0509
346.9588,196.8442,222.0093,160.1087
347.5757,197.9680,221.1641,159.6550
347.8382,206.8868,221.0098,160.4251
349.0838,210.0701,221.7661,160.8297
348.9634,216.7601,222.0096,160.6982
349.4728,218.9087,222.5055,160.3741
347.3510,220.1588,222.5219,160.9297
347.1602,222.1263,221.7400,160.8307
346.5848,224.1494,221.8729,160.3005
342.3257,223.3370,220.9101,160.1128
350.3506,223.7018,221.4909,160.3649
344.4409,222.4691,220.4825,160.0492
319.3312,221.5925,220.4161,160.0379
316.6792,219.0135,219.7018,160.2112
330.8570,220.0282,219.4460,160.6526
343.4734,217.2203,219.3918,160.5237
337.7000,217.2959,219.2251,160.8182
332.5822,217.1414,220.1574,160.5257
332.4742,217.3765,219.9608,160.6414
331.0168,217.0337,220.8508,160.1517
332.1446,215.8481,220.9873,159.6393
332.7099,214.9952,220.7783,159.7141
330.3283,215.9751,220.0392,159.8044
332.0762,214.7744,220.3395,159.4070
329.5339,215.2560,220.1136,159.4345
321.8428,216.3326,219.6775,159.2273
318.4897,213.5179,219.5522,159.3655
314.2681,213.3293,219.6501,160.0305
310.4918,212.7933,219.7255,159.3788
306.6588,212.2912,219.9328,160.7546
302.1495,212.1039,220.0576,160.2580
298.8908,212.8957,220.1620,160.1759
294.6837,212.2579,219.3817,160.2900
290.8060,212.6368,219.8628,160.1132
286.8645,211.0150,220.7209,160.2911
282.4909,210.2538,221.0822,160.4397
279.3071,208.7140,220.8446,160.7296
276.4885,207.0250,220.9888,160.6818
273.7082,205.1399,221.0841,160.9921
268.7114,203.3578,220.7955,160.8664
266.7336,200.4569,221.6716,161.1851
267.2899,199.9713,222.1243,161.2042
269.9849,198.7053,221.6017,161.6600
271.7103,198.8888,222.3944,161.3813
276.9052,197.0847,221.5098,161.4147
280.1092,196.7011,221.5701,161.2851
280.0865,195.5159,221.6749,161.1581
279.3707,195.3146,221.7044,160.7647
276.6711,195.0384,221.1549,161.1128
274.7760,196.0582,221.5530,160.5017
274.3928,195.9809,221.2492,160.7147
274.5272,195.5759,222.0614,160.6018
274.0432,194.3452,222.2388,160.7906
272.8575,193.5835,221.3661,161.3093
270.5298,192.8363,221.1393,162.0620
268.8718,192.0585,220.4551,161.8555
265.9156,188.1159,218.9896,161.8145
266.6524,184.4438,219.1935,161.8537
267.4377,181.1732,219.3948,161.3441
269.3570,176.5836,218.8394,161.2011
267.6734,173.0564,218.0410,161.4565
266.9174,170.3484,217.7965,161.6817
268.1341,169.5214,216.8741,161.9410
267.9963,167.6165,217.1893,161.6200
267.7886,166.1214,217.0376,161.1160
279.8100,166.3075,216.5749,160.8494
286.8117,163.4174,215.4738,160.4741
282.1982,162.9585,214.9449,160.0489
280.5460,161.1842,213.3321,159.9032
280.9335,158.5179,212.6349,159.8851
280.8004,160.7136,212.1403,158.8091
283.3058,162.2068,210.8785,158.6619
284.3330,167.1158,210.2658,158.1873
286.9701,167.3975,209.7132,158.0064
288.6220,171.8037,209.1562,157.5963
293.2462,177.9851,207.6264,157.7239
295.4100,188.3481,206.9451,158.4273
296.9936,199.1785,206.7650,157.3108
295.7628,206.3297,207.4505,157.3210
297.7896,214.9183,207.0047,157.3805
299.6869,224.5331,206.5244,157.2773
298.4949,230.4198,207.2005,156.2617
304.0930,238.4264,206.5644,156.7328
309.9550,247.4527,205.6743,156.6584
309.3588,252.9230,204.9384,155.7315
311.6043,254.9320,205.7507,155.8717
313.3374,257.8051,206.5980,155.7905
319.9221,257.9601,206.8580,155.8236
321.1650,263.9540,208.0517,155.7072
322.0336,268.5861,208.4280,155.9142
322.9452,272.6823,209.4595,156.1108
326.0697,278.4440,209.6875,156.6679
332.1234,279.1465,210.0721,156.0341
338.6620,280.3897,211.4260,155.9063
338.2354,283.8144,212.0638,156.1128
339.0164,283.8183,213.2769,156.3230
338.5430,284.5605,214.7346,156.8273
337.0248,285.4162,215.6723,157.2544
335.8201,284.5627,217.7509,158.2328
335.7535,284.5790,218.6108,159.3833
336.5184,282.6020,220.2519,158.9931
334.3932,281.6425,222.5762,159.3694
332.6959,278.7065,223.2593,160.7727
331.4803,278.9802,222.6675,160.4743
330.6596,277.8747,223.9862,160.4471
329.7614,276.2904,224.8087,161.3485
327.4281,275.0388,225.7916,161.9212
325.8785,273.2314,226.5670,161.4012
327.9487,271.3282,227.8190,161.6441
327.1029,271.6585,227.3654,161.4773
328.5308,274.3606,227.5018,161.7827
329.9673,278.7185,226.8712,162.2208
330.1670,279.8751,227.5120,162.4088
329.2568,281.2258,226.2089,163.0144
329.0563,281.2084,225.7059,162.0717
327.6178,279.3496,225.8111,162.3649
328.9496,277.6778,225.6104,161.8048
332.7393,279.1152,224.9638,162.3039
333.6019,279.9454,224.3763,162.5873
331.1746,278.3152,224.3410,162.7319
329.3729,277.8044,223.7005,163.8407
329.6678,276.5126,222.6784,164.0674
333.6436,274.2839,222.1065,164.7885
336.7180,272.0166,222.0724,165.4789
336.1886,269.0111,222.8450,165.6626
338.2859,264.8626,223.5468,165.0552
344.2611,262.4641,224.4199,165.2581
351.6888,271.7186,225.4761,165.3287
351.0927,288.1653,224.7219,164.4383
353.6885,292.5890,224.1361,162.1181
354.8489,292.9321,223.1135,162.2580
355.4326,298.0847,222.3050,161.6744
352.2757,300.1201,222.9231,161.9960
350.8624,300.3174,221.7257,160.8967
348.9450,301.2893,221.5196,161.3593
344.8355,300.6788,221.3550,161.6442
355.2869,300.2977,220.8566,162.0408
366.1034,300.9440,220.8011,162.9865
363.3054,299.5225,220.5190,163.0756
359.2937,298.7401,220.1010,162.7063
359.3597,298.3046,220.9540,162.9759
347.5078,295.0746,221.6933,163.5220
337.7342,295.4725,222.0367,163.4862
343.9602,293.5263,222.1328,163.6327
355.1966,293.5263,222.0234,163.9513
361.7903,290.1908,222.0583,164.7371
349.3061,282.0473,222.2784,164.7081
335.8305,272.8677,222.4471,165.5503
330.4774,260.6121,222.8487,166.0470
327.7336,252.0000,223.4195,166.1424
323.3175,245.1845,222.1587,165.5501
319.6271,251.6352,221.4507,166.1025
318.4372,251.3627,221.5258,167.5309
318.8824,248.0430,220.6161,167.1089
322.0658,241.5653,219.9486,166.8294
334.8212,221.9114,218.3142,166.0428
336.6507,196.3398,217.5784,166.0512
343.7437,170.6087,215.4088,164.6066
349.2596,152.6077,213.9459,164.7933
356.0627,135.1745,213.3376,164.6785
361.7756,111.3812,211.9667,164.3265
358.3234,107.9289,211.2684,163.8768
357.7822,120.4996,209.8593,163.3299
369.5744,118.8583,209.1153,163.7276
388.6380,106.7449,208.5054,163.9988
384.2341,90.5157,208.6924,164.8273
366.0416,74.4666,208.6679,165.1094
355.5278,62.5984,208.1423,165.1416
356.5376,50.4278,206.6587,163.7860
362.4028,38.5594,205.3526,162.5385
367.3914,30.3361,204.6392,162.1824
364.1478,35.8460,203.0697,160.9469
351.5863,46.0912,202.3102,159.7323
348.2010,54.6528,202.1930,160.2474
352.8997,54.4928,201.6284,160.1918
355.0457,51.8135,200.6900,160.1544
353.7305,48.6146,198.8154,159.9065
354.8704,51.4322,197.9801,160.2260
357.1416,52.9287,197.1038,160.7958
364.5095,57.9220,195.8972,160.7799
368.1078,68.2017,195.8812,162.3333
373.9386,88.8725,195.2008,162.4814
378.3156,108.6797,193.7941,162.5112
384.5488,128.2892,193.0221,163.0118
387.4702,146.5160,191.9779,164.2790
379.4256,163.4957,191.4031,165.9483
389.6153,181.6760,191.1079,165.7548
405.0547,182.8695,191.2140,165.8356
403.1003,181.2320,190.7686,165.9786
384.0162,178.9070,190.5851,166.5046
366.8669,182.7072,189.9639,166.7729
365.1240,184.8116,189.2547,167.4653
377.0815,183.0198,188.4185,168.4173
378.3736,180.9149,188.3570,169.7876
368.6059,187.2691,188.0009,170.3831
359.7662,194.5030,187.5313,171.5208
355.3487,197.6296,187.2661,173.4088
349.9851,204.4142,186.7863,174.7511
345.9772,213.9681,186.9009,175.6266
341.7820,220.4480,185.6578,175.2149
342.2483,223.9817,184.8656,175.9688
346.8516,228.4152,184.0009,176.1004
352.6732,230.3279,183.2717,176.2261
358.7530,231.5967,182.2222,176.3456
361.9977,227.6075,182.0590,176.6546
363.5497,225.1704,181.8219,177.5469
367.8893,225.1035,180.8808,178.4502
367.1619,224.1656,181.0299,180.1558
365.0390,231.5882,180.8661,181.0550
372.0880,235.4492,181.0178,182.4527
373.2897,238.5510,180.4765,181.5837
374.5268,240.5402,179.9147,181.6076
372.6499,246.7535,179.0842,181.3817
363.3883,250.6665,178.6981,181.4283
357.3908,256.6980,178.2567,180.7630
364.6173,263.5572,178.4192,180.1753
371.0668,268.4856,178.0864,179.7009
370.1189,273.1313,177.6225,178.3193
370.1665,279.0238,177.6994,178.0346
367.7740,283.1967,176.2121,177.6015
368.8392,285.3153,175.9895,177.5565
370.2478,286.6059,175.1422,176.5703
373.6572,289.8603,174.7258,176.0988
376.0815,290.2962,173.8574,175.7234
379.5708,287.5746,172.6946,176.1672
382.2271,290.5107,171.9745,175.7221
381.0677,287.2834,170.3087,175.6006
383.8882,288.4743,169.8804,175.0182
386.0710,290.1830,168.9293,174.5291
386.1349,289.2271,167.5587,174.9372
386.5898,293.2914,167.0239,173.5341
382.2971,284.5292,165.2066,172.4759
376.1074,283.8783,164.3958,171.5633
368.4302,281.0817,163.1624,170.4234
369.7574,271.1016,162.5447,170.4073
376.4515,256.8927,161.8412,170.7397
375.5024,249.4836,161.5011,170.3052
364.2068,243.7787,160.4434,169.1659
360.3449,239.4481,161.0136,167.5355
367.0546,226.9160,159.3839,164.6639
365.6382,219.5876,159.2797,163.3175
366.2844,212.8798,157.8658,161.9259
368.1986,206.3770,156.7226,159.4487
368.5708,203.3474,155.3434,157.0797
368.8015,195.8701,153.4283,155.7849
367.5902,189.1913,151.2220,153.5980
368.9859,185.9818,149.6749,151.1458
371.7724,181.9811,147.3474,149.7446
374.9279,181.4077,145.4253,148.2797
377.7261,181.3345,143.6004,147.3102
380.2064,182.2228,141.9544,145.9913
379.6665,180.8046,140.8178,145.0445
381.2043,181.3346,139.4130,143.4505
381.7726,180.6477,138.0551,143.1146
380.1412,180.1435,137.4714,142.0735
378.8944,179.9565,136.7653,139.3526
376.2517,181.6756,135.7707,137.2356
373.8019,183.1262,134.9031,136.0602
373.6790,179.7857,134.1425,134.7592
366.7695,180.2538,133.6071,133.1179
360.0535,179.5904,133.4012,132.2711
354.8784,180.0803,132.8899,131.1170
349.7400,180.5679,131.9439,130.3210
348.5582,183.5738,131.2823,129.0048
343.7744,182.1754,130.9252,128.3184
340.8250,182.4993,130.5923,127.6751
340.6270,180.7271,130.1577,126.3738
328.1337,180.9054,129.4807,126.1790
329.1375,184.0054,128.9696,124.8468
323.6463,184.0026,128.7348,124.7591
324.2554,184.6588,127.6682,123.8214
320.4369,184.2481,127.1434,123.5162
317.1665,184.6992,126.2629,122.2049
312.1329,186.4094,125.5553,121.6466
306.2249,189.5399,124.8489,120.2767
304.7420,190.8625,123.6915,119.2403
308.8273,193.4731,123.1237,118.9272
316.4048,195.2645,122.0883,118.2374
323.1186,196.9267,120.9188,118.1227
328.5032,198.1576,120.1227,117.3283
334.8701,197.1792,119.2472,117.1735
333.6920,198.0324,118.4742,116.7086
328.7228,197.1037,117.7198,116.3957
324.0930,198.3764,116.8904,115.9491
319.9182,199.0704,116.2312,115.4419
316.6707,199.9529,115.9762,115.2420
311.4991,198.4542,115.4899,115.3339
306.7760,194.2415,114.6109,116.7427
305.9579,194.0511,114.0907,116.3184
303.7632,192.9143,113.2420,117.2826
307.2148,192.9263,112.6128,117.2542
313.6644,191.6667,111.9701,118.3940
314.4711,190.4471,111.3644,118.8789
315.0140,188.3163,110.6376,119.1893
316.3665,185.3048,110.3244,119.7791
322.1339,183.4521,109.9125,119.9220
327.0555,181.1960,109.4079,121.3699
334.0329,179.6903,108.7082,121.8620
340.8941,178.7930,108.2127,123.1677
343.7284,178.2151,107.6423,123.2739
347.4561,177.2749,107.2684,124.3098
359.3059,177.9368,106.3727,124.1072
366.3110,176.4179,105.9663,125.3037
367.8804,176.4041,105.4374,125.3491
374.3886,175.1970,104.7428,125.1298
374.8233,173.8083,104.3572,126.0260
373.7849,174.7015,103.8928,126.6830
370.7267,173.2426,104.3244,128.3625
368.6485,171.4952,103.6201,128.4630
368.1376,169.3503,104.0169,128.5579
367.0124,168.2811,104.3076,128.3122
365.3491,166.0221,105.2501,128.9286
367.4412,165.8014,105.3617,129.2328
364.4320,164.1485,105.0065,129.8798
365.3403,162.7538,104.4042,130.6704
365.3012,162.6813,103.8563,131.4681
365.4203,161.9810,103.2423,132.8836
363.8092,162.0563,103.6475,132.1581
363.0494,161.7525,104.0229,132.3768
361.7429,162.8914,103.4468,132.6446
359.5868,162.9397,104.2625,132.6073
357.9998,163.5455,103.7424,132.8017
356.3718,162.6494,102.9181,134.8748
355.2463,165.0065,102.8398,133.6826
353.9903,168.1327,102.8508,133.6980
353.2072,168.7155,102.5436,132.5648
351.8500,170.6378,102.7582,132.1487
348.1740,173.1565,103.4182,131.0420
347.1419,176.1490,102.6543,129.9514
346.3042,179.0344,102.8151,129.4526
344.3841,181.0432,102.4655,128.0090
342.6880,181.0641,102.5018,128.1111
339.0578,183.5437,101.8452,127.1949
339.1861,186.0544,100.9208,127.0756
335.4080,188.5463,100.1369,125.5794
332.2126,192.0563,99.4222,124.9441
330.5341,193.0146,98.1705,124.7599
328.9713,195.7622,97.3657,123.7680
328.6761,199.5407,97.2963,124.2943
326.3809,201.2678,96.7704,123.3509
325.3549,204.4978,96.6941,122.9037
323.2065,206.7737,95.9457,121.8620
322.6618,208.3390,95.4991,121.5613
320.0028,211.0872,94.9645,119.8075
319.4358,213.2546,94.2361,119.2239
317.3307,214.0130,93.1599,118.0418
317.8786,217.3605,92.3048,117.5701
313.9110,220.3488,92.7087,115.5362
314.8921,222.3608,91.7877,114.3601
315.0445,228.2372,91.3738,112.6189
311.3842,233.4464,90.5438,111.3186
310.7472,236.7015,90.1662,110.5926
307.5351,241.8991,89.7221,109.2010
308.0670,246.9005,88.7950,108.4300
307.9084,248.6845,87.7562,107.4759
307.0871,253.2049,87.0131,106.4265
305.8836,255.4939,85.6486,105.7444
306.8538,260.0125,85.2516,104.4001
309.3937,263.5366,84.7285,103.5033
307.4471,265.5217,84.2191,101.4596
307.0927,268.7658,83.9976,100.8610
307.1210,271.6140,83.3809,98.9925
307.6040,276.5085,82.9974,97.7337
303.1722,279.2669,82.2862,95.9493
297.1562,282.7555,81.5465,94.7326
288.2249,285.2654,80.3332,93.5930
282.5469,289.4358,79.7558,92.1763
278.5709,289.9219,78.4867,91.4220
274.2666,293.7864,77.5899,90.7459
267.3289,296.8229,76.7538,90.1007
263.3133,299.1915,76.3997,88.2749
262.1083,302.4535,75.9154,87.4155
259.5800,303.0212,74.2730,86.7007
259.8240,306.1367,73.4147,86.1324
259.1733,308.0850,72.6129,85.3389
256.8002,311.2025,72.0684,84.0329
255.6983,311.7179,70.8765,83.5536
256.2406,313.4901,69.9640,83.2771
258.5669,314.0233,68.7348,83.9694
260.3487,317.0498,68.2460,83.0314
260.6252,318.7945,67.6619,82.5811
260.4730,320.8141,67.3817,81.2578
262.2808,321.3704,67.1918,80.5531
265.9664,325.2088,67.1994,79.5248
267.7224,326.6692,66.8356,78.7109
268.1351,328.5353,66.6907,77.6443
267.9446,331.4353,66.2126,77.0201
269.0412,330.7646,65.4476,77.4105
270.3149,332.7382,64.8089,77.3832
273.2979,330.9906,64.1961,77.9577
273.6898,333.2130,63.5265,77.7005
271.5646,333.5393,63.8408,76.9301
272.5272,335.9448,63.5352,76.7062
275.7613,336.8267,63.4676,76.4222
271.9007,338.5599,63.6765,75.6257
273.0043,338.7269,63.5663,75.2108
272.9013,338.7493,63.5303,74.7477
273.4325,339.3738,63.4468,73.7858
275.7255,338.6761,62.7575,73.7234
275.8602,339.9823,62.7846,72.3183
276.9767,340.5587,62.8084,72.0049
279.7114,342.1525,63.1258,70.9520
285.1183,341.5014,63.6196,69.9652
288.1829,344.0815,63.7698,69.0186
289.8829,344.6265,63.8775,68.2562
290.8956,344.8595,64.1537,67.4024
293.3961,345.7776,63.9386,67.1419
299.3795,338.2156,62.2857,70.0628
309.6221,336.6202,56.1844,77.0318
310.0888,332.8499,52.1169,81.3458
309.2635,333.1086,49.3866,84.1467
311.0895,329.8766,47.9456,85.9277
310.6113,327.7972,46.3907,87.1724
310.8854,321.6626,45.3127,87.3691
309.6736,321.3106,44.8094,87.0890
308.9154,315.9849,44.6737,86.5255
309.0388,312.1044,44.3230,85.6783
308.4034,307.9361,44.1018,84.9540
307.5216,305.3698,44.3945,84.1387
307.4853,301.6900,44.1532,83.9404
301.0394,296.4963,44.0753,84.0810
297.9410,294.8627,43.6434,84.1828
298.3891,292.4867,43.4220,83.9462
299.7502,291.5301,43.2590,83.4931
300.6327,288.7242,43.1098,83.5054
296.9284,285.4784,42.6974,82.4955
297.2704,283.0569,42.6260,81.8931
297.8956,283.7102,42.8050,80.8806
300.2950,280.7427,42.4094,80.1136
299.1214,276.5503,42.4624,79.6639
295.4737,279.2580,42.5245,78.8150
292.1627,274.4496,42.1040,79.3206
290.9619,274.8306,41.7864,78.5521
291.1426,271.4278,41.6701,78.2657
292.5601,274.7878,42.1463,77.2116
292.8285,272.6272,41.9827,76.8396
291.2814,269.9793,41.9340,76.0436
290.5455,268.4516,41.4818,75.7170
291.1992,269.1405,42.4205,75.0089
293.5111,267.1108,42.6877,74.2032
295.5186,264.7246,42.8533,73.8183
293.8252,265.4377,42.9566,73.3586
293.8301,266.3238,43.3595,73.3726
296.0667,265.2888,43.4642,72.7958
295.5651,261.5741,43.7480,72.9151
297.6686,261.5417,44.0564,72.3515
296.0908,259.3883,44.6090,72.2902
289.7554,263.9201,46.6504,70.0800
287.8361,259.9461,46.6951,70.3348
280.5768,258.3000,48.3502,69.6983
275.8694,257.0573,49.6727,68.8061
273.8747,253.6484,50.2589,69.1345
273.8670,253.4445,50.5741,68.9484
273.6032,251.3026,51.2900,68.1810
274.4012,251.5916,51.0911,67.5184
274.4311,248.1474,51.8497,67.3344
275.6419,248.2645,51.5826,67.2919
275.2197,244.5480,52.1752,67.3152
272.2371,242.4389,54.2352,68.1098
273.9706,242.2220,53.9422,67.9522
276.3509,240.1297,53.5592,68.4436
280.0351,238.3000,53.0706,68.2399
282.5788,234.6829,52.8090,69.1136
287.8887,237.3004,52.3596,67.5905
289.3789,232.1323,52.8895,67.5893
293.8753,231.8288,52.5632,67.7030
296.7548,229.7046,52.8674,67.6368
300.8673,229.1694,53.0943,67.9639
303.0094,226.1275,52.5659,67.8797
303.8871,225.2424,53.6928,67.4208
309.1421,224.6530,52.8017,67.1636
312.2085,222.3908,52.0319,67.4994
317.8268,223.9132,51.3426,66.7459
321.1645,223.0583,51.3693,66.6215
327.8833,225.6187,50.8888,66.2068
328.7353,225.4147,51.5774,65.8279
334.0017,227.0607,50.8589,66.5037
338.5439,227.6556,50.9624,65.9577
338.0265,228.7495,52.7264,65.6847
343.3452,233.2823,51.6420,65.0491
346.9124,228.6984,49.7638,66.3730
348.5867,233.2000,49.7882,65.4830
353.0324,228.5954,48.5984,66.5606
354.1856,234.9827,48.2587,65.3023
353.6311,233.4189,48.8848,64.6384
353.5283,236.0568,48.2265,63.6527
353.3327,235.0063,48.4160,63.2723
351.0279,235.3894,48.7745,63.3797
352.4765,235.5269,48.2120,62.9499
349.6999,236.3292,49.2219,62.2286
353.0929,240.4743,48.2689,61.0340
357.7852,235.9871,45.9234,61.9168
358.4927,243.4415,45.5360,61.2020
361.5359,240.3014,44.1205,62.2189
364.3024,244.0443,43.0335,61.7386
363.4082,241.8949,44.0318,61.1063
365.6581,241.1605,42.3765,62.2101
367.4369,243.9489,43.0103,60.7033
366.2919,243.2071,44.1242,60.1303
367.7155,243.9335,43.7570,59.6087
363.0070,242.3545,45.1011,58.9417
365.5223,242.8372,44.5743,57.5914
368.9290,240.2522,42.8267,58.3783
371.7392,240.0014,41.7755,58.3227
369.8700,237.5260,40.9649,58.4989
370.3255,237.9939,40.2795,57.7767
369.4170,237.1036,40.9021,56.4185
374.1960,237.7593,39.6327,56.1741
376.3801,236.0127,38.9517,55.9952
374.9720,236.4881,39.9066,54.4624
378.4619,236.0776,39.7607,53.2198
377.1684,236.3483,40.9077,52.3918
380.7267,235.8277,39.8531,51.8186
382.9825,233.9277,39.3945,51.3895
384.2924,233.8432,38.5176,50.9397
384.9058,230.7950,36.9413,51.8234
386.0649,231.0983,36.0655,52.1668
385.5635,229.7988,35.4169,52.6696
384.6577,228.5722,34.7991,52.4759
383.0580,227.8024,34.2975,52.9274
380.6777,230.2288,33.6415,52.7691
377.1171,229.9590,33.0166,52.5386
373.0732,230.3691,32.4035,52.4199
369.8723,232.0081,32.3324,51.6338
362.7404,233.1321,34.1820,50.3150
360.4214,233.0616,33.2460,50.1525
358.6436,231.8017,32.2748,50.2779
355.9305,232.8312,31.6606,49.9597
355.9801,230.8463,30.6723,50.3686
354.2943,234.9759,30.2961,49.5147
350.8081,234.5987,31.2810,47.4540
351.3800,236.8901,31.0001,46.9142
352.3674,237.2445,30.3623,46.5951
353.1093,238.8498,30.0754,45.8344
353.3510,240.5273,30.4541,44.1216
352.8980,241.4522,31.0795,43.3899
355.1628,243.6992,31.1695,42.0110
356.3204,242.2901,31.0834,41.9901
357.4645,246.2506,30.6309,41.4094
359.9466,246.5467,30.2097,40.8935
363.5310,244.9257,30.0517,40.3298
364.1000,243.7284,29.9965,39.8834
365.4922,242.4575,29.7365,39.6855
366.3766,240.8155,29.6372,38.8598
367.9716,232.4968,29.2996,38.2432
368.9280,226.9514,29.0908,37.7349
372.1149,224.3834,28.8183,37.1498
375.4104,222.3309,28.2621,36.6904
377.5678,222.8539,28.2481,36.6020
381.8655,219.7252,27.7539,36.0780
387.0938,218.4452,27.7204,35.7089
389.7934,216.5797,27.6637,35.0577
394.5529,213.8138,27.0026,35.1862
400.1912,212.3292,26.4944,35.1453
403.0219,212.1228,26.5023,34.8910
406.2417,211.6611,26.4853,34.6214
409.9960,211.3273,26.4915,34.3172
412.8029,210.4299,26.6649,33.9343
415.9867,211.4990,26.6094,33.5829
418.4390,210.0484,26.8563,33.4441
419.9829,211.1439,26.9858,33.2184
419.8516,210.3032,27.0587,33.3169
419.7402,211.7418,27.4366,32.9901
419.6068,211.2348,27.4693,33.1214
418.3924,211.2599,27.6258,32.8333
417.0678,209.0688,27.3675,32.6886
417.6404,208.9143,27.4434,32.4287
418.5819,209.6706,27.0619,31.9555
418.3683,209.8806,26.9785,31.6183
417.7269,208.0408,26.8685,31.3713
416.9261,208.3402,26.8864,31.3486
418.8475,207.2962,26.8088,31.1080
418.9746,207.1535,26.8590,31.1345
419.5242,205.5253,26.8346,30.7861
421.4086,204.9877,26.6238,30.9353
423.4085,204.8502,26.4111,30.7542
426.5759,200.8247,26.0333,30.5058
428.1580,200.2015,25.7119,30.5569
431.3816,200.3328,25.5328,30.2211
432.9216,197.8964,25.1519,29.8788
438.3992,194.9975,24.8248,29.8175
441.9987,191.9689,24.4248,29.5504
443.7899,189.7252,24.4750,29.4516
447.1625,189.5704,24.3688,29.3341
450.7525,186.5591,23.9362,29.4816
453.2737,179.6570,24.1179,29.1439
456.9166,178.0754,24.1606,28.6036
444.7261,172.4570,24.1185,28.4772
436.4026,168.9764,24.0192,28.6891
439.2075,167.6607,23.9272,28.8842
439.0639,166.0774,24.1212,28.5432
436.5766,163.8296,24.4249,28.2948
433.0327,163.7903,24.3146,28.1138
427.8527,162.7570,23.9391,28.1184
419.3207,160.3654,23.8379,28.2593
412.8379,159.7423,24.3515,27.8056
407.4268,160.9617,24.4841,27.6590
407.1353,157.2490,24.6910,27.5363
401.5498,155.7661,24.2508,27.8946
391.6729,154.1707,24.1834,27.8590
383.9734,153.7224,24.0665,27.9797
375.5648,154.2856,24.1077,27.9150
368.5426,151.9682,24.1279,27.9031
369.9781,152.4549,23.9794,27.8105
379.9406,152.7736,23.9866,27.9436
385.3697,152.0802,23.9071,28.0122
394.0989,150.5843,24.2538,27.6289
411.5351,152.4256,24.2820,27.4793
414.5157,152.3771,24.0591,27.7443
401.6263,149.7640,24.2466,27.4303
2
0
0
0
0
1
370.0803,155.1604,17.9754,17.3627
380.1556,153.4935,17.9346,17.6496
389.9297,152.0716,17.9353,17.6163
394.3519,151.8046,18.0391,17.7886
399.6777,150.4530,18.0388,17.8645
398.9102,150.2215,17.9735,17.7909
393.4640,149.3835,18.1007,17.6319
386.9904,149.4082,18.1935,17.6686
380.6869,147.9775,18.0904,17.4988
374.8086,147.1611,18.1520,17.4461
369.7599,147.3780,18.0567,17.5237
364.2895,146.5622,18.2742,17.6970
359.2003,146.4497,18.2735,17.6699
352.6179,149.0526,18.5625,17.6838
347.1654,150.1063,18.6959,17.4542
343.8533,150.2627,18.8703,17.5484
338.8187,151.0490,18.9928,17.8661
342.3878,151.6077,18.9008,17.8212
343.8334,152.2782,18.9186,17.6754
346.5020,152.1751,19.0861,17.7255
348.3606,152.3780,19.2159,17.7253
351.2262,151.9223,19.4174,17.6134
354.9594,151.2476,19.7489,17.5819
359.5182,147.2221,19.6585,17.6986
365.7776,145.9708,19.6706,17.6561
371.0079,145.2719,20.0146,17.7692
376.4440,144.1378,20.3910,17.7872
383.3662,143.1754,19.7627,17.9701
387.6132,143.2827,19.8333,17.9672
389.5396,142.9065,19.9150,17.8204
392.0870,142.8315,20.0802,17.7761
395.1865,144.4099,20.4560,17.4604
398.6957,142.8071,20.5203,17.4768
403.0724,143.1924,20.9252,17.3636
404.2545,143.3741,21.2650,17.2797
408.5685,143.9824,21.5223,17.5169
412.7506,144.0824,21.1092,17.7349
413.3364,142.2796,21.0048,17.7005
412.0335,142.8176,21.0103,17.7580
410.5253,143.4504,21.0680,18.0408
409.4642,141.2012,20.9212,18.1534
408.5545,140.7824,21.0974,18.0932
404.8114,139.4853,21.1119,18.2657
402.5993,140.0888,21.3188,18.4178
401.0092,139.5946,21.5499,18.9179
400.0181,138.3943,21.3210,19.4336
397.8049,137.2086,21.7825,19.2100
397.3742,136.3788,21.9382,18.8583
395.8210,135.9758,21.6875,18.9079
395.3232,136.3586,21.6410,18.8902
393.7688,136.5847,21.6830,18.7306
391.7294,135.7972,21.3291,19.2422
389.8336,137.1525,21.4557,19.2057
387.5018,137.7241,21.2596,19.1186
385.6532,138.8500,21.1404,19.2368
384.1820,140.0531,20.7623,19.6409
382.6863,142.3535,20.1135,19.9471
380.5381,142.6807,20.4179,19.9068
378.3564,144.2849,20.6025,19.4006
376.8095,145.7779,20.3646,19.3365
376.2463,146.5637,19.9228,19.2902
374.6479,147.4198,19.6268,19.0706
371.6025,148.6706,19.5343,19.1000
366.4660,149.5732,19.1803,19.1781
362.2630,147.8733,19.1104,18.9939
357.2618,147.4236,19.0110,18.5789
354.9154,147.2856,19.1821,18.0439
353.4384,148.1358,18.8963,17.7078
351.5372,149.3242,18.9741,17.2783
