1
269.1081,85.8996,31.1012,47.1568
267.1714,85.1168,31.4811,47.6537
267.7705,83.2337,29.6057,51.8959
267.8052,80.8138,28.8207,54.0677
265.7245,78.1854,28.4796,55.7659
262.4537,76.5738,29.4847,56.7285
260.6961,76.5363,30.7490,57.9384
260.2636,75.1830,31.6224,60.8869
261.8634,71.9949,31.0088,62.1595
260.4592,70.2606,31.8171,61.4126
258.3677,68.3132,33.3984,61.9548
255.3249,66.6604,34.9716,63.1099
251.7083,68.0047,36.1777,63.4668
250.4803,69.4880,36.7958,64.6122
248.9090,69.2361,35.8093,65.8689
246.0807,68.3972,35.9516,67.4468
242.5923,68.3607,36.6821,68.4645
239.2631,66.8192,36.7766,68.3081
235.1637,66.8465,37.6222,68.3070
232.0193,67.5350,38.0476,68.1211
233.0089,71.2633,37.7117,69.5379
234.1361,73.7146,36.4364,71.7425
234.8335,72.7418,36.3033,73.3680
234.3097,71.8924,36.3427,73.5589
230.3674,69.7592,38.3714,72.9069
228.0455,70.2109,40.7462,71.4060
230.0231,69.9641,41.4360,70.1003
232.9217,70.0422,41.2650,70.3363
236.1235,69.6898,41.8584,71.2367
239.1533,67.1630,41.2207,72.3851
237.6895,64.3324,41.7185,72.9804
235.9631,63.2564,41.9496,74.0836
231.1523,61.7965,41.9350,73.9595
225.2296,63.7817,41.9930,74.4939
220.5114,65.0208,41.2345,74.9824
218.7602,66.8314,40.0173,76.4444
219.2959,67.2374,37.3619,78.5599
215.4823,65.6112,38.0810,78.4099
212.7643,65.2487,40.7403,77.7146
214.4668,65.1694,42.1502,75.5267
217.2323,65.8327,41.4583,74.0468
220.1112,70.0183,41.0316,74.7276
219.5550,73.4417,41.9552,76.2836
217.1145,73.9634,42.4069,77.8793
216.6157,75.1022,42.6227,78.6680
217.8855,75.7705,42.9440,78.6296
221.5315,76.5964,42.3914,78.0071
225.0594,80.4303,41.2198,79.6612
228.7835,81.5959,40.0728,81.5549
232.8864,82.1025,37.1369,83.1724
233.7208,79.8153,36.5637,81.9454
230.0647,78.4361,38.8362,79.8398
225.9231,77.3976,41.6741,79.6155
224.0481,77.5275,41.4470,78.6405
221.6681,80.4958,41.3769,78.5235
217.6782,81.3986,42.2918,79.1755
211.9604,79.4462,42.5111,79.6524
209.3460,77.2853,41.4100,81.6768
206.6588,73.9868,41.2422,81.7168
206.3085,73.2073,41.4994,81.4446
209.1650,74.6616,41.1574,83.1151
210.7015,75.4120,42.4099,83.0852
214.4026,75.8836,42.6982,82.8376
216.8871,73.3100,39.1846,86.4308
215.1421,71.3221,40.3326,87.3383
213.3188,70.4066,43.6279,86.3659
217.0178,67.8175,44.3824,84.6423
219.8538,70.6525,44.2394,83.5571
221.6643,74.2465,45.2654,83.5829
218.6269,74.0833,47.1383,85.3420
215.9156,73.8415,46.6935,87.3822
215.2869,74.7373,47.0147,89.6432
216.9194,71.2992,47.0458,90.7154
221.5106,73.8201,47.6839,91.1833
224.1516,76.6576,47.9649,91.0448
227.6017,80.7454,48.4091,91.7593
234.0318,81.5907,49.1937,90.5638
235.3315,79.4225,47.7894,92.3412
233.2245,76.9063,48.8042,93.2724
236.4134,74.7371,48.6148,92.2860
241.6791,78.0047,47.6402,93.1744
244.8531,81.7562,49.1882,92.3662
242.9200,82.8938,50.1298,93.3814
238.8799,81.3479,52.0402,93.0050
238.1193,80.7205,51.9314,93.8270
235.3331,76.9245,51.5037,94.1476
235.4744,75.3875,51.1355,95.3729
231.2328,75.8654,50.4453,96.5337
229.1839,74.9812,53.2441,96.3902
224.7368,73.5380,53.9994,97.0223
222.3189,70.6492,55.0797,98.5776
219.3828,64.1982,55.3286,100.1697
221.0782,63.4282,55.7530,99.6744
226.6764,63.7917,55.3543,100.4717
229.3916,69.4910,56.5199,101.8186
234.6396,71.8720,56.7025,102.7133
236.2927,71.5560,58.1856,103.5867
236.6724,68.0210,57.3933,105.0601
237.3346,65.7503,58.0558,105.2230
241.4969,65.6896,56.8886,105.4782
247.5124,68.4875,56.2575,108.6822
250.7142,65.9656,56.5354,114.1020
249.7626,67.0629,57.8853,113.1536
250.4274,60.0121,59.9173,113.3307
243.8585,52.3361,60.8639,109.5277
235.2091,51.5603,61.0050,108.6501
225.3149,51.9860,61.0350,108.8250
215.8968,51.7030,62.1579,109.2060
209.4325,48.6649,62.9050,112.3421
205.5984,45.4306,63.6895,113.1334
200.8838,41.6862,64.0778,115.9282
200.0908,40.9073,64.5116,113.4885
202.0154,40.5336,63.6487,110.4533
206.6386,45.1650,62.8305,110.5681
210.1380,46.0189,63.3922,111.8093
214.6197,50.4966,63.9052,113.1022
219.0761,53.0337,62.8093,110.9513
218.7478,51.3717,62.5025,111.2491
220.5209,49.5903,63.1761,109.0694
227.2759,50.7451,61.9698,107.2007
235.5888,54.8776,62.3446,107.4594
242.7226,58.2058,62.3844,108.7984
247.4785,57.6252,62.2339,108.2523
251.4493,56.6695,61.1131,106.6719
255.1300,58.1753,60.3560,103.6303
260.8588,59.5257,58.8966,99.5184
265.9500,63.5564,58.5308,98.0455
272.3177,66.0814,58.3544,98.0698
277.8892,67.1172,58.1521,101.1329
282.8844,67.5960,56.7859,102.1766
285.0582,67.6751,57.2432,100.9333
288.5553,64.4377,56.4311,98.3492
294.7895,68.7878,55.9508,98.8222
300.3240,71.0778,54.6334,100.7170
304.2087,73.9913,53.3879,99.2594
301.1805,75.1984,52.4382,97.8703
298.2709,72.7895,51.2186,95.0566
295.7838,71.6342,50.5433,92.3431
293.4599,73.1516,49.8246,90.9648
288.4655,73.9289,49.7719,91.4976
285.1324,73.7953,48.5789,91.8710
285.4753,70.7612,44.2907,94.8119
281.9973,67.0676,42.9422,97.0934
277.9003,61.3643,43.3374,94.4283
272.7938,60.3722,45.7694,91.4929
271.0908,60.0064,45.9156,88.5216
272.0170,62.7657,45.1657,87.8327
271.0308,63.9059,45.9013,89.0297
267.7828,64.4810,46.8788,89.5345
264.3318,63.3269,47.1870,89.4550
263.7175,61.2998,47.6615,88.5700
266.2810,61.9373,46.9532,85.6791
270.9608,65.8427,46.1321,85.9861
270.8383,69.3405,48.0941,87.3955
275.3217,69.5434,48.5355,88.4918
280.0048,70.1984,48.6080,87.0672
281.7787,61.0983,46.8518,90.0590
280.5526,60.2469,46.9092,90.3052
283.8896,62.9215,46.5796,86.6377
288.7567,64.4785,45.8818,85.9515
292.1919,68.2095,44.9570,86.1257
294.3671,65.2131,43.0613,88.9356
292.7194,62.1094,43.2450,88.0786
288.3314,63.7399,44.3490,86.6675
286.8851,62.2378,45.0019,84.4138
289.1505,63.0757,43.6765,81.7867
289.8800,62.2036,43.4056,82.7869
291.1278,63.8561,42.4385,82.8857
291.6264,66.9175,42.6355,82.3666
289.5609,68.0241,41.9712,82.3405
290.5689,67.3143,42.1923,82.2189
291.4420,66.8436,42.9772,79.7084
295.5358,60.9981,42.4732,79.5726
297.2578,61.9092,42.0887,80.4002
298.1519,65.0835,42.2505,79.9566
296.7677,67.0031,42.4722,81.3974
296.1771,69.3846,42.9722,81.2766
298.9424,68.5331,43.2067,80.9937
299.1087,67.1112,45.6653,77.4039
300.2034,67.2355,47.1612,77.4070
300.8010,66.1950,48.8311,79.4063
297.4461,64.8071,51.0285,82.4603
297.6692,65.3506,51.6949,82.3379
300.1552,63.0613,52.8273,84.5374
304.0837,61.3009,54.3839,84.5763
306.6339,58.5087,56.4453,84.1984
309.2608,58.0664,58.0498,83.1248
310.1525,59.0686,57.8435,84.7711
312.3675,58.9817,56.5245,89.0432
314.0970,63.2276,54.5509,89.4824
313.7074,62.4011,55.1865,90.2602
315.2393,57.8130,53.9208,90.9041
318.0258,59.2493,53.7962,88.5224
320.9569,60.1518,54.1631,89.5284
318.5497,62.4820,58.1889,91.2922
319.0119,64.2428,58.8558,91.5903
317.1772,66.1069,60.7934,91.2642
318.9076,66.3136,61.2335,92.3008
322.6038,62.1650,61.6067,90.5461
328.0308,61.6869,61.2840,91.4106
328.7447,62.5619,60.1151,93.8766
326.6711,66.9882,60.7869,94.4673
321.0101,70.6755,62.7703,92.9171
317.7568,66.7691,64.7868,94.1972
314.7321,65.8791,66.2154,94.2790
310.2178,66.1570,68.5094,94.5687
302.6582,68.4698,71.0718,94.8483
297.8918,68.5968,70.4890,98.3201
289.4970,71.7371,73.2464,99.7034
287.3241,71.4477,74.6203,100.6763
283.5985,69.9814,75.1724,98.5091
280.8380,68.7066,77.1368,96.1904
280.6276,67.8451,77.4717,92.6940
276.7244,73.7913,81.7770,89.2213
272.4614,76.8714,85.8540,85.6312
269.3732,79.3035,87.8870,84.9152
270.2960,80.9467,90.0198,84.4281
270.8831,79.4223,89.9704,83.7949
273.5788,76.6254,92.1718,83.5859
271.1918,80.2065,95.0870,80.0649
269.8463,84.4606,98.4770,77.1928
268.7227,86.4230,99.8369,76.7040
270.2635,88.2854,101.5094,76.7253
274.0119,84.9139,98.0335,78.4266
276.6777,81.8678,94.8331,80.4347
271.9260,78.9228,94.9174,81.7422
274.0466,77.8514,91.5144,81.4688
273.0420,78.5825,91.4255,81.8371
272.9449,76.8103,91.0727,80.9245
275.6793,75.0591,90.4789,81.7548
273.4148,70.8650,86.7646,83.9398
267.4508,68.8617,83.0768,85.3237
2
0
0
0
0
1
358.8081,102.8697,23.5879,53.7673
359.1978,102.4214,25.1752,53.5257
361.1879,102.2941,26.0106,52.8558
363.7498,102.8310,26.3700,53.1525
363.6988,106.3590,27.2957,52.5423
363.8198,106.8533,28.2867,52.6534
366.1543,106.7667,28.8161,52.4359
367.3651,104.7689,29.4591,53.6979
367.8393,103.7790,30.7081,53.9536
367.1321,104.7893,31.2926,54.8019
366.2105,105.9545,31.7007,54.5846
364.3290,106.9857,31.5393,55.4400
363.0514,106.9239,31.1957,55.6157
363.4826,104.9497,31.2502,55.6109
363.4355,101.8645,31.6330,57.6092
363.4749,99.5674,32.2605,57.1165
364.8192,99.6301,32.1022,57.3798
365.5251,100.4417,32.5390,57.3687
363.7125,101.5392,34.1032,57.2946
358.6837,101.6364,35.3445,56.4813
356.5782,100.7939,34.7224,56.2536
354.3401,97.8837,34.7618,55.9587
350.3963,96.7258,35.5420,57.0443
348.8904,97.3754,35.7361,57.9359
347.1951,97.9382,35.6027,57.8059
344.3235,98.7303,35.7564,58.1815
342.3958,99.0220,35.0037,59.1726
341.5374,99.0977,34.0899,59.5566
340.4781,97.4794,34.9805,59.9015
339.2350,96.0172,36.1265,60.1426
339.8076,95.4198,36.6336,59.6771
340.9052,96.4994,36.0050,60.0261
345.1254,99.6300,35.4057,59.1057
344.4612,101.9659,36.7257,60.5751
346.4674,103.8276,35.9193,60.6550
347.9028,104.9230,35.5472,61.0341
347.6656,103.1451,35.3118,62.5989
347.8547,102.8177,35.9558,63.3737
349.7003,102.6259,35.4907,62.6749
352.7747,102.6055,35.1061,63.3662
355.6491,101.0423,34.5719,65.4985
353.3657,106.3221,36.1424,62.6192
354.4474,107.2622,35.6523,62.1911
354.0004,106.6439,36.4870,63.2179
353.1839,104.6613,36.2633,63.9921
353.0526,104.0368,37.2078,64.4080
355.7291,103.9215,36.4641,63.6860
357.5002,106.5906,35.6004,63.2169
359.9534,111.0326,35.0550,63.2756
361.5641,111.0888,35.1540,63.3409
364.8880,111.7565,35.9995,62.3984
368.2114,108.9627,36.0556,64.2049
373.8282,106.1768,36.6774,62.8049
375.8724,107.9542,41.5837,58.3409
