1
389.2902,472.4450,60.2775,64.9061
394.7831,466.4713,62.4384,66.0892
400.8835,460.0356,64.9758,66.9606
404.4885,455.7758,65.0241,68.7083
400.0192,456.0019,65.9802,70.0696
393.4654,457.4969,65.8083,71.1370
379.9236,462.8588,69.3729,69.0008
368.6134,471.0294,71.0823,64.4166
366.7018,480.3484,69.9008,58.7624
371.3156,489.8384,67.4965,54.8887
378.9009,490.4718,68.5068,53.0581
386.1747,486.1949,68.3435,53.9627
392.4968,484.9341,67.7446,53.4962
2
0
0
0
0
1
913.0324,384.6501,72.6265,41.9002
961.4513,378.4209,70.7503,40.2746
1021.9571,372.3637,68.3874,38.8890
1080.0853,365.3518,66.4377,37.2052
1122.7980,357.8578,60.0648,40.8985
1169.9086,347.9575,55.4528,44.1575
1218.7533,340.6175,53.3634,46.2243
2
0
0
0
0
1
1497.3387,289.5539,55.3004,33.5467
1497.5928,293.3208,56.2395,33.9201
1513.5939,294.5138,54.6200,32.6866
1530.4609,300.4322,55.2347,29.5349
1542.9933,301.9789,55.4485,28.4697
1552.3553,303.5132,55.4683,28.4783
1561.1606,305.9778,55.1235,28.4355
1570.5520,307.7467,54.3692,28.8724
1578.4791,307.9592,52.3733,29.4918
1583.1310,304.5316,51.3258,29.8034
1585.9451,300.3930,51.1790,30.0314
1586.4166,298.8763,51.1348,30.1733
1588.1444,295.7043,50.2858,30.9656
1591.1266,289.2847,49.6884,31.9909
1594.3701,286.8731,48.9115,32.1446
1595.2952,283.8497,48.5353,32.5799
1593.3041,276.4544,48.2289,33.5736
1589.6447,268.8266,48.0255,32.5206
1588.7615,261.0149,48.6122,31.1504
1589.5020,251.0350,50.3261,31.3093
1591.7102,244.3796,51.2493,31.3987
1593.1604,237.2039,51.9315,32.3293
1590.3816,230.8310,53.1340,32.7729
1586.4297,226.1537,53.4763,33.8498
1581.3303,221.1453,54.5872,35.0602
1575.7908,216.6669,56.0003,37.2206
1571.7897,212.7223,57.6669,39.5267
1566.6868,208.4674,58.7005,40.4544
1562.3741,204.1833,59.6121,41.4586
1559.9292,200.9430,59.9773,41.7649
1558.4899,198.2362,59.4480,41.1993
1556.5026,197.1963,58.8189,39.9701
1552.1855,196.6698,58.0931,39.2756
1547.4253,199.5462,57.3181,38.8287
1540.6842,202.7583,56.7099,39.3054
1532.0631,205.2087,56.5972,39.6239
1520.5704,210.0161,55.9188,42.3231
1520.8024,214.3136,55.7437,43.4712
2
0
0
0
0
1
1078.7859,277.9907,75.5145,58.7080
1034.7695,289.4744,77.7292,55.6289
986.9761,301.0519,77.3997,56.7192
949.2654,312.7542,74.4003,57.8335
905.6602,325.4030,71.1750,59.4112
863.0203,339.0973,67.9584,60.4662
822.3746,351.8483,64.6840,60.7063
782.1484,371.0775,62.6058,59.9444
744.5475,389.6233,61.2910,58.4447
708.1975,406.8593,60.3421,58.8417
672.2161,421.8382,59.9227,58.9700
637.7467,438.1241,61.2401,57.8722
2
0
0
0
0
1
413.0847,523.6961,74.2784,74.6060
410.7777,535.8939,73.1403,75.6825
409.3645,544.4482,69.5094,77.8792
408.4921,551.7177,65.3293,79.3957
407.0520,553.1678,60.9622,80.9185
404.1106,552.7557,56.0729,82.1113
399.8188,550.8398,53.0462,83.1165
393.6634,549.8550,51.6461,82.8195
390.2751,547.7699,51.2249,83.2647
393.1928,542.2981,51.2371,84.9929
396.5491,538.4168,55.9753,83.7669
402.0941,535.6985,60.0838,82.2135
408.0510,530.6188,62.9814,80.5669
415.1120,526.4811,64.0252,77.3394
421.6906,524.1534,66.6031,76.7170
421.8751,525.5884,68.0391,75.4014
420.5459,527.8210,67.7320,73.2768
422.4599,526.6449,66.9264,72.4217
420.4814,526.7894,67.0851,71.7032
417.3562,525.8464,67.2063,70.9367
416.1866,525.4877,66.4927,69.2755
416.8177,524.3915,65.8382,68.7093
416.8370,521.4445,66.8174,68.9073
418.6234,521.3614,65.0594,68.6836
421.0772,520.9921,63.3560,68.1044
414.9209,521.3109,64.2572,65.1918
414.2525,521.3040,64.5309,64.2554
416.2754,518.7990,64.0407,65.1819
419.1017,516.9620,61.8787,64.9302
423.4750,514.6918,58.8911,65.5754
428.4368,512.2172,57.1400,66.3928
435.0900,508.9334,57.1030,66.3474
440.7334,504.7499,60.8856,63.0531
446.6918,499.3387,64.5780,60.7553
453.2768,487.9896,66.3516,60.2251
455.2002,483.4363,66.4750,59.7642
2
0
0
0
0
1
1006.0335,373.1927,83.5773,41.6949
1079.5215,364.3553,81.5460,40.7812
1142.3744,356.6574,80.5561,40.3399
1190.8605,349.2288,78.7132,39.5553
1265.2372,342.4117,75.6768,38.8696
1322.0591,329.6549,72.7075,37.8569
1334.7158,337.7256,73.2685,36.2120
2
0
0
0
0
1
1617.3691,279.0391,47.3331,35.4426
1618.2096,272.1460,50.1822,33.8421
1614.8021,267.8282,55.5394,30.8534
1612.2490,268.0451,56.3960,31.6853
1604.9810,272.6106,62.4284,28.8046
1596.5048,273.8781,67.2451,26.7169
1589.0637,276.6693,69.7731,27.5040
1582.0142,272.4200,70.1866,27.6858
1580.7606,267.5488,70.7471,27.9145
1576.7498,267.0941,72.1903,27.3329
1568.0288,266.9383,73.7232,26.6109
1560.7526,266.5748,73.5393,26.8431
1556.7362,265.7694,74.2319,26.6585
1556.4283,264.8317,74.8785,26.6342
1552.3455,263.0524,75.2453,26.5592
1546.9458,260.7990,74.0201,27.6604
1546.1866,256.8252,75.0631,29.7342
1542.8004,254.4334,76.3971,30.4000
1539.8053,251.4273,77.2770,31.1629
1535.3258,250.9925,78.0332,31.1315
1530.8411,252.4376,77.8993,31.1852
1527.0906,253.0525,76.3509,31.3492
1520.8928,253.8833,75.4986,31.6373
1516.1930,255.1579,73.8605,31.9511
1511.6208,255.6038,71.8686,32.7093
1505.3871,259.7261,71.3472,32.4726
1495.0913,267.3021,72.5962,32.3119
1477.3794,274.6531,71.9175,34.1315
1434.9128,280.1626,64.7397,39.1475
1381.8011,298.2419,63.6438,38.8641
1332.0402,306.5409,59.5741,41.9617
1288.5586,315.2210,55.4577,44.4388
1244.8058,323.5521,52.6824,45.1372
1202.9294,332.5657,50.6605,46.2665
1166.2861,343.9928,49.7445,45.1169
1119.8767,352.9390,49.3943,44.2572
1078.1978,364.6446,48.6227,44.2658
1034.7731,372.5434,48.0907,44.9804
2
0
0
0
0
1
672.2076,445.7562,90.4148,46.7467
637.1825,454.0432,88.3308,46.3629
601.9895,462.2602,86.2507,46.1255
569.1189,470.9176,83.7560,45.8564
531.2836,479.8403,81.0316,45.1578
496.2362,483.8877,78.3278,44.8531
467.6214,493.4140,75.0337,44.0093
442.0346,496.7625,72.1443,42.8706
412.4116,500.6483,68.6834,41.9023
388.8506,503.1276,65.5967,40.9738
362.2991,505.8260,62.4651,40.0954
352.4988,499.2347,55.4784,43.9664
345.3246,500.1010,55.9142,43.6250
335.2127,499.8165,55.2772,42.3097
328.5072,501.4422,54.0636,40.5045
317.4519,504.6033,52.6801,38.9264
311.4884,507.4146,51.4856,37.9235
305.0926,511.6377,51.3843,38.1228
300.8968,519.5729,51.4082,37.6856
306.4728,521.9960,48.3939,41.3248
310.2347,522.6521,45.5985,42.8195
314.0972,522.3775,43.3951,43.4275
318.5277,522.1328,42.6602,43.9729
322.4530,522.6763,42.1103,43.4652
324.1531,531.0359,42.2957,42.3387
324.5439,541.9884,42.7474,40.6945
326.0618,551.5925,42.9116,39.1499
325.7272,562.6812,41.7529,38.8454
329.6013,569.8266,41.2335,39.1590
337.9863,571.4008,42.1190,38.7405
341.2578,567.1790,42.6923,37.6439
348.0214,565.4067,42.7586,36.7002
2
0
0
0
0
1
851.0040,504.3479,93.8643,44.7889
916.0123,503.1075,91.7032,44.6310
977.4188,501.4340,89.9502,44.0318
1033.2964,499.7046,89.8587,43.8269
1088.4850,491.6183,88.5724,43.1810
1141.1305,489.9089,85.5560,43.1300
1187.8254,482.1015,84.1803,43.4961
2
0
0
0
0
1
1558.7371,482.6219,66.1106,28.7979
1563.4535,485.6741,65.9272,29.2675
1561.9781,482.3037,68.3815,28.6980
