1
299.6632,136.0640,73.2319,88.7784
295.9195,138.6709,75.1269,91.8608
296.7476,142.9474,75.9504,93.0904
298.2509,143.4041,76.0591,95.0125
299.6765,143.4103,76.7324,96.0497
305.1779,143.1533,76.4794,96.6423
307.3814,142.4985,76.5645,97.5277
305.8938,140.1784,77.8880,98.3420
305.5520,142.4713,80.3505,99.4951
306.1443,143.3225,81.9871,100.4541
307.4681,142.0647,82.2306,101.8265
312.9691,138.8871,85.1729,101.3992
319.8015,132.9511,84.8429,101.3356
327.0960,129.6282,83.8901,102.2131
330.3633,126.1042,83.5597,102.1624
330.2943,126.1400,82.7793,101.9006
330.5383,123.7370,84.2671,103.3695
329.6149,121.4844,84.2403,104.5107
332.7242,117.0539,84.5896,104.5873
338.7661,112.1726,85.0123,104.9899
343.7887,108.5495,85.6952,105.3275
348.6883,105.1628,86.1600,106.3940
354.5373,105.5716,86.0504,107.8106
363.0446,111.9572,87.7594,106.6947
371.1615,122.0271,90.9270,108.1937
374.8336,122.9233,93.9600,111.1349
372.7391,118.3596,94.0872,109.9268
360.0590,103.7820,91.9367,109.9151
350.3259,90.7661,91.0230,108.0527
342.3751,85.5022,88.9835,106.3554
336.5352,81.5447,87.3168,105.8526
333.7532,79.9178,86.6360,105.0863
334.1210,83.9264,86.6990,103.8694
338.7491,90.6906,88.5482,104.1554
348.1179,104.8287,90.4080,105.0061
360.0245,119.1859,94.3639,104.8741
366.3772,131.3510,97.5646,108.3751
368.4505,127.2617,100.7965,111.5321
364.3632,110.4224,98.9634,115.0498
358.9117,97.3036,95.0528,114.4900
357.6780,87.8691,92.0401,112.7434
354.8651,83.8075,89.8063,113.3872
355.6552,82.3722,87.7958,114.3905
356.4366,84.8926,87.9019,112.5796
359.4399,90.1529,88.7874,110.0936
363.4712,103.5418,89.5037,108.7710
369.4926,121.0661,90.3668,108.2936
377.6796,135.6214,93.2739,109.1690
374.7982,142.0683,94.7908,114.7831
369.0110,129.1291,93.0483,120.7320
362.7564,110.6321,91.4216,120.6745
361.1684,103.9999,89.7201,122.0886
356.6052,99.2964,88.2814,123.0992
353.5682,100.6150,88.5419,122.6814
351.4824,105.7576,88.0718,122.1294
351.7464,120.0238,87.2336,121.5779
357.4699,132.2360,89.1479,119.8107
353.8482,155.3754,88.1304,119.0588
351.6318,170.0784,87.4598,119.3026
343.8312,164.6981,87.7390,119.7111
334.7453,139.9295,87.5994,117.0294
326.1838,128.4572,86.3790,114.1579
319.8901,120.9817,84.5913,112.2172
310.1212,117.1223,82.6258,110.7824
307.6841,115.5851,82.0139,108.4197
302.7760,119.8495,80.5585,105.7475
301.1568,126.9937,80.3172,104.5726
298.3497,137.7005,81.3432,103.1829
302.6266,150.1148,79.4794,102.6422
302.9088,166.2367,78.3347,103.6504
302.3956,184.3041,78.7350,106.9419
296.3156,183.2537,79.1097,109.2255
287.6031,165.7477,78.6724,108.2744
280.1435,143.0041,77.8487,108.9286
272.4195,130.7135,76.1994,109.1676
267.2181,126.5940,76.1323,108.8641
266.5463,124.0564,74.5786,107.3449
262.2956,123.5260,73.8242,104.9341
256.4945,127.4944,73.2859,101.5981
257.6555,139.7918,72.2906,100.3597
257.6318,152.5160,71.2538,99.2657
257.2085,170.3220,72.0540,97.1498
252.5835,182.5355,73.2104,97.7594
252.6995,185.0778,72.0152,101.3075
249.8477,178.3034,71.7769,102.0996
245.1264,170.9851,71.8297,98.4742
240.8962,171.3974,71.4847,95.0897
239.9040,177.1293,70.9297,90.6498
237.6846,183.4503,71.3988,86.5701
238.4603,191.3722,70.9976,85.0085
236.5911,201.3984,71.7057,82.2534
234.6378,203.9778,71.9215,79.5383
229.3934,197.1555,71.6396,79.3721
227.7938,200.3056,70.3205,78.3766
168.0625,175.9438,68.3998,84.7422
167.2138,171.5081,67.9869,91.8101
167.9013,166.9764,68.4987,96.7033
173.6613,158.4707,69.8625,101.1737
173.7538,154.7871,71.2864,103.5101
180.1422,148.6123,73.0248,105.4819
180.4024,149.2565,76.4740,105.1030
173.0385,153.0459,75.9934,104.0773
2
0
0
0
0
1
270.5129,176.2565,44.2957,52.2724
272.3751,181.7477,42.8600,52.0015
263.4917,168.5725,44.6312,50.3662
249.0552,160.4124,44.3356,50.3962
244.1381,154.2455,44.9275,52.7384
231.6874,148.8533,50.9096,47.3563
242.9639,150.7649,51.1309,48.1169
238.2386,145.8994,50.6562,49.5090
239.9131,146.6309,49.6825,48.9745
231.7973,147.7298,48.5524,51.9684
246.5795,134.0753,45.5677,54.4520
256.3347,140.9910,47.1769,52.9579
252.2239,141.8604,48.5459,51.8401
263.5988,161.4710,47.2386,51.3514
251.4211,158.3133,47.3151,52.6030
247.3978,155.0589,48.3127,54.0636
260.5663,146.3542,49.1848,55.1755
265.6614,144.0732,49.7341,56.2115
265.9626,133.3554,50.6018,56.1137
274.9398,134.5867,50.6273,55.5351
278.5045,140.1394,49.5926,55.2052
298.7943,164.5939,48.4468,54.3388
292.1721,154.3599,47.5816,55.4771
286.4948,151.2117,49.6559,55.6061
286.4604,145.0409,52.2549,54.4677
285.4179,143.9674,54.4619,53.7156
285.8997,144.2304,56.0975,53.3502
282.5526,144.5155,58.8700,52.7615
285.8122,148.4753,60.6446,53.3678
290.6627,153.5001,59.3566,55.4921
290.7296,147.0327,58.7718,57.8055
283.0371,149.0394,60.8679,58.2525
275.4622,150.2401,62.0755,59.3570
277.1853,150.0128,63.5310,60.1714
273.1494,149.9372,66.1955,60.7784
272.1700,148.3116,67.6227,63.5284
268.8064,150.1935,68.1245,65.5910
271.6705,139.6091,66.2618,67.8520
259.7223,139.4257,66.7692,71.7549
260.0418,140.0275,64.1691,75.5762
248.7172,138.9162,63.7929,76.1179
234.9171,140.5155,68.0719,73.1162
228.3191,141.1628,70.7822,73.0716
220.7059,138.2347,71.9001,76.1108
223.0522,141.8886,68.9751,80.1145
220.3758,134.9613,67.8908,79.6043
216.1341,137.2926,68.9945,79.8013
217.2396,136.7309,68.0081,79.4720
211.2064,137.2819,68.1316,79.8983
209.6332,138.5591,69.2202,81.1247
207.3557,140.4063,70.7760,81.0518
206.8650,144.1471,71.0848,81.9446
211.1421,141.9997,72.5281,83.7725
213.9589,143.9209,71.7522,85.8228
220.2908,148.6039,70.3095,88.0510
228.4985,148.0490,71.8706,88.0008
234.2677,149.6006,71.4453,87.8816
234.4885,151.6733,70.9267,89.1170
258.1963,153.0696,73.6192,86.2843
259.9456,155.3779,73.8557,84.2797
265.1558,158.2423,75.6758,83.0139
270.2629,164.9272,76.3486,84.1011
275.0345,166.5577,76.0623,85.2531
277.6114,170.2021,77.1810,85.5569
280.3450,173.5600,77.4556,85.5945
285.6157,175.9073,77.8492,85.4102
290.1205,176.9388,77.3007,83.4305
293.9179,177.7445,77.7331,80.6291
298.4521,176.7619,76.6446,77.4497
304.0680,176.1928,75.2802,76.5683
306.1250,176.3921,76.1703,75.3655
305.4003,177.5851,77.0973,73.3007
306.3092,175.0933,78.6188,71.2103
307.2203,174.3087,80.8571,68.8559
320.3586,173.2962,79.8148,68.9217
334.1914,165.5708,80.7452,67.4422
334.6217,168.3730,81.0133,65.1048
338.7489,166.1258,81.6668,64.0769
344.3537,181.7097,78.7877,66.1184
350.9013,184.7316,76.2025,66.3420
354.2567,195.5481,75.1889,67.4171
355.2016,197.1603,73.1500,67.6291
348.6217,168.1429,72.8107,69.2838
346.0150,160.3257,72.9892,71.0580
342.0652,160.8311,74.6307,72.2446
342.6313,160.4775,71.8995,75.9375
339.6539,165.4400,71.4582,78.1735
331.1179,179.4205,73.2047,77.9790
333.6694,189.2663,73.9183,80.0863
343.0147,194.2671,74.0894,81.2603
345.3096,183.3160,74.7044,81.3682
341.6404,170.3090,75.4616,82.0990
343.9043,167.2852,72.6532,84.9549
333.2053,152.5681,74.6438,86.8538
333.5729,145.3872,74.9537,88.4666
330.9263,146.5158,75.6676,89.9724
327.8112,165.4742,78.6692,85.1696
329.9814,150.6549,76.7380,85.3060
330.6400,146.5340,76.6651,83.5932
321.8778,169.9171,76.9434,81.6791
316.9376,171.7643,76.3316,82.2543
309.1653,163.1384,73.8237,84.2415
305.4329,154.8258,72.1680,82.0859
300.8190,153.9486,71.6418,81.9181
297.7139,155.6381,71.2075,81.2778
296.8455,161.3523,69.2471,81.0426
293.5217,165.5690,67.6259,79.9819
291.7574,177.0876,67.7311,79.3133
292.5526,184.4601,67.1846,78.8057
293.7553,189.9037,67.1399,79.0104
297.6499,189.7454,66.6656,79.8579
298.2033,187.0189,65.9322,80.1907
295.4255,182.5462,67.7043,79.3107
294.3700,173.0330,67.9098,77.3487
295.5917,173.1495,67.0396,76.8748
295.8752,173.9576,66.4323,76.4174
296.9137,183.2947,65.5304,77.8243
297.4409,190.7396,64.2344,78.5711
295.2678,192.2522,62.8984,78.8463
300.0299,195.9309,58.6328,83.1850
293.5661,169.3632,59.6923,80.7545
289.9888,167.2114,59.9382,79.3836
287.1891,164.5516,60.3445,78.0493
286.3476,163.2310,60.1048,76.7865
285.3094,166.4279,60.1346,76.2811
286.5617,169.1554,59.6752,75.2946
287.5302,171.4072,59.6862,71.8885
289.1109,182.1156,59.3354,71.6429
285.9201,184.1452,60.5529,71.1716
288.2405,180.3257,59.8307,72.2458
288.4457,179.5267,60.3496,70.5122
292.7122,182.5308,61.1930,69.1451
290.8860,185.8956,61.8055,69.0146
292.7838,184.9479,62.6561,67.2118
295.3982,182.6373,62.1555,66.5362
296.0727,177.9162,60.8464,67.8241
296.1529,166.0684,58.7529,69.2023
299.8578,156.0543,56.8368,70.9098
301.6228,151.1711,56.0453,70.6404
303.4731,148.5392,52.4488,73.7798
304.1826,149.5864,50.6077,74.7969
304.9917,151.3018,49.5434,74.1065
304.2542,156.3710,50.2133,72.5305
301.9212,154.8584,52.3284,69.4146
305.0977,149.8305,54.3338,66.1870
303.6680,142.1784,54.4182,65.0209
308.7032,140.3588,48.9091,70.1638
309.8107,135.5367,44.7313,75.1413
310.3880,132.1318,42.9845,78.1598
309.1717,131.0372,42.9791,78.4421
307.7463,130.6870,42.9247,77.1204
306.1454,137.7100,42.9209,76.3608
301.3088,136.0870,46.4333,70.5306
295.8232,131.3820,48.2438,65.8502
293.7724,130.7113,49.1316,63.4629
292.3519,123.1821,49.2396,61.7248
294.2135,122.4968,47.1655,62.4740
293.2531,123.5070,47.7460,60.6841
291.6411,123.8564,47.7285,59.0085
287.9740,131.0162,48.1231,56.9935
288.8360,133.5143,46.8179,54.9485
288.1806,144.6963,46.3891,52.6720
287.1723,149.7632,45.3531,51.4153
286.0676,149.2033,43.9352,52.0877
283.4152,150.9504,44.6996,51.0890
283.7485,149.1699,45.5242,49.2192
284.3488,148.6273,45.2930,48.2302
286.5872,149.0205,44.9965,47.6448
288.7804,149.7415,44.8966,47.5517
290.7522,155.9990,45.2519,47.1589
294.4272,158.3287,44.8631,47.4544
292.5619,160.9795,44.4495,47.6342
292.6724,160.9683,43.7268,47.8960
293.3400,155.0128,43.3280,47.5420
293.4022,149.5202,43.0869,46.9744
293.7465,144.3337,42.0350,47.0244
294.4194,143.5842,42.5369,45.9110
293.1857,143.6863,41.9011,45.8956
293.2245,146.3548,41.5868,46.4650
300.3963,146.7159,41.1865,46.7573
300.7383,147.0075,40.4175,47.7601
299.6507,146.4278,40.2680,48.4697
300.2297,144.3247,40.3494,48.7130
300.8367,140.3034,40.5205,49.1553
302.3216,131.8835,40.7589,49.0116
306.5787,129.5775,41.3736,48.3928
305.7563,129.9402,42.0479,47.8318
309.7623,131.7359,41.2436,48.1660
311.6243,136.0683,41.1075,47.3304
312.0386,139.1519,41.1290,47.5824
312.2426,140.2080,40.7445,48.6965
311.0541,136.6172,39.8462,49.6616
310.3058,132.6140,40.3806,49.8549
310.7733,128.1400,40.6009,50.8083
311.4583,121.8678,40.6767,51.0787
313.5315,122.8139,40.1536,51.3459
315.1195,123.1104,38.1012,54.1336
315.7458,124.1944,38.2040,52.7505
317.3353,135.9679,36.3523,53.4797
312.1783,144.2839,38.1208,52.2885
313.6638,146.7844,38.7669,52.2671
312.8328,147.2299,40.3292,51.2507
313.6256,132.2404,41.1486,51.6235
315.4568,124.7882,41.1879,51.8070
316.9054,124.5262,41.1346,51.1197
315.4042,124.6423,41.9092,50.1222
314.0112,125.9296,42.7299,49.5400
313.5970,131.8069,42.8282,49.3925
314.8603,136.6280,42.2843,49.4820
311.6424,135.3271,42.1824,49.5681
311.9623,136.9009,42.6550,49.4429
313.3798,155.3666,41.7577,49.4660
313.7388,156.9001,40.6577,50.4895
308.9719,152.0891,41.2310,50.0558
304.6978,153.5608,42.7005,49.9347
300.2137,157.4734,43.8683,50.1302
299.1383,162.2643,44.5890,50.6344
297.4098,173.9364,44.7714,51.2536
293.5261,179.3851,44.0997,52.4121
293.6460,179.4645,43.4573,53.5348
293.2658,173.8791,43.2662,54.4194
293.4472,166.7960,43.5142,54.4090
290.2233,157.2704,42.3234,56.3574
286.7995,155.3197,43.3876,55.4118
289.9239,155.0123,43.1709,55.1884
291.3064,157.4781,43.1592,54.4306
286.8398,165.2171,43.8313,53.6992
302.1296,162.4738,40.5379,58.0717
307.6159,149.7526,38.1924,61.7444
303.2325,142.9751,40.4556,58.5571
302.0052,131.5826,42.5728,56.5338
302.5248,124.5547,43.8997,55.6403
303.6073,118.1759,44.4290,55.2733
298.4285,118.7529,46.6370,53.9388
306.3557,118.9711,45.9842,54.3356
307.5779,125.7615,46.0706,54.5359
316.8014,134.4369,45.9661,54.6281
319.8789,135.0186,45.9029,55.3320
316.2441,131.1184,45.7627,55.3812
315.3253,130.8066,46.3137,55.1682
318.0247,130.2197,46.1391,54.6056
321.6570,130.8415,45.1233,53.8731
308.4061,131.7900,45.8263,53.8114
290.6099,138.0945,45.6166,53.0816
291.5748,143.4329,45.3990,53.1040
300.3703,160.1640,41.4443,56.1450
301.0369,165.1345,40.8455,55.4355
301.6908,164.6197,40.6425,54.4009
301.1618,165.7808,39.2870,55.4329
302.1529,165.8213,38.0178,56.3786
287.5560,152.2344,41.6441,53.1749
284.0999,154.4622,44.3571,50.8139
2
0
0
0
0
1
310.4613,124.8933,31.3553,47.6917
308.6821,123.9675,31.5836,49.0872
306.6973,126.2868,31.9497,50.0159
305.8676,127.9036,31.7790,50.5675
307.5905,128.1886,31.1648,51.4607
308.2037,128.7770,30.7801,52.0904
307.9850,128.4278,30.9542,52.3024
308.2602,129.2658,31.1946,52.6859
308.7450,129.8445,30.7853,53.6443
309.7065,132.2607,30.6320,54.0337
311.5424,133.4065,30.3862,53.9653
316.4789,136.6965,31.3266,53.9391
301.4677,153.8618,34.4668,50.8035
298.8289,162.5685,36.2790,48.9555
303.0069,157.5510,37.1724,45.9035
2
0
0
0
0
1
346.9485,159.4234,42.1524,52.7135
343.9918,161.1053,39.0868,54.0117
2
0
