1
711.8062,231.3478,22.3237,23.8661
712.9180,231.2467,22.7653,23.4979
714.1141,231.3595,23.0221,23.5405
715.0447,231.3056,23.2589,23.5658
715.7704,231.1479,23.2923,23.8410
716.7951,230.3754,23.3420,23.8600
717.4755,230.9700,23.4893,24.0620
718.1041,230.5406,23.7558,23.7886
718.9100,230.6105,23.8467,23.9523
718.9527,230.4041,24.1018,23.8243
719.3378,230.4799,24.2836,23.6449
719.7680,230.1290,24.3855,23.5995
719.4554,230.2719,24.2595,23.9155
719.8622,229.9978,24.3185,24.0072
719.4460,229.7252,24.0799,24.2201
719.0321,229.6524,24.2332,24.1307
718.2966,229.5782,24.2567,24.2772
717.1536,229.3172,24.1654,24.5527
716.2762,228.8160,24.2468,24.4886
716.1545,228.6978,24.2278,24.4353
714.9174,229.3290,24.2527,24.4772
713.2012,229.3442,24.1498,24.4580
711.9025,229.2742,24.1211,24.4653
709.9974,229.4572,24.1940,24.4585
709.1658,229.5726,24.3172,24.5035
707.8741,228.9091,24.3330,24.6143
705.4363,229.4091,24.5509,24.7524
703.5036,229.4286,24.5587,24.9929
700.2051,229.3073,24.6058,25.2692
698.0869,229.6666,24.6081,25.3526
695.4370,228.9591,24.5620,25.4502
691.6997,229.1875,24.4232,25.5565
689.1769,228.9638,24.4554,25.6546
684.4760,229.2570,24.5856,25.7362
681.2586,229.3445,24.6242,25.8814
677.4333,229.2042,24.6171,25.8052
672.0021,229.1959,24.1098,26.3467
668.1674,229.4063,23.7295,26.6460
661.4148,229.1079,23.8409,26.7197
657.0881,228.5907,24.0703,26.7333
653.1550,227.0481,24.5334,26.5772
645.2593,228.8510,24.7330,26.1044
639.9508,228.5435,24.9150,26.1766
631.4088,228.2023,24.4848,26.7033
627.5765,227.6095,22.6577,27.7659
627.7869,227.8272,22.6928,27.6505
637.5126,227.6404,23.6530,26.8785
643.0360,228.0419,24.3575,26.5070
652.4874,227.7529,24.5090,26.2019
657.4997,226.6579,24.6667,25.9362
662.9815,228.2012,24.4020,26.1609
671.6926,229.1026,24.2065,26.0835
677.2590,230.1658,24.3686,25.9271
684.6206,230.4617,24.3386,26.1713
688.9495,231.3219,24.3746,26.3338
693.7166,231.6268,24.5371,26.0541
699.8774,232.7884,24.7902,25.8532
703.7034,233.4776,24.9058,25.8968
709.4384,234.0805,24.9898,25.7264
712.4918,234.9558,25.0355,25.7775
715.7262,235.2272,25.3063,25.5674
719.9716,236.1318,25.4101,25.6956
722.7546,236.9229,25.4972,25.7128
725.7347,237.3201,25.4976,25.5834
727.6555,237.7705,25.5940,25.3454
729.3936,237.8204,25.7287,24.9802
730.9460,237.9630,25.6704,24.7506
732.0726,238.6298,25.4542,24.6447
733.0947,237.9534,25.5457,24.0838
733.5317,238.2649,25.2821,24.2434
733.8475,238.2200,25.3769,23.8727
733.6488,237.7356,25.4145,23.5692
733.6420,237.2694,25.3949,23.5337
732.5135,237.3799,25.0291,23.8944
731.5703,237.3512,25.0496,23.7218
729.8038,236.9841,24.9430,23.6126
728.5231,236.6225,24.8734,23.7007
726.6340,236.7044,24.7805,23.7565
724.1037,236.5605,24.6811,23.9173
721.8741,236.8613,24.4930,24.1757
718.3212,236.9384,24.4387,24.3622
715.6783,236.5883,24.4999,24.2456
712.5562,236.3483,23.7649,24.9143
708.4059,236.7368,24.0637,24.9826
705.0067,237.0641,24.3124,25.1579
698.9758,236.9714,24.1300,25.3974
695.0478,237.1767,24.0857,25.5898
690.8581,236.8864,24.1539,25.5938
683.5505,237.4466,24.2027,25.8554
679.1268,237.2502,24.4225,25.8994
670.8738,237.4622,24.1051,25.9743
666.3830,237.6755,23.6625,26.2629
660.5267,237.1817,23.6231,25.8900
650.7372,238.1509,23.3663,26.2645
645.5898,235.8830,23.7683,26.1008
641.5941,238.6201,23.2163,26.4425
649.0173,237.9369,23.1098,26.5861
655.6089,238.5889,23.5038,26.3662
665.2315,239.2253,23.7503,26.2715
671.0959,238.6833,23.9223,26.3137
678.6790,239.1024,24.2218,26.3247
684.5013,238.8856,24.2989,26.2913
689.6881,239.4304,24.2861,26.5477
697.0458,240.0547,24.4765,26.4673
701.2378,240.4554,24.4372,26.7053
706.7731,241.4056,24.6300,26.6322
710.1942,241.6974,24.9121,26.1869
713.9974,241.9919,25.0164,26.0898
719.3851,242.3702,25.1453,26.1423
722.3879,242.5186,24.9990,26.1373
726.3940,243.0638,25.0073,25.9995
729.0798,243.1937,25.3053,25.5309
731.4058,243.3783,25.3313,25.2667
734.8330,244.2618,25.3046,24.9363
737.0216,244.4640,25.3021,24.6463
738.8964,244.8662,25.1843,24.4532
741.7875,245.2556,24.9569,24.1845
742.2028,245.8032,24.9708,24.1227
742.7577,245.8035,24.8956,23.8502
743.3915,246.0910,24.8927,23.6104
743.0466,246.8186,24.9501,23.4956
742.5275,246.1976,24.6423,23.2386
741.9562,246.8020,24.6450,23.1101
740.9142,247.3603,24.6260,22.9033
739.1143,246.9315,24.4789,22.8733
736.5735,247.0981,24.3623,22.7333
734.6779,246.7239,24.2380,22.5624
732.7938,246.6227,24.0064,22.6634
729.1972,246.2439,23.7742,22.7505
726.7836,245.8084,23.6393,22.8821
721.6673,244.6336,22.8502,23.4276
718.6548,244.4048,22.9769,23.2835
714.9915,243.9560,22.9107,23.3319
710.3318,243.0408,22.6061,23.5206
705.2745,242.7346,22.4867,23.6981
697.3420,242.4545,22.6049,23.7307
691.8299,242.1079,22.7252,23.8378
686.2903,241.5899,23.0102,23.8579
678.4426,240.8521,23.0146,24.2313
672.5659,240.1970,22.5368,24.7699
664.8400,240.1743,23.6322,24.1950
656.9122,239.5295,23.3609,24.7190
649.8605,239.7422,23.0084,25.2437
641.0743,238.3035,23.3234,25.2308
644.3796,238.8723,23.0047,25.7575
654.7768,239.2715,23.5091,25.2734
661.9489,239.4385,23.2054,25.3855
668.4578,239.3182,23.2556,25.4150
677.1278,239.8814,23.7012,25.1688
682.7698,240.5212,23.9265,25.4041
691.2946,241.2492,23.9569,25.6383
696.2885,241.8691,24.2262,25.6109
703.6879,242.7080,24.4735,25.4882
708.0256,242.9041,24.5296,25.4615
712.2231,243.5973,24.7285,25.4507
718.3630,244.9390,24.5029,25.5913
722.1262,245.7452,24.5387,25.4610
727.4080,246.5397,24.5377,25.1806
730.8442,247.4309,24.7815,24.8282
734.1401,247.3148,24.8914,24.4565
738.6941,248.2664,25.0911,24.1957
740.7242,248.6526,25.2183,23.7758
743.8616,249.3299,25.4635,23.5090
745.8506,249.7761,25.2088,23.4931
747.4601,250.2237,25.0582,23.5347
749.8743,250.6546,25.2893,23.3137
750.5223,251.4266,25.1615,23.2576
751.3079,252.0689,25.1673,23.3234
750.9506,252.0568,25.1998,23.0177
750.2881,252.0870,25.0249,22.9771
749.5124,251.7585,24.7309,23.1430
748.2142,251.8188,24.4819,23.0963
745.7465,251.2177,24.3657,22.8398
743.6104,251.6491,24.3745,22.6881
741.9040,251.6928,24.2721,22.5444
738.5703,251.0433,23.8674,22.5462
735.4595,250.6982,23.5448,22.4825
731.5800,250.7523,23.4397,22.2407
728.2304,250.2614,22.5736,22.7603
724.9678,250.0640,22.6850,22.5989
719.2876,249.3652,22.6617,22.6672
735.0296,251.1679,22.1500,23.2376
2
0
0
0
0
1
667.9554,242.2722,30.1434,34.6764
661.9825,241.0673,29.1829,34.9580
651.7299,239.5576,29.2970,34.8826
644.9811,238.7021,28.4969,35.3963
654.4108,237.7263,25.4010,37.7073
660.8539,235.7482,23.8390,39.3277
667.2042,236.7229,22.5855,39.4019
675.4517,237.5412,21.4720,39.6481
680.0453,237.0678,21.2475,39.7902
686.8824,238.7466,20.5808,39.6710
690.9586,240.1931,19.9470,39.4842
694.3776,239.8215,20.2125,39.2165
699.7243,241.2360,19.7096,39.0710
702.6115,242.8828,19.4826,38.4917
706.7480,244.4523,19.3349,37.8000
709.3127,243.6101,19.4820,37.7373
711.0327,244.5823,19.5110,37.4220
714.0432,245.7070,19.3049,36.7453
715.5369,246.1934,19.1659,36.2904
717.6801,246.9267,18.6884,35.9638
720.2632,245.7413,18.7368,35.8726
721.3266,246.4481,18.6355,35.5992
722.8600,245.0022,18.6654,35.3600
723.3910,245.9432,18.5808,34.9845
724.4094,244.8504,18.5161,34.6757
724.5203,245.6921,18.1108,34.2704
724.3044,246.8305,18.0581,33.9007
723.4788,247.7645,18.1688,33.5098
724.0067,248.9235,18.3835,32.5990
721.7908,249.2494,17.9110,32.0870
721.7379,247.5543,17.5925,32.0700
722.8030,246.8618,17.2922,32.2442
720.6135,245.8810,17.3461,32.5222
717.7322,246.6079,17.1670,32.5462
715.1681,245.6799,17.4085,32.5958
712.9923,245.4669,17.6490,32.7404
713.1005,244.9784,18.0052,32.7985
710.0561,244.4011,18.2155,33.0295
707.3886,243.7343,18.4758,33.2899
702.6762,244.5478,20.7918,31.0592
699.7081,242.9210,19.9813,32.0851
699.4547,244.0685,19.4162,32.5382
695.4475,242.4636,19.2497,33.3090
692.3865,242.1216,19.2036,33.7731
697.6917,227.5171,19.4240,33.4113
695.9319,224.5297,21.2165,30.9830
694.5479,221.7526,22.1761,30.3302
688.5507,220.4271,22.6380,30.2491
685.0842,222.7748,23.5093,29.5521
677.8430,223.2991,24.2748,28.8016
671.7681,227.7041,25.0389,27.5373
651.8721,242.0468,22.2033,30.7744
647.0972,240.9780,20.3870,32.9538
643.4794,236.3150,19.2454,34.6438
643.2645,235.5550,18.5464,36.1913
642.2202,239.2159,18.3459,37.1665
645.5902,239.7040,18.1104,37.5005
648.1325,235.5243,17.7588,38.4320
650.3179,235.4090,17.6226,38.8354
655.0730,235.8228,17.6728,38.4081
656.1100,236.0281,17.6881,38.3808
660.3738,236.6670,17.7920,37.7871
661.5958,235.0521,18.2629,37.6118
663.0220,235.6636,18.5039,37.7705
664.0209,235.9998,18.3411,38.5383
665.2722,235.9168,18.2934,38.7247
669.6830,236.5799,18.3785,38.1413
670.5497,237.2074,18.4786,37.7980
671.3557,238.0182,18.7548,37.0539
672.3619,238.3762,18.5041,36.7155
673.3918,238.9891,18.3242,36.1300
677.8284,237.2872,18.6770,35.7236
678.7664,237.7033,18.6296,35.7364
679.4302,238.3240,18.8135,35.7950
680.3517,238.5680,18.7976,36.1046
680.9788,238.6715,18.7325,36.1005
682.0544,237.0878,19.1865,36.4311
683.0118,237.1443,18.9550,36.7568
683.9158,237.5350,18.7913,36.4400
684.4940,237.9675,18.7664,35.9693
685.6259,235.9983,18.9969,36.0427
686.1019,236.8069,19.0405,35.8737
686.7390,234.8555,19.1318,35.9426
687.6827,236.1975,19.4725,35.8146
688.1826,236.9300,19.3251,35.5043
688.4348,237.9230,19.1168,35.1312
689.2709,236.4120,19.2632,34.9248
689.7501,237.2122,18.9436,35.0098
689.8731,237.6499,18.6273,35.0978
689.9424,238.4181,18.3801,34.8673
689.9108,239.7567,18.0934,34.1156
690.4135,240.8242,17.8256,33.8320
691.1886,238.9499,17.9312,33.1761
694.6595,236.7464,18.0071,32.4995
694.5979,237.0231,17.9977,32.7444
694.0598,237.2863,17.9857,32.8581
694.2267,235.4163,18.5392,33.1873
693.5857,235.9516,18.4556,33.4347
692.8705,236.4930,18.3068,33.5590
693.1353,237.1301,18.4304,33.5856
693.7023,235.2356,18.9439,33.6589
694.3129,236.0103,18.4020,33.9994
694.6483,236.6875,17.9616,33.2714
697.5209,234.9745,17.9584,33.9655
703.3471,246.1564,20.7637,31.6338
696.4354,235.9372,19.9333,32.5960
693.3387,236.3245,19.4030,32.4758
693.1839,235.6075,19.3794,32.3726
690.4542,236.7625,18.9340,32.3599
693.9060,237.7112,18.6990,32.3731
691.3232,236.7764,18.4994,32.2865
694.9706,235.5880,17.9785,32.6296
703.0039,236.9593,18.9185,31.9310
715.1180,237.3683,20.2578,30.5138
715.9323,238.6781,19.2614,30.2943
717.9197,238.6964,20.7048,28.3323
721.3385,239.9877,19.5697,28.8752
2
0
0
0
0
1
691.8231,228.2853,34.1538,40.2374
692.6482,228.0125,33.6706,40.2756
692.5079,228.5499,34.5586,38.7845
693.1650,228.9772,34.6590,38.7933
693.5331,230.2937,34.8709,38.7165
693.0262,230.9173,35.3375,38.8595
694.6691,230.8697,34.5084,39.4426
696.5875,230.9310,32.9991,40.5418
688.8021,237.4815,34.1469,38.0288
685.6118,228.3838,30.8196,41.7932
685.2378,232.5734,31.3118,40.8712
684.8757,232.1288,31.7076,40.3668
689.7247,237.1921,32.6518,39.1059
696.5913,231.4167,33.0564,39.1045
694.8893,227.4664,30.7456,42.4221
709.4239,234.2552,32.2597,40.4119
713.8603,221.4758,34.3111,37.8171
716.6628,214.3054,36.3944,35.8555
2
0
0
0
0
1
673.1047,234.7657,30.3754,34.0995
670.2261,235.2546,30.2122,34.6410
668.8599,235.6546,30.0231,34.8860
666.5786,234.5209,29.3467,35.8800
664.0483,235.0950,29.8946,35.9320
662.5606,235.0098,30.1037,35.8313
660.2089,235.1950,30.3867,35.5370
659.0649,235.7708,30.5303,35.6831
657.1168,235.2518,30.6914,35.7134
