1
128.8640,470.5597,23.9363,61.4127
136.8132,507.3628,24.3521,61.4521
153.3830,557.1608,24.3801,61.7379
158.3102,574.5344,24.6601,61.4367
155.7848,580.9675,24.3233,61.4839
154.1431,583.7742,24.4544,61.2745
155.9087,585.9008,23.9849,60.9623
158.5186,583.7396,24.2995,60.0838
158.3971,582.6592,24.4884,59.6652
159.9363,583.1932,26.0869,57.5829
160.4055,584.3851,26.1410,56.8097
159.5278,583.6058,26.6464,56.1817
160.8811,584.5132,27.3672,54.4968
158.9622,586.0640,27.5732,53.5197
158.4690,586.8181,27.3667,52.6314
160.6698,595.5530,26.7787,54.3504
161.0827,595.7529,26.8876,54.4360
162.5586,597.6808,26.6545,55.5042
163.5809,607.0356,25.3638,58.3382
161.2195,628.3326,24.6360,60.3086
163.2230,634.3414,23.6420,61.5320
168.0765,653.1644,23.5590,62.3035
179.9418,672.4349,23.8860,61.6674
196.2088,700.7172,25.5531,59.1493
214.9305,727.4427,31.1055,53.4779
236.5181,751.3298,36.6321,49.1770
269.5993,776.2148,38.2656,47.1506
316.7600,800.2780,40.3621,45.4230
358.1656,819.9685,47.0702,41.3897
384.5142,829.4164,49.8336,40.5298
392.8378,840.6265,48.9097,41.9726
404.0361,847.4401,48.1313,43.2510
407.5046,850.1614,50.3509,42.4533
408.3311,846.8714,52.6850,41.9292
413.9950,848.9427,55.7565,40.7845
420.3463,849.0800,57.5667,40.7005
447.0358,846.5787,58.7953,40.9861
483.2632,853.1611,63.6211,37.9383
523.8730,846.6151,63.2997,39.2735
560.1537,825.0424,62.1091,40.9221
576.0075,797.2980,56.3723,45.5081
577.7714,782.1815,50.3719,48.0953
580.9120,763.2615,46.4443,50.8851
574.8119,753.0645,44.1272,50.2858
566.1270,743.4944,41.6861,50.6657
561.3931,743.9766,39.7850,50.7268
562.4307,747.3416,38.8416,49.5373
561.1247,746.9005,37.6694,50.1395
561.4955,745.9442,36.9413,49.6480
562.4529,745.3000,37.7198,48.7006
563.9164,742.7413,38.9935,47.1601
563.4717,742.4117,40.2568,45.8642
563.6794,742.7738,39.9410,45.9777
566.4342,747.9836,38.2603,46.8954
568.1774,749.8383,36.6963,47.1175
570.0398,749.8765,35.6564,47.4079
566.6437,742.8561,35.6786,47.2701
564.2332,739.0406,35.9964,47.0178
563.0670,736.5950,36.4116,46.4869
562.4421,738.1678,36.2067,46.0928
561.2331,733.9208,36.0549,47.1945
558.4380,731.2117,36.2277,46.5727
558.0890,729.4614,36.6654,45.9954
557.7626,729.7021,37.0290,45.9324
556.4722,729.7773,38.0175,45.6205
555.3529,728.3602,39.6685,45.2536
555.1628,728.8516,41.3495,44.6362
554.1512,733.5856,41.9108,44.4432
553.4664,731.4709,42.9907,44.1746
551.0286,732.5114,42.8438,44.3103
552.1493,730.0268,42.3961,45.1059
555.5598,732.2483,40.9741,45.6521
555.9277,732.4544,40.0446,45.8168
556.1202,732.4771,40.0694,46.1536
555.0434,734.9823,40.8721,45.9198
552.1228,731.9066,41.9792,45.6208
550.7370,727.2923,42.6048,45.5396
545.2281,724.1027,41.8324,47.2251
542.5193,722.3682,42.2187,47.7949
540.6185,712.3817,42.6909,48.1338
536.1277,700.1002,42.0080,49.1259
531.1154,677.1703,40.1326,50.4364
534.6416,649.3859,38.7667,51.2397
545.8353,630.3383,38.0059,52.3346
552.7473,618.8312,40.4122,50.9143
585.7352,590.3476,44.1771,49.2947
606.3393,579.1810,45.1580,48.3578
614.4452,586.4052,49.4381,45.3439
630.0419,602.0670,55.4354,41.5608
662.5779,626.6923,56.6310,41.9547
696.9257,664.5341,56.8865,43.4859
709.2378,680.0397,54.4438,45.1253
715.4000,687.4717,52.6994,46.6434
716.1136,687.6453,51.5005,47.7423
717.7835,696.0612,49.2034,49.5092
714.3646,696.8021,48.4437,49.5850
715.7609,698.8966,47.6945,50.6364
715.6265,701.1280,46.3316,51.7745
717.0057,704.1616,45.2036,51.7314
714.6287,710.4297,43.3373,52.1370
709.1972,718.5790,41.8989,52.8420
697.2863,734.7039,39.4649,53.5665
684.8297,750.3682,39.1296,53.4882
667.0840,763.0147,39.6453,53.8361
644.5260,781.5864,41.1674,53.0456
630.7897,791.5591,42.5600,51.8530
627.2626,792.2618,43.3096,50.8391
625.9897,789.9716,44.0325,49.9629
617.5040,791.2581,44.5890,49.8594
613.4850,792.8519,44.7602,50.3468
599.5225,804.4250,45.0490,50.6952
584.8819,813.2360,45.7366,50.8993
561.4575,824.9747,50.4919,48.2133
530.4141,832.7767,54.3811,46.1792
501.5713,841.6442,54.0589,46.9513
493.1963,841.9096,53.6109,47.7352
488.9433,851.5275,53.0130,49.9094
482.6541,853.3715,51.1246,51.3023
483.1332,851.9767,49.8635,52.2489
482.1089,849.7731,49.3273,52.7601
478.6002,849.0668,51.0566,51.8571
470.2458,847.7455,52.5331,50.5859
457.8684,846.8475,58.8560,45.5933
437.8232,844.4374,64.4283,42.0850
417.8911,841.8171,67.6647,40.0785
403.9825,834.5692,70.0704,38.5340
376.8322,824.7324,67.1913,41.1885
350.6737,799.2356,65.6120,42.9839
346.8669,782.4436,59.7742,47.1295
338.5209,771.2192,57.5263,48.7762
333.7515,769.6861,58.4428,48.9179
324.0631,778.6369,58.5427,49.2441
312.2501,771.7999,58.2692,49.2114
309.0631,770.9640,57.8279,48.6307
314.7918,765.2128,54.5012,49.4266
323.1088,756.3318,51.8961,49.9881
339.5613,742.4492,47.8797,51.0732
354.2130,730.7207,49.2573,50.7242
385.7233,716.0620,49.7402,51.7879
405.8426,703.8447,53.5386,49.5921
419.7079,702.0877,55.8803,48.3928
430.4531,701.6877,62.6648,44.3823
450.6357,705.2812,66.4244,41.2521
461.6722,695.8355,65.3526,43.2755
465.2184,678.1859,60.1151,47.6806
468.2097,648.4261,54.5046,50.3471
466.3597,611.3649,50.4849,53.0155
453.4935,560.9421,47.4131,54.9719
434.5861,519.3955,47.1409,55.6878
405.1398,473.8933,49.5177,54.4437
363.9372,459.1377,52.9895,52.3562
342.4866,460.8768,54.3795,50.6018
313.5518,459.8690,55.7340,48.9034
303.1693,451.8031,54.9416,49.5275
299.6748,440.7160,53.7567,49.4488
293.8583,411.7892,51.2429,51.9523
279.1223,372.9371,48.5116,53.6113
267.8842,326.4019,47.3894,54.3657
253.5482,271.7139,45.8171,55.0456
245.4590,254.3008,46.1658,54.0003
246.7446,252.3264,46.0629,53.8430
257.6830,252.2048,43.6774,53.8198
272.0251,237.6126,41.7383,54.6686
290.8990,220.1609,41.8235,53.9929
315.4445,205.1786,44.8466,52.9369
325.3026,202.7094,45.9603,52.0366
339.2038,202.1420,46.4428,52.1949
339.3752,198.2887,45.4391,52.2112
327.0237,207.1031,43.8369,52.4158
312.0464,219.5098,42.5291,53.0612
297.8658,240.9155,45.7478,49.8668
275.0389,258.0866,52.5588,44.6818
257.7471,281.5133,53.2224,44.7815
229.1819,301.1909,55.4139,44.0459
203.5508,316.0577,56.4844,43.9450
199.9202,318.0780,55.1222,44.5632
200.6843,318.2856,53.6774,45.3355
201.8130,317.8076,54.0239,45.4708
212.8264,317.3697,51.1602,47.7160
222.3370,319.1174,46.0561,50.5399
233.5264,323.7950,42.1464,52.1158
239.6276,338.8843,39.2263,53.2171
246.3729,361.8084,37.4974,53.3072
253.7640,403.4684,36.3521,52.7476
253.6472,449.2546,34.9370,52.9457
242.1280,485.8930,34.6282,53.3149
222.5803,505.1060,36.3156,52.4038
194.4780,516.0299,42.5799,47.5748
160.2218,520.2222,46.3510,44.5211
138.0729,504.7838,48.7815,42.8397
149.0276,509.1693,49.7519,42.8753
147.7722,508.9601,50.4816,43.0685
147.4547,507.7302,50.7448,43.3799
142.9202,507.8698,51.6446,43.0971
146.0044,507.2596,52.2283,43.1918
145.8511,506.5819,53.3831,42.9094
143.4510,508.8093,56.0588,41.2141
140.9336,510.7717,58.8047,39.5350
134.7163,512.0038,62.8353,37.3702
134.4315,513.1234,65.6202,35.9612
136.2770,513.6213,68.3211,35.1134
132.9258,514.1531,70.0668,34.6491
131.6573,509.1331,70.7660,34.7005
133.7244,509.1125,70.6843,34.7556
131.5838,509.0746,72.4310,34.1559
132.6281,514.7519,73.2886,34.0096
135.3094,513.0125,69.4146,38.3198
135.0544,513.4047,66.5355,41.6722
129.8939,517.0893,68.9234,40.3818
125.2506,518.6923,71.3589,39.0038
125.5462,519.5019,72.5383,38.5096
123.2577,520.2351,73.8410,37.8789
121.3170,520.9539,75.0922,38.1456
129.4349,509.3970,70.8330,41.1976
151.1882,509.6761,60.4568,48.9270
156.5652,510.9738,54.3234,51.6985
158.7415,511.9428,50.1818,52.8526
158.6918,513.1287,46.6457,53.5071
158.5035,513.5665,43.5288,54.6313
159.6567,513.5697,41.0014,55.5988
158.8659,511.9991,40.5874,55.9684
158.0828,510.6850,38.9847,57.3437
157.8221,511.4099,37.6064,57.4169
160.5673,511.7192,37.1258,57.1360
161.3495,515.8773,38.6477,54.4412
166.3254,515.3587,36.3340,55.7179
171.0271,516.2464,34.3386,56.7163
173.1497,517.3895,37.6665,52.6584
178.0643,519.6588,39.3241,50.7461
186.3933,531.4249,39.9435,50.6036
188.1076,545.3986,39.4396,51.2130
191.3014,563.5252,39.1564,49.9305
192.5670,564.0308,39.4153,48.6428
192.7423,566.1641,39.4015,47.7716
191.7253,570.5153,37.6603,49.5722
183.0723,592.9327,37.1195,50.9541
177.5472,619.2057,37.2378,52.2061
167.9164,636.8626,37.5181,51.7411
167.3190,635.5905,37.5093,51.2114
167.7199,634.9250,37.2994,50.8683
168.1446,633.6155,37.1258,50.8657
168.9174,632.6632,37.1744,50.9253
169.3359,631.2156,37.0374,51.6700
158.7185,633.2109,40.0938,50.0433
156.6738,628.4336,43.2052,48.6250
151.4875,629.3615,45.8221,48.1543
151.2742,630.9267,46.2875,49.2597
152.4923,634.9999,46.2295,50.2985
153.2099,639.1174,45.5593,51.8269
155.2772,638.3983,44.1658,53.3752
156.6114,636.0483,43.5053,54.9857
156.3224,636.3406,43.6848,55.5072
156.9194,636.6305,43.3330,56.3059
158.3869,636.5723,42.9562,56.4238
157.7520,636.5884,42.9539,56.3393
158.2314,638.0091,42.6263,56.1845
159.7688,637.2859,42.0058,55.5999
160.8532,637.7990,41.2747,55.4374
160.5982,638.2151,40.6461,55.8133
161.0076,640.3253,40.3660,55.3851
161.2484,641.3167,40.3976,54.7282
160.5505,642.5564,40.6001,54.4770
161.5849,639.8627,40.0410,54.8374
165.8600,636.1527,38.8068,54.7541
167.6072,635.1768,38.9846,53.9028
171.1292,634.3152,38.8188,53.3153
175.3767,631.0005,37.5430,54.3104
183.1841,631.1731,36.2211,54.5925
181.4113,637.0895,39.3237,50.3726
182.7507,640.2620,45.0230,46.5560
178.8287,642.5431,49.3112,43.5471
181.6186,645.6943,55.1863,39.8192
180.0224,648.4052,59.0240,37.7337
178.2428,651.1573,62.7216,36.5510
177.0925,651.5461,64.5029,36.0902
177.8154,651.3025,65.9654,36.1081
198.2846,657.5472,62.0187,39.0831
204.9837,658.7535,59.8184,41.0607
213.7377,664.7478,58.4680,42.6623
221.2658,676.6197,55.8111,44.8160
231.1905,681.6479,53.9482,46.3976
256.8826,702.3304,55.2558,45.6864
302.3802,728.7349,56.5893,45.4559
337.1373,745.7186,58.6589,44.4178
342.3610,753.6075,59.4734,43.8450
352.5374,757.7960,56.4528,45.7827
357.5052,758.8971,55.3988,46.4934
364.4698,765.2673,55.5855,46.4960
370.2597,770.6282,57.4043,45.5029
376.9165,772.5750,59.0514,45.2431
378.6528,776.5168,64.2660,41.5120
374.4820,779.7140,67.8867,38.8299
374.1042,780.6039,70.6289,36.8130
376.5998,759.4172,64.2244,41.2766
383.1698,754.5778,59.8634,44.9044
385.7396,750.1396,55.4735,47.2365
388.1569,746.1224,52.6135,48.5357
392.3098,737.2534,52.0111,49.3093
406.9765,732.1365,52.7163,48.9910
428.6838,722.4470,54.4612,48.1129
445.0378,715.0130,57.1780,46.5876
464.6755,714.0060,62.4198,42.4313
483.9172,715.1758,67.9460,38.9133
526.6216,729.9036,69.3548,37.2327
568.3666,753.5237,65.8021,39.9599
588.7332,780.3992,59.3050,45.4380
592.6151,797.4549,53.5225,48.9106
590.2665,801.1123,47.7839,51.9753
586.4105,806.5075,44.3438,53.8118
567.9323,810.7012,45.4811,52.4874
548.3571,818.8990,48.5589,50.2827
533.5536,823.2476,50.6837,48.8022
518.2695,831.5435,51.2848,48.4897
490.9108,832.7618,54.7672,47.0372
453.5559,837.3825,60.8246,42.3419
404.2591,832.4596,65.9305,38.6636
356.3326,828.8638,67.7760,37.8154
325.9277,814.2885,64.1723,41.1922
314.3001,814.6484,62.6654,42.9406
305.5980,790.1393,60.4377,44.5777
295.7611,758.3182,55.5762,48.6116
282.2399,711.8602,52.8967,50.5188
259.6295,689.2162,52.9788,49.4086
257.1231,687.0491,51.6049,49.4918
