1
141.3699,27.3019,30.9375,126.1138
140.6178,26.6265,31.1116,128.5173
140.4271,25.0238,31.3968,130.6864
139.2233,25.0254,31.6799,132.2894
139.3119,25.0206,31.8115,133.6059
138.5914,24.1257,32.0889,135.9388
138.2206,23.9385,32.1909,138.0208
138.1222,23.1205,32.3614,139.0787
138.1244,24.1153,32.7922,139.0396
137.2732,25.4790,33.5650,139.7707
136.4634,26.4294,34.0500,139.6489
135.4767,25.3215,34.5027,140.7040
134.4307,26.3069,34.9354,140.7393
134.7645,26.3876,35.0664,142.0314
133.8778,27.6987,35.7822,141.5104
133.5565,27.8802,36.2605,140.5041
133.0269,28.7693,37.1260,139.8925
133.4216,28.8471,37.3751,139.3883
133.0007,29.0615,38.1662,138.1528
133.1382,28.9881,38.3164,137.4644
133.0036,28.4118,38.4236,136.7368
132.8369,27.0854,37.9978,137.9519
133.0767,26.3989,38.3776,137.9518
133.3859,25.4656,38.6011,137.7839
134.6025,25.3369,39.0248,137.2320
135.0566,27.2859,39.6239,136.5290
135.6066,27.1174,39.9158,136.1117
135.7270,27.3427,39.7063,136.3180
136.2594,27.6121,40.0703,135.9233
135.7596,30.4255,39.7625,134.8065
136.4414,28.7309,39.9172,135.2135
136.6095,29.2068,39.9660,135.9094
137.4536,28.9570,40.1140,135.4891
136.8127,30.8087,40.0743,135.0033
137.2564,32.1836,40.5463,134.3383
136.4770,33.5942,40.4003,134.5828
135.9674,34.7777,40.1600,134.9626
135.1629,36.1453,40.6370,133.5090
135.2706,36.6177,40.9273,132.9802
133.9127,37.7112,41.4821,131.9426
133.4338,38.3126,41.4983,130.1179
133.3069,38.7951,41.4204,130.1236
132.9794,38.4144,41.5289,129.1276
132.8015,39.3977,41.3417,129.0425
133.5782,37.7914,41.4665,128.5189
133.1384,39.0195,41.0163,129.2496
133.9030,39.7130,41.3507,128.3038
134.0426,40.7549,41.9519,127.5613
133.7571,41.0743,41.9566,128.0613
133.8074,42.8113,41.6975,127.8585
133.3540,42.8073,41.5322,127.4198
132.9739,43.4534,40.9021,127.1824
133.5521,41.5777,40.8882,126.8177
133.0981,42.1915,40.5274,128.2687
133.1616,42.1056,40.1360,128.4549
132.7434,42.4100,40.1267,128.3553
132.5666,40.7728,40.1883,128.3049
132.3363,39.5914,40.0360,130.0849
133.1593,36.4729,40.6023,130.2008
133.7363,35.1864,40.6851,130.2753
133.9961,33.8917,41.2630,130.9132
134.3080,33.1283,41.5325,131.9679
133.9803,33.1260,41.9641,132.7742
134.1563,34.7336,41.9042,132.4099
134.5017,36.3154,42.2603,131.9257
134.5580,38.3922,41.6292,131.3412
135.5137,39.1708,41.2291,129.3162
135.7792,39.7024,41.2816,127.8882
136.4006,39.7950,41.2506,127.3864
136.7532,39.4834,41.3170,125.9246
137.1227,40.7581,41.9057,124.6029
136.6943,40.5300,42.0632,124.9669
135.7316,42.7590,42.6227,125.0410
133.8607,42.6566,43.4271,124.0115
131.7855,44.4939,44.1406,124.0170
128.3671,44.0800,44.4393,123.2345
122.7390,41.3390,44.7463,121.0599
119.1142,41.4181,45.1351,118.8391
113.4105,39.0167,45.1618,115.1256
107.0581,39.0016,45.8908,112.4946
103.2540,39.7976,46.0721,111.5021
99.5270,38.0601,45.4519,112.0488
96.0483,38.8637,45.2206,111.1763
94.7914,40.7287,45.3769,110.2178
91.8228,45.7669,47.0662,106.5297
89.9152,48.3135,49.6636,104.3653
89.1118,48.1049,51.7405,101.7388
88.3951,50.0180,53.8125,98.7982
90.4052,50.9264,56.1568,96.9341
91.2074,51.0883,57.0069,95.4600
93.0456,49.8403,58.2933,95.0325
95.5949,49.4371,58.0703,95.5267
97.7837,47.5765,57.8976,97.3284
101.5785,47.5856,57.2455,97.5368
105.7680,47.9364,56.2114,96.8371
108.2404,48.9139,55.5787,96.6340
113.8589,47.3599,55.1518,96.3456
117.1504,40.8428,53.8101,98.9555
119.2606,38.9117,53.7470,101.6413
118.3283,37.3390,55.6691,104.1965
114.0470,36.7708,57.3333,105.6756
110.9118,36.7706,58.2361,104.5019
110.6209,38.5353,58.2341,104.5688
111.8733,42.4170,59.8289,104.6677
111.2492,42.5855,60.4976,106.0364
114.7239,43.6214,59.5165,107.4579
112.4204,43.8694,60.7726,108.5371
110.0462,45.8905,60.7227,109.0672
106.3907,46.7958,62.1844,107.1426
105.8165,44.9203,64.4421,106.7489
107.3399,43.8411,64.9790,104.7970
112.9546,42.0594,64.0947,104.5941
119.5742,41.3162,62.6872,106.0861
123.9368,41.0444,61.5476,108.3721
123.7386,42.5252,60.3260,108.8858
117.0968,42.8447,61.5794,108.6921
112.4940,42.2627,61.4099,108.8339
109.8576,41.7451,62.3240,110.6576
114.0030,41.8203,62.2897,113.3646
118.8489,42.1675,62.4856,116.1303
124.6236,42.8977,63.9937,116.3088
127.1011,45.1084,66.6524,115.6066
127.2482,44.0323,68.5043,117.8502
123.3094,39.1521,69.7501,121.6008
120.0864,34.3516,69.9937,120.9397
121.8046,33.3364,69.3442,120.6794
128.0868,33.6905,67.9516,119.5151
131.7556,37.9686,66.5471,116.7329
134.1928,42.3086,65.3947,114.1826
134.9475,46.5603,65.5264,113.0056
137.0672,52.2485,64.9156,110.5111
136.5306,55.7826,64.7053,108.9027
137.2524,60.1459,63.6005,108.2048
137.0511,65.9441,62.3206,108.2588
137.5073,69.4080,61.6236,107.7213
137.2744,71.3973,61.3862,107.0513
132.3224,70.2039,63.2595,107.7903
126.6980,68.5893,64.2371,108.7225
112.8156,63.4906,62.9710,104.8333
101.8327,47.6044,71.8697,90.9168
109.1813,46.6095,88.8381,74.4665
107.0009,45.3964,104.1001,64.7537
109.4930,37.1625,105.3689,66.8282
115.6626,35.5464,105.6820,69.7469
126.5465,46.6721,104.3872,68.6652
131.2450,57.4541,100.5706,70.2923
131.2623,63.6349,97.9320,70.4769
131.0160,68.4833,95.3366,71.3702
134.6002,71.0485,92.5599,71.4989
139.6075,73.2074,91.1399,69.4119
144.3740,75.1363,95.9158,68.0548
139.4436,84.0259,96.0467,63.9599
136.4987,92.1608,97.3058,63.7840
133.8370,96.7669,94.6028,65.9357
133.9164,95.6663,90.8709,67.1233
135.6587,95.0792,88.3566,67.7069
144.1892,93.0344,75.8120,77.1722
145.6812,85.5718,67.5809,85.0624
147.7055,78.4148,61.6274,92.2594
141.6716,69.1710,60.6668,99.7687
131.9132,63.7090,61.7723,101.6681
126.5036,61.9227,62.0087,101.2015
116.2724,56.4820,67.8318,95.4229
104.6875,43.6446,77.3657,86.5339
93.1547,42.4268,87.8411,78.4018
91.2970,40.0899,94.8214,72.3817
96.9196,32.1814,95.5505,72.8124
96.7376,26.7207,95.7703,72.4405
99.6985,28.9894,94.4899,72.1287
102.3009,30.2901,91.9566,71.7831
103.0946,30.1631,90.7108,71.7136
105.7649,33.2137,90.2744,68.9852
107.7744,34.8570,90.2513,67.3188
109.0359,36.6539,90.8943,65.8136
112.9189,35.3934,92.5786,66.1754
116.7451,34.7298,97.4829,64.0904
119.6003,36.8891,99.4978,62.1887
120.2083,38.9405,109.4241,57.2590
116.9003,40.2303,112.3078,53.9120
113.7557,40.6366,117.8186,50.4784
111.5751,38.3409,124.5521,48.8597
111.1838,36.3065,129.3872,46.4478
113.5874,34.2322,131.9188,45.0770
113.0753,32.6464,134.1510,43.8075
108.8772,33.0321,133.7318,42.7809
2
0
0
0
0
1
172.2201,71.5907,23.2218,60.6113
172.9330,69.6831,24.9102,61.5223
173.3719,67.7552,27.6671,61.6928
172.5586,66.4181,29.8887,62.5300
172.6004,66.5279,31.9563,62.6021
173.3775,67.2559,33.0073,62.6476
173.4535,67.1621,33.9549,62.8024
173.2358,67.1772,34.9889,62.6292
173.2413,67.5640,35.7550,61.8412
172.7851,68.2718,36.0078,61.3883
171.7819,68.2718,36.0100,61.3657
169.5427,68.0440,36.2306,61.6162
167.1611,67.1558,36.5935,62.0520
164.5747,67.1987,37.2104,62.2110
161.4419,67.5932,37.4178,62.2473
160.4539,67.5345,37.3861,61.7273
159.1036,67.6526,37.4133,61.6382
157.8738,67.8265,37.3295,61.5691
157.2890,67.2577,37.4017,61.3695
157.2789,65.3434,37.3077,62.3109
159.3987,63.9130,37.1879,63.8800
159.1901,62.8279,37.0574,65.2674
159.6291,62.2039,37.9178,65.8632
162.6934,58.9049,37.8592,67.5622
164.8198,58.0212,39.1017,67.6882
167.9773,56.5981,39.3431,68.4822
169.3429,55.0903,40.4104,69.4033
170.9579,54.0442,41.4906,70.4489
172.9428,53.0243,42.5126,71.8612
174.1356,52.7918,43.8267,73.0040
175.2448,52.2354,44.9249,74.3211
176.6046,51.4930,46.3384,75.6103
177.6140,51.7207,47.3264,76.6725
177.7828,51.8599,48.0190,77.6218
178.8241,52.3671,47.9455,78.8717
179.2054,53.2233,47.6859,79.6518
178.7625,52.9287,47.3917,81.0168
179.6612,52.4596,47.4693,82.4463
180.7846,53.0035,47.6242,83.4773
180.7500,51.9546,47.5678,84.1800
181.0661,50.8622,47.0449,84.6752
182.2742,49.9976,46.7466,85.1488
181.1675,50.3803,47.0366,85.6402
181.7301,49.8933,47.0390,85.7903
181.8623,50.5741,47.3529,86.1093
181.0926,50.3852,47.2334,85.2352
182.7357,52.2350,46.9542,84.2245
183.7183,53.6801,46.4436,84.0558
183.1414,52.9245,46.1233,83.5073
183.4711,53.5617,45.8673,83.1858
183.9070,53.7012,45.8414,82.7943
184.0202,53.0138,45.9147,83.2299
184.4350,52.9848,45.6189,83.4758
184.9535,53.8187,46.0950,83.5076
184.6639,53.9609,46.4171,83.5241
185.7650,54.1447,46.1617,83.7414
186.2773,52.9026,46.5047,84.1733
186.5842,54.5637,46.3629,83.2545
185.9713,53.8397,46.4867,83.5071
185.3509,53.9605,46.5779,83.8022
185.9451,53.6028,46.2494,84.1688
186.1196,53.3963,45.8371,84.4148
184.8571,53.2442,45.7801,84.3700
184.4279,53.0952,46.3261,84.6046
182.2057,54.2825,46.8195,83.8202
181.7635,55.3727,47.2653,81.9788
181.3992,58.4265,47.9903,79.3330
179.4684,58.8218,48.2659,78.0017
179.2083,59.8267,47.9747,76.4149
178.1143,59.1834,47.6064,75.6073
178.6034,59.7332,46.3781,75.3690
178.3584,60.3863,45.5951,74.7576
176.9076,61.3225,45.2417,73.6916
176.7659,61.6833,44.2090,73.5671
178.2256,62.0474,42.7843,73.2416
178.6059,62.2969,42.0861,72.7625
178.8718,62.7404,41.2630,72.5172
180.0012,64.0068,40.4440,72.0008
180.6935,63.6691,39.7540,71.9024
181.7116,64.7634,39.3775,71.5494
181.7206,65.1317,39.4630,71.5557
182.3552,65.0155,39.3925,71.5753
182.7123,65.8327,39.5086,71.4719
183.4262,66.0645,39.2972,71.3343
182.3376,66.8453,39.5761,70.9372
181.8082,67.1095,39.7778,70.9988
182.4588,68.6793,39.8042,70.7001
182.0040,68.6770,39.7491,70.8102
182.7035,68.9836,39.4277,70.5930
183.0554,69.4874,39.1840,70.5310
183.8954,70.3022,39.1753,70.1888
184.4475,70.7336,39.3927,69.8714
184.2864,69.9528,39.6267,69.9136
183.4766,69.8087,39.7920,69.9556
182.9977,69.8408,39.7993,70.5199
183.6272,70.1726,39.6109,70.5144
184.1192,70.5649,39.4007,70.5519
184.3179,69.9218,39.4114,70.6584
184.9502,70.3854,39.2525,70.4209
186.0400,69.9522,39.4018,70.5958
186.2021,69.5065,39.6831,70.5355
187.0658,68.7745,39.7631,70.7475
187.4243,68.1798,39.6107,70.6259
187.8975,68.9212,39.3996,70.1204
188.0216,69.6317,39.3890,69.8263
187.3368,69.2934,39.2454,69.9549
187.3285,69.5680,39.1936,69.9384
186.9427,68.1553,39.0445,70.2185
187.6198,68.4097,39.3018,70.5414
186.1591,67.3012,39.4829,70.8527
186.0354,66.6556,39.2994,70.9950
186.1072,66.1545,39.4351,71.2511
186.1431,65.3575,39.7470,71.7555
185.2248,64.2899,40.0556,71.9801
185.4906,63.7453,40.2903,72.0495
185.3409,63.8105,40.5460,72.0971
185.6171,63.5685,40.7581,71.8253
185.7729,63.0837,40.9973,71.5820
185.9716,63.5861,41.0779,71.3811
186.5743,63.0532,41.1021,71.8544
186.8897,63.4238,41.0585,72.2281
186.9917,63.0195,41.0476,73.1719
186.2937,62.7719,40.7026,74.0131
185.9857,63.3775,40.8224,74.7617
184.7645,64.4597,40.6092,74.7418
183.0533,64.7114,40.4342,74.4763
182.1967,64.8938,40.5472,74.9730
181.3981,68.0693,41.0124,74.1762
180.7146,69.2823,40.4299,72.7418
180.8071,70.2579,40.6187,71.3643
179.3914,72.0319,41.0655,69.5625
177.9948,73.4338,41.5837,68.3108
176.0841,73.5658,41.5965,67.3538
173.5415,74.7306,41.6985,66.5890
171.7353,73.9718,41.8932,66.2189
171.0022,73.5714,41.9167,65.3791
169.0982,72.9404,41.2814,65.1220
166.2001,72.5479,41.2815,64.3770
163.4324,72.1527,40.7321,64.1792
159.9183,73.0427,39.5026,63.8162
156.6564,73.8460,39.1217,64.0028
154.6366,73.1255,39.2897,63.9154
155.8308,71.7607,38.8578,63.7835
155.8156,69.6516,39.2291,63.1930
154.7043,68.4002,39.4852,63.3124
152.5321,66.3720,40.1243,63.8141
150.2201,65.8872,39.7646,63.3020
148.6329,65.4492,39.2023,62.8740
147.5993,67.1349,38.6059,62.5777
144.9443,67.4405,37.3132,63.6806
141.1352,67.2766,36.0577,63.6469
144.1458,67.1484,34.9875,64.1963
143.7805,67.5363,35.6947,64.3278
142.5748,67.3464,36.7818,63.9037
145.5057,66.2035,37.1577,64.1332
147.5373,64.6698,37.4980,65.5021
149.6180,64.4490,37.4721,66.3359
149.6876,62.7756,37.3697,67.3821
148.8333,59.0165,37.0361,67.7642
149.3962,56.7499,37.3404,68.0661
153.5065,54.2928,37.3651,69.1182
156.8388,52.3616,37.8109,70.3959
156.2287,51.1640,37.6704,70.4447
155.6579,49.2388,38.3929,70.9920
156.8469,46.5145,38.4318,71.5585
156.4933,44.9730,38.7446,72.6109
157.8058,46.4861,39.1946,72.4858
158.5653,47.9841,39.7302,71.6288
159.3166,49.5200,40.1396,71.0666
160.7016,53.7421,40.2241,68.9150
161.3965,58.3249,40.1155,66.3217
162.6406,61.2954,39.7388,64.2534
164.3042,66.3942,38.9723,63.0211
166.6312,69.8877,38.4328,61.6745
168.6881,73.0481,37.7405,60.3620
176.4874,76.8412,36.4738,58.5635
179.4253,79.3216,39.4154,54.7052
180.8784,80.6732,41.0997,51.5092
183.1666,83.8038,41.0126,48.4958
184.8916,85.0588,40.6226,46.9932
186.2164,81.3868,41.3520,47.1310
188.8490,75.4718,40.6254,48.6255
188.8096,71.7892,41.2128,49.7435
185.9195,72.9616,40.7862,50.1870
184.8373,73.6905,39.8548,49.9637
187.7883,72.4606,38.4978,51.1087
188.2207,72.1284,37.5512,51.4095
191.0168,72.2506,36.9803,51.2314
191.8051,69.6784,36.8076,51.3238
192.7563,69.3983,36.0675,50.2533
193.8587,66.5435,33.8080,49.0598
191.2535,68.4964,35.4595,46.3952
189.8396,70.1349,36.1251,45.9744
188.0312,67.7190,35.2731,48.3726
188.5389,60.4213,33.6134,53.3252
188.9935,57.8864,32.6776,55.2060
190.6674,56.4317,31.9173,55.4045
189.8337,48.0592,32.0115,55.6777
188.2115,45.1259,31.8539,56.3648
188.1163,41.5253,31.7650,55.8411
189.5277,40.9681,32.8222,55.1456
188.9027,39.6055,33.1546,54.9541
187.0896,39.3890,35.9448,51.6277
187.1480,39.4935,35.1714,52.1632
187.1994,40.6835,34.1646,52.9573
186.0649,40.9411,34.7253,54.1229
187.2754,42.4943,34.4443,54.9005
186.7113,44.3111,35.1384,54.6824
187.4805,46.2054,35.7630,54.3142
187.6095,48.6553,37.0845,53.8355
186.6193,51.1629,38.1457,53.3850
186.0418,53.0509,39.1567,52.3695
186.3478,54.8077,40.1227,51.4696
185.4359,57.1993,41.0238,49.8537
185.9531,57.0795,41.4434,49.3972
187.2115,58.3969,41.6851,49.1641
186.8739,59.6638,41.7806,48.5415
186.7231,60.0373,41.6667,48.0733
186.0855,60.6039,41.9978,47.6720
185.4354,61.5909,42.5693,47.5008
185.5872,62.4649,42.3465,47.4510
186.3264,62.9194,42.5865,47.3905
186.0916,62.6838,42.5742,47.5811
189.0045,64.0874,42.6389,47.9334
190.6570,64.0684,42.2660,48.0814
2
0
0
0
0
1
161.0648,68.8751,36.1876,23.7727
160.4621,67.6437,35.2205,23.7377
159.3235,66.8306,35.2114,24.8308
159.1033,67.0688,34.9800,25.1058
159.2275,66.4533,31.4029,28.8329
158.5963,65.7024,28.7044,31.4017
157.8639,65.7933,26.7977,33.2588
155.9013,66.4254,25.2345,34.5556
153.5988,68.3181,24.2677,34.3628
152.3338,69.7061,23.4654,34.0236
151.1875,69.5469,23.4884,33.3278
150.8533,73.4896,26.9266,30.6718
150.1810,75.9653,30.0889,28.4613
150.5881,77.8778,31.4942,26.5861
150.3461,79.3569,32.1432,25.3144
150.0360,79.6148,31.4092,25.3552
150.6462,78.0673,30.5663,25.8780
150.5547,77.4237,29.6570,27.3800
150.6878,77.0327,28.4875,28.9066
149.9544,75.4725,27.2420,30.5895
149.1244,74.0780,26.4526,31.6434
148.4141,73.2703,26.3974,32.2735
148.1170,72.7849,26.1191,32.9576
148.5046,72.3342,24.9995,34.7322
149.6709,72.7235,24.0206,36.7276
151.0343,73.0923,23.0945,38.2336
152.3793,73.3498,22.7026,39.3208
152.3648,74.1418,22.8311,39.7074
153.4216,74.3950,23.0317,40.5433
153.2270,74.6956,23.1325,41.0975
153.1214,74.0371,23.3930,41.5897
152.6740,73.5749,23.4092,42.0925
153.2514,74.2854,23.8426,42.4250
153.3817,73.9130,24.0572,42.5439
153.9940,73.6250,24.3126,42.7773
154.6396,73.7263,24.4558,42.9054
155.0357,73.3152,24.5631,43.0542
154.5420,73.9088,24.8359,43.3589
154.8701,72.5043,24.9455,43.8913
154.9857,72.8438,25.0063,43.9512
155.4021,71.3553,25.1268,44.4490
155.0142,70.8077,25.2293,45.0364
154.3478,70.1219,25.4452,45.5880
153.8096,68.6868,26.0071,46.3432
153.2472,67.9591,26.9273,47.2349
152.8127,67.6674,27.9207,47.5143
152.7071,65.7240,27.6014,49.5117
152.5076,65.8312,27.5542,50.7135
153.3965,64.1692,26.7938,52.6093
153.2187,64.4041,26.2660,53.4814
154.4013,63.5248,25.1275,54.4531
154.3991,62.7374,23.8886,55.1713
155.3172,62.0812,22.5854,56.0076
156.5312,61.8269,21.8245,56.7767
156.7354,62.0398,21.2617,56.9435
156.3726,62.5753,21.1449,56.7687
155.8092,63.7931,21.7646,56.6854
154.1584,64.3311,22.5453,56.6028
152.6408,65.6276,23.5779,56.0081
151.6738,66.3470,24.1910,55.7947
150.9069,66.5422,24.3531,56.3078
151.5882,65.4684,24.2018,57.8347
152.2116,65.9431,24.7369,57.7752
153.2642,65.9995,24.9737,57.7830
154.3032,66.3439,24.4007,57.9126
155.4447,65.9072,23.7717,58.9301
155.5355,65.1815,23.1824,59.3314
155.7141,65.6832,22.8877,59.7162
155.7711,66.3207,22.5921,60.4027
155.8943,66.9540,22.5623,60.7912
156.4352,68.9281,22.5647,60.6407
156.8895,68.7333,22.2750,61.5668
156.8801,69.2470,21.9435,61.4624
156.9464,69.2068,21.7808,61.2630
157.4902,70.1835,21.7498,61.3967
156.8141,70.6184,21.7573,61.8319
155.3251,69.6636,21.6454,62.7731
153.8857,69.4639,21.7851,63.3669
152.6500,70.0785,22.5760,63.2126
151.7845,71.4501,23.5381,62.8004
149.4431,71.8380,24.3544,62.6141
148.4360,72.5383,25.6882,62.3200
147.2005,72.7364,26.5866,62.3299
145.6413,73.3558,27.5993,61.8709
144.8794,73.7081,28.3906,61.9284
143.4711,74.9140,29.0414,61.8903
142.8708,75.4346,29.5089,61.6687
142.6445,75.9226,29.9723,61.4897
141.6633,75.1472,30.6203,62.1587
141.6316,74.1915,31.1039,62.1361
141.2694,73.8983,31.9093,62.0617
140.5763,73.9161,32.8058,61.7767
141.5109,74.9832,33.3768,60.9695
141.0883,75.5823,33.5982,60.4845
141.1954,75.9331,34.0749,60.3447
140.5735,76.0066,34.2610,60.4031
140.2803,75.1476,34.1022,61.3778
139.2830,74.8857,33.9708,61.9367
140.6596,73.5658,33.8376,61.4664
140.8842,73.3247,34.6014,60.3554
142.4749,72.4950,35.4889,58.8147
142.8505,71.7018,36.0464,58.4577
143.2064,70.4088,36.1492,58.0274
142.8992,69.9417,36.0926,57.9406
142.1202,71.2001,35.7422,58.1283
141.2840,72.4865,35.4142,58.4922
140.7965,74.2303,35.0715,59.2125
139.6343,74.8254,34.6980,60.2979
139.0961,75.2864,34.4439,60.7638
139.6722,74.9159,34.2496,60.8492
139.0747,75.8687,33.6314,61.2915
139.1200,74.9109,33.3278,61.3568
138.7494,76.0476,33.4740,61.7013
139.0871,75.9668,33.4348,61.6157
138.9070,76.0132,33.1676,61.7350
138.8644,76.9693,32.8992,61.9140
139.3287,76.7159,32.9281,61.8280
139.7026,76.3497,32.8497,61.7392
139.9971,75.3046,32.7730,61.6564
140.7338,75.5287,33.1097,60.8951
141.3410,75.4523,32.9647,60.9839
141.7374,75.7674,32.7695,60.8725
142.0811,75.1538,32.8969,60.6491
142.8262,75.1308,33.0403,60.6208
143.0859,74.3601,32.8245,60.9526
143.2958,75.3739,32.9390,60.9219
143.7462,75.2483,33.0057,60.9322
143.8603,74.7229,33.0119,60.7626
143.7159,73.7443,33.1072,60.8768
143.7713,73.5846,33.1635,60.9657
143.6978,73.2424,32.9772,61.0888
143.3607,73.1940,32.8675,61.1896
143.1110,73.2972,32.7837,61.5309
142.8273,74.5152,33.0340,61.6397
141.8777,74.4003,33.9297,61.5268
141.1077,74.6590,35.2015,60.0643
139.8415,74.9316,36.8503,58.7828
138.2615,74.8601,38.0235,58.2774
136.7565,75.3292,39.4904,57.0691
135.7622,76.1836,39.8875,56.7474
135.7268,75.6507,39.0622,58.5260
136.9217,75.2926,38.0273,60.4532
137.7955,75.4533,37.4255,62.0083
138.0540,75.0072,36.8114,63.0601
