1
288.4757,152.8122,91.6417,196.0813
286.8678,148.5571,93.3248,199.7982
286.9439,146.9540,93.7260,201.1330
283.1060,144.2664,93.8906,203.6895
282.2078,142.0386,92.5989,206.6818
281.0603,143.3456,93.0472,206.7586
282.1293,146.9385,94.5233,205.0607
282.3301,146.1266,95.8807,206.8885
284.2870,145.4696,96.3380,207.0247
287.9626,149.2154,98.1973,203.8212
290.0632,150.3224,97.7270,201.6622
289.4275,147.8020,99.6662,202.8941
287.1640,155.9445,101.8412,197.5118
288.3249,158.1398,104.9284,195.8468
289.4459,161.3822,106.8220,193.3478
290.3492,161.0937,108.8386,192.3229
290.1452,155.1203,109.7629,194.1459
290.9082,151.7748,111.0547,195.1520
288.4451,150.5205,112.5729,196.4469
286.2417,144.5464,112.9828,200.0795
284.1229,141.9628,112.5749,201.5152
283.3822,137.7560,115.2404,204.3461
284.6474,138.7883,115.8843,202.4272
281.4079,141.6407,117.6477,200.9768
283.8298,142.1697,119.7314,199.8577
284.3831,136.6588,119.7089,200.6002
285.2059,136.3026,119.4681,201.7162
286.6158,136.8231,120.9708,200.7386
282.8727,132.8998,122.0043,202.0397
283.5147,128.9730,124.0130,204.9704
283.7445,124.0155,124.9878,208.2327
283.8386,130.2723,124.8743,205.1460
282.3326,130.4219,122.5403,204.4214
280.7888,130.3582,120.8274,202.8718
283.9957,126.1816,121.1816,204.0178
288.9731,119.1296,121.3361,207.3702
291.0820,119.1263,121.1218,206.2663
292.7002,114.3241,120.4913,207.5999
291.6905,113.7550,122.2755,206.7342
285.9572,116.7641,120.5023,204.8403
287.4185,114.7911,120.0137,205.2238
292.6398,112.8797,120.6455,205.4099
294.3391,114.4272,120.5101,202.6530
293.0048,115.0040,121.3701,202.1383
291.8513,112.7713,121.2565,201.9911
291.4097,112.9293,120.9306,201.1854
292.3411,112.8295,121.5694,200.4448
291.3843,116.7818,122.1838,197.6290
289.5194,116.9431,123.5598,197.0159
289.9538,117.2095,123.5866,196.4006
288.7961,117.7246,123.5202,195.5806
290.6051,115.9719,122.9966,194.9652
293.0050,116.6917,122.2636,194.0885
293.9786,118.3273,120.9537,193.3939
294.0805,119.9820,120.2424,193.0547
296.6454,117.5790,119.0242,193.9269
296.9031,115.3432,117.6182,196.0526
299.6076,122.4759,113.8033,192.2181
298.4378,116.7719,116.0325,189.2142
301.9154,116.2640,114.9080,193.1502
304.7220,116.6847,115.5186,193.2957
309.5441,120.5541,112.9913,191.3309
312.7004,122.8024,113.4902,188.2195
315.2959,125.6866,112.9244,185.3353
318.5860,128.7068,111.7177,182.5454
323.4175,129.3666,109.6323,180.1700
326.0242,130.0320,107.3783,177.0189
327.9027,130.6427,104.9870,174.8362
331.4587,132.4875,102.3029,172.3540
333.1954,132.7254,100.4550,169.9424
335.4160,132.7971,99.6605,170.3701
337.4296,133.6031,98.7449,169.2596
339.8980,136.3115,98.6483,166.4373
343.5621,135.8704,96.9077,165.0082
345.5500,136.4432,96.7388,163.4864
347.7838,134.9375,96.7010,163.3081
347.0546,133.0352,97.2337,162.7444
347.7373,131.3347,96.0219,163.8767
348.1390,129.6986,97.6307,163.9118
347.2751,127.2984,96.7198,165.5233
347.8845,125.9391,97.1467,164.7695
347.8558,124.8159,98.0169,164.7120
348.9661,133.3488,98.7149,162.8402
352.3574,126.1807,98.1232,163.4382
354.4723,125.2576,99.5377,163.2170
355.7308,124.1573,100.6539,163.5004
359.6882,124.7472,101.0327,163.2704
362.0638,128.7665,100.1362,160.7823
363.8495,123.2683,99.9640,163.3780
365.0345,122.0968,98.9361,163.9927
364.6082,124.4613,100.7000,163.0720
368.5481,125.1349,100.4522,164.7482
368.6583,122.2690,100.6555,166.0171
370.7305,122.1190,100.0168,167.3564
372.4275,119.8680,100.9125,169.2233
374.4990,121.0024,100.0082,170.6197
374.5612,118.9180,99.3363,172.5907
377.8954,120.2948,99.4709,173.4531
379.3590,119.9142,99.4107,173.1808
380.6118,118.9740,99.7243,172.8387
382.3882,118.0730,100.3187,173.7369
384.0132,118.2384,99.8831,174.5454
384.8164,116.9686,99.4566,175.6155
383.0451,116.9629,100.2426,176.3505
381.1404,116.3477,101.0895,176.9027
380.6796,116.2074,100.6227,177.5528
380.4818,115.9762,100.4879,178.8840
379.6189,114.6110,101.0368,179.7320
377.2947,117.2432,101.0819,178.7526
380.3444,116.2919,102.3272,178.0899
380.3512,116.2226,102.2145,179.9324
379.0413,115.2176,102.3064,180.4913
376.7006,114.9448,103.5349,181.1270
377.2839,114.4992,103.6514,182.0391
375.5761,113.7765,104.4300,183.2778
374.7734,112.9699,104.6113,184.8341
373.2494,111.9120,105.6138,186.3224
372.8354,111.3876,106.5283,187.5622
371.0275,109.6212,107.5675,188.5947
370.4529,107.9501,109.6199,190.5538
370.8661,107.0806,111.6278,192.7331
369.0653,107.3982,111.8684,195.1661
366.4881,104.2480,112.3336,197.4821
365.5526,105.5235,112.9380,198.9105
362.3084,106.3490,113.1821,199.4081
362.2836,103.2127,112.2745,201.0790
360.8770,102.7719,111.5271,202.3891
360.5724,104.9614,111.2913,204.0247
359.3860,101.6191,112.4353,205.5096
357.9255,105.1754,113.6953,205.6009
358.2580,104.7371,115.0860,207.7673
356.5088,99.0359,116.8397,209.9976
354.4173,99.5204,117.6343,210.9201
352.4686,98.9583,117.4150,213.4660
349.4348,96.3487,117.4857,215.5288
347.4022,96.8807,118.0465,217.2425
344.7467,102.7358,117.3624,218.0719
346.1882,96.3812,116.5943,218.7509
343.6595,94.0099,117.2360,219.3007
341.5964,94.6947,117.1371,219.9429
341.7064,95.0755,116.7989,221.2063
338.8469,95.0374,117.0254,221.5090
338.4237,95.9766,116.9750,222.6559
338.7227,94.9125,118.9313,223.5517
339.4713,95.7057,120.7400,224.3839
339.3687,94.8733,122.3608,225.1638
337.7842,96.9395,124.4464,224.1023
337.3312,98.6661,123.6016,224.7099
337.5732,98.6337,123.9547,225.1886
338.2523,100.2578,124.7503,224.0326
335.6951,101.6166,124.0254,223.7285
336.0961,105.9321,124.8706,222.2796
337.3011,104.3530,125.7123,222.5516
335.4828,105.7508,125.6244,222.1686
330.7013,112.0311,127.0093,217.8569
336.5303,111.6621,124.7272,216.0282
334.8740,113.4034,124.8109,211.9169
331.8362,112.9788,124.1200,208.6244
330.3577,113.5689,122.6357,206.6062
328.5625,113.2291,121.3568,204.7527
325.1950,112.8014,121.0883,202.7557
323.5400,116.0525,119.9092,199.9438
322.7508,116.9910,119.0253,196.9533
320.7448,116.5975,117.5488,195.0844
319.5842,119.6474,116.4926,192.5124
320.6882,119.2025,115.0264,190.5880
320.3000,120.3663,114.3389,188.8411
320.0057,120.8522,114.1908,187.6431
320.4350,118.5500,112.8866,188.1366
320.3716,117.6289,112.0996,188.5959
322.6211,112.8899,110.9806,191.6861
323.9890,110.6725,109.6277,194.3738
323.5879,110.1756,109.8291,195.2947
322.5916,111.9838,109.8843,195.7113
321.9702,108.5098,108.8336,199.0633
324.1626,105.8668,107.8672,200.5677
324.5185,105.4280,108.9566,202.0758
324.6179,104.9411,110.3971,204.3911
319.1688,114.1908,114.9715,197.8840
315.9286,115.2556,118.1442,194.0597
317.3945,114.7676,122.1384,194.5509
317.2883,112.4969,121.1508,198.9445
320.0893,110.9206,119.2012,202.6167
316.5879,124.5453,127.4435,192.3291
317.0994,124.7252,130.6488,188.6890
318.6318,125.0977,129.7559,187.2316
319.5995,124.7987,132.0014,187.1517
317.8539,124.4744,133.2426,187.5014
314.0144,122.8537,134.2449,188.8139
307.1654,122.0989,136.3735,189.9916
307.1040,122.6795,136.2121,189.5861
305.7475,120.4688,136.6721,191.3960
296.8322,120.8921,139.0264,193.2460
299.3457,119.7626,137.0622,192.0082
298.0957,120.1545,136.0983,192.2364
298.6746,119.9132,136.2863,193.1534
297.8575,120.7426,136.5122,194.0491
297.4109,121.0919,137.0127,193.6624
300.4597,122.8941,136.4712,194.0466
303.2686,123.3553,135.6192,194.4033
304.5544,125.4065,133.7964,192.3234
302.5955,126.1661,135.0075,191.2559
298.9085,126.4878,133.8589,191.1793
304.6895,127.8945,133.4561,189.2582
306.5074,127.7259,132.1815,188.8600
308.1568,129.2006,131.4661,187.5665
310.2321,131.0258,131.1270,185.8001
311.1377,133.7261,130.4530,183.2293
312.5520,135.8017,129.8721,180.9998
312.8495,138.6771,130.2349,179.1369
312.2152,140.7193,131.6713,176.8573
311.3857,140.8803,132.4181,176.1540
310.9790,143.1346,134.2197,175.7471
313.1747,140.5975,135.1032,177.3316
314.7365,139.7825,136.1624,178.5477
317.8525,139.4859,138.0046,178.3620
316.7808,138.4841,138.1824,178.5353
316.2474,139.0229,138.9520,179.1870
315.9979,138.0700,140.2357,179.0668
313.7607,135.3746,141.9178,179.9784
312.9338,132.2707,141.3867,182.1015
314.6010,126.0895,138.6206,186.1227
317.1878,124.1376,135.9841,189.8888
318.9850,119.7722,134.5152,193.5677
319.5619,123.2045,134.9496,193.9648
323.7477,121.7185,133.7181,196.4882
328.1659,123.0445,133.4800,196.9190
333.5867,122.2897,131.0575,194.8392
337.4661,109.9998,133.2469,201.0272
340.2630,113.0174,133.8253,203.4594
342.1135,109.0113,132.9838,204.3471
341.7948,112.1063,130.9593,202.0714
346.5495,104.1234,131.0677,205.4275
347.5162,101.4038,129.5283,209.2775
349.7367,98.8657,128.2821,212.1202
349.6842,101.4678,128.9154,213.2485
348.5172,100.7072,128.5229,213.6287
349.6116,105.0072,128.3595,212.7283
349.8685,101.7440,128.6835,213.6657
349.4715,104.5574,128.8268,215.1041
347.5576,104.4144,128.2063,214.6367
349.6606,105.5833,128.8573,213.2558
348.3554,108.3523,129.3305,212.7048
346.7294,109.0733,130.9372,212.5771
345.1378,108.1404,132.6961,213.2058
343.4144,106.3223,133.2901,213.6031
340.4186,105.9331,134.5587,215.2615
343.8660,107.3674,135.6477,215.9328
342.6791,106.8328,136.7081,215.1771
342.2224,104.2318,136.6031,216.5749
341.7959,108.3384,138.3474,217.4718
332.6725,105.9137,138.4733,215.7126
353.2836,95.7254,130.6983,220.3512
352.7960,99.6088,131.4311,218.5412
351.0883,99.4655,134.2426,218.4514
348.6076,101.0549,136.8295,217.7152
346.6819,98.5700,140.0274,216.8557
350.1108,101.9502,142.1162,215.2866
353.0460,103.3153,143.8832,215.1777
354.7169,104.1616,146.4979,214.7331
354.2657,104.7474,146.5311,213.0840
351.8061,106.6393,146.4060,211.8138
349.2993,106.7523,145.2101,212.6109
351.8355,106.9809,143.6338,213.1611
353.5009,106.3431,143.0867,214.6792
356.9375,101.9536,143.0886,216.4493
362.9268,104.6876,140.4843,216.8976
365.9384,103.7329,139.6877,217.0948
367.5091,98.8056,142.9429,220.7422
369.6912,97.1901,142.8416,223.7472
372.7753,101.3031,140.1817,224.1124
374.3621,100.6587,137.8843,224.4383
375.3351,99.6365,134.8518,223.7840
376.8456,98.9315,132.4321,224.0566
377.9985,101.9575,132.5344,222.5097
375.2425,101.4330,133.7862,219.7051
372.9017,101.7557,135.7263,219.2965
370.8326,99.1225,135.8277,219.6555
368.2201,97.5156,136.0880,220.3583
364.3083,97.9273,137.6751,219.5926
361.8973,103.0533,137.4143,217.5030
357.7469,101.9880,136.4932,218.4627
354.3049,100.3123,137.3033,220.1539
350.3669,98.7051,139.5905,220.3213
350.0738,98.5747,141.0837,219.6013
348.0586,99.6473,141.4706,218.7756
344.5518,100.5802,141.3426,218.1029
341.7108,100.1972,141.4811,218.9624
338.8474,101.2135,140.8877,220.5536
334.0948,102.4296,142.0472,220.4115
328.3715,101.9715,143.1325,220.6221
326.2756,100.5889,142.0888,221.0191
321.0635,99.6017,144.3551,223.9390
316.2466,95.4891,143.9203,225.6075
305.7075,97.9656,143.2043,225.5893
300.8908,98.2185,144.6588,224.8652
297.3710,98.1884,147.6434,226.7976
295.1703,96.8920,145.4996,227.3619
301.4651,97.5619,137.8050,229.5397
297.0106,96.1046,136.7397,234.4487
292.5606,91.8141,138.1902,236.5526
288.8780,90.2409,140.1127,238.7968
289.7462,91.1415,141.4313,239.3341
282.8474,88.8995,141.8326,241.1318
281.3068,91.2058,143.6655,240.0562
278.4536,92.6401,144.7292,239.0672
275.6238,94.0842,145.1733,237.9412
271.3028,95.0505,145.4064,235.5372
269.7154,97.8498,147.4035,234.4313
269.7827,96.6394,148.7638,235.8044
270.4789,96.4126,148.0098,237.4766
271.1448,97.2766,150.8184,239.3677
274.0746,91.7105,152.2911,243.8331
272.3326,88.5767,151.6924,247.6965
274.4542,86.9264,150.4427,249.9618
276.1369,84.3211,149.7732,252.4803
280.9197,82.7223,148.7715,253.1749
280.6360,81.0949,150.9104,254.3815
282.9562,76.0113,151.4444,256.1493
283.5759,75.3614,152.1358,259.8207
279.9755,71.8965,154.4131,259.0264
282.1010,72.3402,154.4982,260.5510
281.6255,71.9757,150.6796,260.4633
280.0832,73.1833,152.2000,258.2543
277.9061,71.5292,154.7283,258.1461
278.8351,73.2466,156.9880,256.6126
275.5547,74.7874,159.8698,254.0546
272.5502,77.2838,162.3103,254.1637
269.9610,86.7583,159.4599,250.4852
268.9250,83.7981,161.2664,252.9948
262.9313,82.0838,162.0281,257.2750
261.1339,78.4960,162.4477,260.0141
260.3629,76.6650,161.8646,261.8888
259.3809,75.4958,162.6815,265.6513
256.6125,74.8635,163.3886,267.7705
256.2069,73.5674,164.5462,268.0937
249.8590,65.3690,164.5764,273.8425
249.2914,58.1540,166.6645,279.6031
242.9832,48.1022,170.5830,286.3506
235.2796,37.6041,177.9260,292.0244
236.7424,30.1389,182.2664,292.2434
238.9433,29.9170,183.2211,297.5858
241.1814,26.0713,184.6424,305.3578
245.9968,17.8499,188.6404,312.0092
249.6697,13.7408,191.9917,315.9101
256.7944,14.5358,190.5277,319.0627
251.7607,12.9798,193.8273,327.1916
252.2553,18.7744,193.4194,326.3909
257.4344,11.1219,187.1309,332.5290
260.3598,12.1278,187.9183,334.0504
261.3582,9.7741,189.8753,338.0021
263.5760,11.0011,187.0925,344.4464
262.8677,14.0536,187.4050,344.7154
259.8719,12.3953,186.1871,346.0551
262.2562,14.0461,184.3134,344.7307
263.2552,18.0920,183.4426,343.1714
263.0603,21.7804,180.5519,340.1252
260.7397,23.8063,180.5300,336.2907
260.1801,25.8359,179.2364,337.5308
259.5758,28.7684,180.8111,337.1090
253.3871,27.3896,177.6887,331.2842
253.8542,31.0274,175.3438,328.0180
256.5000,36.2859,170.7477,324.2289
260.7936,37.3934,166.9052,322.1223
261.6366,36.3182,164.0931,317.6439
