1
42.9107,605.5530,85.7326,53.0233
54.4432,608.2723,83.3394,53.0524
69.7757,609.7751,87.1053,53.4355
90.1516,612.0047,85.4569,51.5394
112.0754,608.6830,85.4771,50.9750
132.7368,602.2664,78.1795,55.1178
151.6290,598.9526,76.6751,56.4413
172.4660,594.4681,73.3226,59.0555
209.9951,593.7778,70.7602,59.3844
272.0538,589.1551,71.8254,59.4680
300.6914,593.2322,71.8709,60.0594
346.8337,592.7343,74.7587,58.9986
361.5136,593.8776,73.9638,60.7261
400.6593,592.1072,72.5284,61.0324
427.7787,592.6891,70.2168,61.4659
462.5432,591.6515,71.0398,60.8463
473.5048,593.4159,69.7631,60.4385
492.9942,594.7480,75.0866,55.7439
526.4598,594.6389,71.0864,57.1583
558.4683,592.6075,67.6299,58.9066
583.9348,593.8517,70.0116,58.1304
589.0981,593.8079,70.5779,59.0456
604.1070,592.4650,66.8587,61.8182
620.9883,585.3839,69.1028,61.9948
644.2942,583.9832,67.0645,65.3789
651.9393,578.9835,64.5096,66.6378
665.2288,568.6535,59.4012,71.7134
672.6558,554.2637,58.9681,71.9701
710.5580,542.4167,58.4969,76.3533
721.1071,515.7026,58.3295,76.9282
730.4133,482.2899,54.9527,83.7515
726.3487,460.1856,57.9816,83.1665
725.8991,428.0256,59.3444,86.7274
724.5497,402.1277,61.6710,87.0353
730.2880,390.4406,65.4258,85.5865
723.9194,380.4105,69.5288,76.5513
713.0533,379.1388,71.9087,69.8108
696.7014,377.5436,75.1355,63.9120
686.5393,375.9476,74.8439,60.3598
688.8675,374.0838,73.4931,58.0648
681.2205,373.5323,72.4717,56.6785
680.9119,373.5025,70.6392,55.7465
678.7448,372.6818,71.6803,54.3516
673.6755,370.7520,74.5453,53.2701
669.3454,370.8656,76.0931,52.4962
668.1238,371.3452,76.6336,51.6772
666.1290,371.3723,77.4676,51.0822
664.5792,371.5848,76.9924,50.5728
664.6603,371.8827,76.3031,50.1456
672.2543,371.8314,76.2258,49.7240
678.6505,371.3029,76.1737,49.8037
693.4888,370.6351,76.6063,49.6300
708.7610,370.7933,81.7968,46.4466
718.7643,371.3455,85.8988,44.6808
730.6364,369.7823,88.2560,44.5487
740.4379,368.5923,93.5082,44.5399
742.6769,367.7338,95.6090,44.7577
743.8061,367.6745,99.3891,44.7723
744.5280,367.8573,102.8655,45.2447
744.9594,367.7072,106.6556,45.7417
742.7095,368.2228,109.6819,46.6276
743.8638,367.2794,112.2378,47.0578
742.9407,367.5308,114.4861,47.5819
743.7823,367.6906,117.0105,47.7516
742.9416,368.0509,119.1247,47.8687
742.5881,367.7217,120.3625,48.0206
742.7803,367.4155,121.6978,48.0720
742.3164,367.5612,123.0785,48.3328
740.8663,367.3477,123.8902,48.4397
728.1294,366.6094,120.9991,49.2987
708.6985,367.3088,121.4029,48.8314
699.0617,367.3463,123.3608,48.1279
666.8744,367.1669,122.8780,48.3436
649.0390,367.4549,123.7353,47.6641
616.4331,368.1578,123.0094,47.4307
601.9825,367.9229,122.2663,47.0311
575.6122,365.7297,123.4626,47.3524
567.9745,360.8356,122.1137,52.4006
558.2291,356.2778,116.4351,58.1595
558.3348,366.9807,110.5018,60.2258
511.6227,368.4838,106.1674,60.1578
466.4638,364.8886,104.7077,60.3826
469.1036,357.4403,104.9611,58.6934
469.1531,357.3476,107.5978,56.9555
468.6897,358.8846,109.7621,55.9662
466.5369,359.3206,111.2249,55.7540
467.6745,358.5487,111.7163,55.4192
477.5533,359.8574,110.7137,54.6775
489.7639,357.1239,110.6630,55.5558
522.0732,356.4224,111.2177,54.4329
551.3511,359.6026,114.2539,53.6556
558.1791,356.0969,112.8840,54.1948
634.8796,354.2475,110.0385,56.1404
662.2629,332.9113,100.7435,67.8761
660.8600,326.1474,92.9729,78.8126
660.4205,343.4655,91.6469,76.8963
745.1688,343.0582,87.3754,77.1091
782.8515,348.6224,88.3954,74.8188
795.1763,341.7877,86.5532,77.3168
798.9973,336.8073,82.7651,81.4884
823.5494,334.0035,82.3816,82.0150
811.6398,332.1450,82.6863,83.5657
821.8107,319.0145,81.7109,89.4170
831.8447,291.6851,79.8118,95.8908
831.5756,250.0737,77.1245,99.6397
834.0203,237.5157,76.5679,103.1524
829.2703,222.2744,76.5674,99.5647
824.6469,220.0972,77.3719,92.0895
816.2665,216.4178,80.8733,82.9106
804.5471,207.3899,83.1738,75.5298
786.7828,209.9862,83.9756,69.5316
785.4686,210.8571,82.5713,64.9164
788.4158,210.1656,82.1045,61.3729
794.8811,210.1955,80.9477,58.4064
810.4443,212.6330,79.6914,56.0681
831.5750,214.9382,78.6275,54.4520
854.8579,216.8562,76.7819,52.6496
890.5009,209.4913,76.4046,51.2413
894.7026,198.6234,74.7632,51.5987
926.4890,178.5352,67.5182,61.4867
931.2903,164.7548,65.2213,65.2896
931.6575,134.3107,61.0372,68.9163
932.3787,131.3089,58.9285,73.5204
934.9464,131.1302,55.0469,82.2209
935.4360,118.1171,53.8869,84.3068
935.3995,110.2948,53.5077,87.3691
932.4340,104.8433,54.4257,88.9010
929.8109,99.1551,59.9039,84.5951
936.3845,94.7453,66.1357,77.8917
897.4238,100.3007,74.5718,65.5968
881.3535,102.8097,76.8245,59.6532
873.8883,102.2283,77.2245,57.0113
858.5805,103.2778,77.8259,55.1767
835.0972,111.1671,87.1857,47.2521
820.3698,112.8224,89.9345,43.0873
813.7924,116.3181,92.9635,38.3574
797.9838,119.6195,94.2040,34.6036
793.8248,120.1965,90.5389,33.0727
778.8526,121.2408,86.4122,31.8674
769.1889,121.6441,83.1833,31.0987
754.5165,122.6214,81.1473,30.1118
736.2240,121.6049,78.4660,29.3305
724.4703,121.1502,78.7938,28.6855
705.1507,122.3057,81.0664,27.6928
691.8333,123.7856,83.1457,26.9311
690.8879,124.1256,84.8231,26.5351
684.2924,123.9331,87.7837,26.0124
678.1163,124.5597,89.6429,25.6851
675.7127,124.7050,92.0102,25.6777
671.6352,125.6494,94.6564,25.3793
661.1776,126.8199,94.7122,25.2048
661.5928,126.4241,93.9737,25.2715
646.5134,127.1890,95.4961,25.6731
636.7911,125.6150,92.6075,25.8092
616.1526,124.1942,94.8769,25.8393
600.4251,122.2446,92.8232,26.2719
583.6554,122.1570,94.0673,26.1547
576.3048,122.2812,94.4443,25.7163
577.4446,123.0117,94.6128,25.2292
