1
80.5483,145.9321,26.8219,26.2658
81.1138,144.7513,26.2218,27.4545
80.4707,143.7803,26.5199,27.8964
79.7789,142.3709,26.7740,27.8901
79.1277,140.6677,26.8082,28.4359
78.3648,139.7681,27.1501,28.5152
78.2579,138.3372,27.5751,28.8285
77.3007,136.7732,28.2408,29.3580
76.2507,134.8736,28.9614,29.9198
75.6786,132.8060,29.3836,30.7280
75.3389,130.5155,29.7538,31.8190
74.0859,128.9390,30.3868,32.3831
73.3555,127.5015,31.1263,32.8371
73.3881,126.8744,31.5436,33.2573
72.1327,124.2525,32.0756,33.7908
71.5575,121.0548,32.4540,34.5290
71.1890,117.2715,32.5208,35.6224
71.1912,112.7740,32.6109,36.9799
70.6313,109.0688,33.0161,37.3996
70.5476,106.0018,33.5590,37.1189
70.0462,103.3730,34.0529,37.1376
70.9223,100.2838,34.2902,36.9592
71.4673,98.0521,34.7739,36.5430
72.1549,95.6643,35.2648,36.2498
73.7459,92.4707,35.2567,35.5696
74.5952,90.4334,36.1831,35.2200
76.0333,87.9567,36.7215,34.7058
78.4177,86.4847,37.5031,34.4512
80.0567,84.2946,38.1505,33.9521
82.2111,81.5583,38.1373,33.2585
83.6348,80.0710,38.9853,32.8017
83.8363,77.6939,39.6454,32.3055
83.9542,75.4612,39.4969,32.3296
84.4350,72.5653,39.1126,31.8357
84.4831,69.6662,38.0903,31.7471
83.8462,66.8367,37.2745,31.8542
83.0433,64.4543,36.4241,32.3581
80.8519,62.5719,36.4382,32.5212
78.5989,60.8714,36.9010,32.4601
77.8886,58.3636,36.4711,32.5914
78.0460,57.3468,35.2815,33.2518
79.0171,56.5080,34.0797,33.6738
78.6978,56.0427,33.0325,34.2246
78.0014,55.0772,32.6541,34.4248
77.3226,54.5258,32.5966,34.4383
76.8957,54.9611,32.2432,34.7808
77.1106,55.7050,32.0617,34.8137
77.3169,55.9346,32.0287,34.1916
78.1240,56.7553,31.8317,32.8026
77.8513,57.5986,31.6691,31.2915
78.1130,57.6863,30.8427,30.6361
77.8672,57.0844,29.6023,30.7799
78.8660,60.6563,29.2185,30.1030
78.9366,63.9609,29.1881,30.0667
79.1942,66.2506,29.0729,31.0317
79.8762,68.9884,28.8176,32.0084
81.3053,72.0233,28.5174,32.9549
82.0386,73.9197,27.8374,33.7299
83.0007,76.3877,27.4652,34.1564
83.8836,78.5521,27.4750,34.0322
84.9760,79.1568,27.1560,34.3981
87.5884,80.3506,27.2331,34.6337
87.6329,81.0761,27.3138,34.2439
90.7459,81.2007,27.3496,34.1869
90.9786,81.0226,27.1167,34.2696
91.8957,81.0366,26.9587,34.4458
93.1797,81.0289,26.9897,34.7553
93.7960,80.9041,27.1965,35.1600
94.4538,81.4449,27.3261,35.3997
94.2526,80.7739,27.4008,35.7360
94.7261,80.7224,27.3604,36.1431
94.7682,80.4599,27.4380,36.2999
94.1609,79.7786,27.4751,36.7100
93.8182,80.4651,27.4561,36.5185
93.9020,80.8595,27.5423,36.4375
93.6621,80.1424,27.8898,36.1692
93.7266,79.8578,28.0302,36.1354
93.5133,79.5936,27.9173,36.0068
94.0506,79.6392,27.6692,36.1180
94.4697,79.4657,27.5188,35.9422
94.6099,79.3799,27.5403,35.7645
95.1222,78.8372,27.7088,35.6697
94.9414,77.6274,27.9860,35.7882
95.7984,77.2253,27.7839,35.8530
96.2390,76.0167,27.6576,36.3239
96.9425,75.0234,27.5301,36.7147
97.9795,75.0479,27.3385,36.9728
98.0779,73.3803,27.1844,37.6631
98.9682,72.7283,26.8349,38.3324
99.3659,72.7970,26.7765,39.4488
100.2296,72.6710,26.7750,39.8312
99.9804,71.5549,27.1445,40.2192
100.2338,71.4440,27.0369,40.8319
100.9140,71.2267,27.1100,41.4194
101.0388,70.4656,26.9652,41.9439
101.1849,70.5999,27.2212,41.6784
101.1762,70.3946,27.6153,41.6830
101.8432,70.6424,27.9607,41.2312
102.1353,70.7107,28.3710,41.1003
101.8631,70.7381,28.5617,41.2497
101.2876,70.3962,28.8270,40.8811
101.0509,70.0607,28.9877,40.2642
100.5795,69.9835,29.4131,39.6333
100.5858,70.6014,29.8863,38.6650
100.4778,70.7160,30.3436,37.6113
100.9387,71.2628,30.4990,36.7895
101.3685,70.9919,30.5721,36.1135
102.2706,70.6955,30.4323,35.2944
102.5856,70.7953,30.3519,34.7193
102.6184,69.5430,30.3350,35.3211
102.8237,68.5682,30.5649,35.8002
102.3968,68.8172,31.1183,34.9601
103.1693,69.1416,30.5195,34.7715
102.7750,69.2525,30.3419,35.3786
103.3791,69.5636,29.7647,36.2339
103.3852,69.8095,29.2067,36.8033
104.2350,70.7419,28.9394,37.3600
104.6432,71.7680,28.9225,37.1066
102.0288,72.5575,30.1624,36.7332
100.4920,75.0583,31.1525,36.4766
101.6842,75.2294,31.8998,36.1957
99.1078,75.8157,33.1399,35.8524
98.8894,75.6633,33.5227,35.7703
99.1268,75.6529,33.6944,35.7669
98.6755,76.0900,34.0659,35.5474
97.3631,77.3203,34.7362,35.1720
95.9715,78.1097,34.9208,34.6626
94.8437,78.7214,35.2734,34.0133
97.1033,79.8676,35.5365,33.6591
95.9203,79.6020,34.6192,34.4844
95.9188,79.2722,33.6377,35.3862
95.5578,79.9728,32.6785,36.4544
95.3850,84.0125,31.9492,38.0252
95.4262,85.8631,32.4371,38.3256
94.6191,86.9936,34.2045,36.8805
94.7164,88.3992,35.4436,35.1846
95.0592,89.9300,35.7597,34.7694
95.9120,90.0876,36.1433,34.7068
96.8702,90.0794,36.3755,34.5671
97.4663,88.9030,36.5118,34.5335
98.8737,88.0025,36.3104,34.7102
101.3082,86.9096,35.8942,35.0342
103.8535,85.7204,35.1303,35.0983
106.6657,84.7047,34.6392,35.1774
108.3434,83.4067,34.6725,34.8401
109.8557,82.4131,34.8932,34.4738
110.7930,81.5485,35.3776,34.4318
110.8700,80.6968,36.2138,34.4065
111.9102,80.4745,37.1958,34.3945
113.4414,79.6570,38.0294,34.4152
113.7176,78.9869,39.3401,33.9217
115.4186,79.5974,39.4828,33.0753
116.1973,79.8755,39.3235,32.2415
116.6428,80.3420,38.9174,31.8674
116.3264,79.9399,38.9205,31.1713
116.5978,79.9555,37.8981,30.6798
117.3686,79.5718,36.9390,30.2719
118.2703,78.7883,35.5080,30.4547
118.6750,77.0373,34.6108,30.5692
118.3484,76.6897,33.5267,30.6279
118.6658,75.7126,33.3805,29.9732
118.9842,74.8721,32.5226,29.4279
118.7984,74.6872,32.3772,28.9038
119.3147,74.4787,32.0546,28.8717
120.3847,74.6218,31.6122,28.6090
121.5282,74.2791,31.5203,28.3593
122.4170,74.2664,30.7804,28.4396
123.5009,73.7096,29.7902,28.7831
124.5205,72.7364,29.4537,28.9882
125.9160,72.1720,29.0838,29.5893
127.0103,72.4083,29.6891,29.8125
127.2600,71.5448,29.7798,30.3927
128.1519,70.0961,29.8270,30.6660
129.3729,70.1713,30.5047,30.8457
130.2314,68.5439,30.9963,30.9089
130.7039,69.4597,31.3332,31.3242
131.8139,68.8454,31.5868,31.0998
133.0617,69.5817,31.1290,31.2414
133.8170,70.0768,31.2312,31.0298
135.3128,69.6798,31.0082,30.2485
136.5474,70.3968,30.8933,29.7019
137.2655,71.4744,30.0235,29.0474
137.1662,72.3692,28.7661,28.8758
138.3785,73.2120,27.7333,28.3626
140.1482,73.7477,26.8190,27.8918
141.0208,74.1552,26.2208,27.4902
141.9969,75.4964,26.0159,27.3191
142.0802,76.4676,25.9671,27.3190
143.0830,77.4501,26.9177,26.7432
143.3259,78.2494,27.9013,25.9117
142.8573,79.3461,30.3201,24.4338
144.4052,80.6066,32.9390,22.4235
142.7446,81.5784,34.8661,21.1060
140.9526,83.1313,36.8998,19.5618
140.4217,86.2298,37.3880,19.2443
138.1934,89.2550,37.4535,19.1806
125.9597,109.9635,34.8866,21.8156
124.3882,107.7578,30.8956,25.9690
125.7759,106.3045,28.1543,28.8766
123.7992,105.8293,26.4856,30.6154
127.2252,109.2783,26.4052,30.8367
129.3811,111.3939,27.6162,30.7063
130.0352,107.3036,26.3606,32.2677
126.0241,108.6199,26.9687,31.7738
126.9057,104.0536,25.4278,33.9698
126.1959,99.9202,24.3693,34.5880
125.3528,99.7502,23.5148,35.5535
122.5236,99.9885,22.3513,37.4577
121.6900,100.6623,21.9034,38.3235
120.6309,104.9992,21.8764,38.7151
2
0
0
0
0
1
114.0177,86.1423,31.1722,30.1367
113.1164,85.9290,31.7035,30.2385
112.4441,84.5494,31.4790,30.6947
112.5409,84.4500,31.1273,30.9061
112.5475,84.7603,30.3983,30.9837
112.3865,84.8532,29.6262,30.9929
112.4902,84.8058,29.0940,30.8397
112.9643,85.0233,29.0683,30.6830
113.8068,85.1335,28.9470,30.6793
115.0091,85.2414,28.5197,30.7774
116.2697,85.1151,28.0242,30.6997
117.2898,85.2617,27.8622,30.5984
119.4174,84.3578,27.2454,31.5256
121.1333,84.1923,26.4145,32.4056
122.3680,84.2829,26.0625,32.9631
123.6604,84.3934,26.2017,33.6112
125.6525,83.4783,26.1222,34.1879
126.8318,82.7355,26.1130,34.7527
128.9574,81.9867,26.2005,35.0865
130.9715,80.8346,26.2057,34.9177
131.8012,80.1398,26.4757,34.7039
133.6053,80.1470,26.7215,34.1726
134.5904,79.4408,26.8034,33.9476
136.2066,78.9365,27.1714,33.5102
138.0259,78.6881,28.0543,32.8488
139.0891,77.1686,29.0658,32.4415
140.9124,77.6323,30.2123,31.7097
143.4378,76.2866,31.2030,31.5694
145.9382,75.2291,32.6963,31.0705
148.5800,75.1714,34.1393,30.2859
151.1083,74.8078,35.2454,29.8122
152.8698,73.0071,36.0586,29.7703
155.2174,72.4023,36.4274,29.5825
156.5232,69.2441,36.8370,29.6040
156.4272,69.8142,37.6292,29.1968
156.0941,69.0018,37.9050,28.9458
155.6729,67.9992,37.9802,29.4103
155.8049,67.5294,37.8338,29.3642
155.3752,67.3913,37.3181,29.2577
154.5435,65.8530,36.2854,29.4169
154.8437,64.2341,35.4756,29.7271
154.2444,62.2425,34.5136,30.3117
154.9838,60.9805,33.5344,31.1744
156.3320,59.6219,32.9554,31.6340
157.3754,57.9090,32.5271,32.1578
158.9122,56.6546,32.4120,32.7376
160.4734,54.6056,32.3195,33.0943
160.3519,52.4143,32.6265,33.4445
161.3373,50.9555,32.7610,33.9146
162.9577,49.3085,33.0065,34.5564
164.3794,46.9708,33.7668,34.9631
166.0738,45.1069,34.2350,34.4871
168.0477,43.5402,34.6415,33.6887
168.7516,42.6539,35.1149,32.5733
168.6551,42.6049,35.6227,31.8212
169.2344,41.7483,36.0004,31.4756
169.2622,42.3917,36.9527,31.1683
168.8767,42.4858,37.4806,30.6936
168.9159,42.5954,38.1277,30.4620
169.8871,43.2717,38.4378,30.2992
169.6927,43.1871,38.8956,30.1042
169.8659,43.6749,39.1122,29.6761
170.5327,44.2161,38.8654,29.5553
170.7925,44.4823,38.9115,29.3438
171.2312,44.6116,38.7551,29.3326
171.4111,44.6777,38.9944,29.2938
170.9718,45.7604,39.2834,28.9790
170.0063,46.4418,39.8074,28.9971
170.6138,46.5727,39.7612,29.1452
170.7898,45.8842,39.8450,29.4915
170.1775,46.1432,40.0824,29.4809
170.5757,46.3748,40.2494,29.3282
170.4547,46.7735,40.5365,29.3896
170.3381,47.6114,40.7039,29.1111
169.9061,48.3771,40.6878,28.7190
169.7533,48.4258,40.4862,28.8037
169.5590,48.2348,40.3532,28.9114
168.9919,48.4653,40.2968,28.5901
168.0925,48.8253,40.5532,28.5823
167.6325,48.5971,40.5089,28.7471
167.2183,48.5238,40.4949,28.7445
167.1762,48.8445,40.9919,28.3483
166.3746,49.0191,40.9528,28.5709
166.3033,48.8348,41.0628,28.8807
167.7723,48.2099,40.8512,29.0334
167.3718,48.8006,40.6195,28.9191
167.6125,48.8508,40.2969,28.9667
167.9276,48.8102,39.9160,28.8886
169.2511,48.0266,39.9524,28.8801
168.6220,47.8485,39.9183,28.6143
168.6300,48.0239,39.9215,28.5327
168.1634,47.9918,40.0003,28.5155
168.2580,47.4517,39.7879,28.5415
168.4106,46.6713,39.7156,28.5138
168.0011,46.9916,39.4582,28.6719
167.5188,46.7758,39.1640,28.6067
166.7922,46.5799,38.9868,28.6063
167.0908,46.3437,38.4765,28.9181
167.5420,46.5140,38.0908,28.9465
167.0191,47.2441,38.1107,28.6637
166.2660,47.1887,38.2961,28.9535
166.1275,46.4010,37.6580,29.0416
165.9008,47.0302,37.6179,29.1987
165.7750,47.0757,37.7781,29.2704
165.1512,47.5989,37.9687,29.3065
164.0638,48.4046,37.7677,29.3805
163.3032,48.6840,37.7666,29.7261
162.3816,49.2468,37.7909,29.7995
161.6346,50.7166,37.7562,30.0051
160.2076,52.3144,37.7045,29.6765
158.8983,52.9312,37.3329,29.5639
158.1559,53.8109,37.1786,29.5098
157.7459,53.8906,37.1319,29.5032
156.3605,54.4759,37.1104,29.4802
155.6429,54.8979,36.9691,28.9255
154.1237,55.3675,36.6981,28.8336
152.8482,55.8463,36.8893,28.2282
151.0913,57.3673,36.7927,27.4858
151.3779,57.8171,33.8867,28.5394
149.9335,57.4272,32.4008,28.6077
154.7332,58.4792,35.2983,26.2279
154.4913,59.3686,37.1455,25.0046
151.6496,60.9952,38.5026,23.8787
152.9343,61.9121,39.3738,23.4285
150.9199,62.4949,40.1735,22.9940
150.4479,63.4772,40.4108,22.8889
149.9858,63.3973,40.3947,22.8285
148.7090,62.3917,40.3166,23.0341
148.4459,62.3400,40.3037,23.1378
148.0105,62.2896,40.3124,23.3404
149.2453,62.0191,40.4661,23.4875
147.8412,61.7063,40.8367,23.5676
148.3308,62.0003,41.4669,23.6310
146.5546,61.4428,41.5219,23.7728
147.2030,61.5922,41.8474,23.8708
145.2968,61.0383,41.8496,23.8476
146.3253,61.4310,42.2785,23.9425
144.8924,61.4238,42.2097,23.9513
145.8566,61.4148,42.5099,23.8687
144.1026,61.5926,42.3901,23.7592
145.4920,63.2766,42.5375,23.2838
143.7096,63.6801,42.3965,23.3274
144.1322,66.5958,42.5771,23.2729
146.6086,69.3337,42.7234,23.2134
143.3367,69.4995,42.7462,23.1965
145.3659,72.5656,42.8630,23.1988
144.5004,73.1394,42.7238,23.2568
142.5625,74.0113,42.9105,23.2839
143.0835,74.7645,42.8418,23.2475
