1
234.2602,162.2990,35.5174,66.2553
234.6541,164.9053,35.3964,65.7319
228.9473,164.4194,35.2460,65.6551
231.8360,170.9072,35.2018,65.2627
232.4189,175.0391,34.9148,65.0451
229.1514,185.4396,34.9016,64.3537
217.6143,190.5457,34.9388,64.6309
225.6545,197.5586,34.4452,64.4493
242.8464,228.8083,32.6017,64.9023
266.3244,263.0598,32.5293,65.1095
259.4908,281.2154,32.6009,65.9028
241.7366,282.5169,33.2563,65.8532
233.4379,287.8715,33.1817,68.2467
209.0608,304.6829,37.8991,65.5550
174.2407,307.9154,40.1952,63.6873
143.6203,300.2281,44.6161,60.3910
122.7194,290.6778,46.6603,58.8181
105.9313,285.3626,48.4094,57.9295
109.8706,244.2853,42.7445,62.7396
89.7790,244.9580,39.9848,64.5848
82.8750,240.5056,36.7557,65.4523
82.7142,240.9095,35.7047,64.5699
59.9512,236.2171,37.9596,60.8104
69.4128,224.7048,39.6400,58.4971
70.3926,217.6180,37.4922,59.8907
113.9660,227.8524,44.7283,52.9459
189.3735,216.7964,41.1689,55.3162
223.4972,225.4279,40.6170,54.2402
250.0224,252.6658,37.6919,57.2825
258.1913,247.2978,36.1114,59.5732
258.5274,231.3531,38.1356,56.2828
2
0
0
0
0
1
310.9104,295.3369,60.1384,45.2643
327.9276,298.4873,62.2923,45.3693
337.9080,306.3871,63.4361,45.4703
337.0399,309.8100,64.6400,45.8726
332.5978,313.1819,65.7873,46.6681
350.0350,320.9882,67.7565,47.6680
375.7767,338.0133,69.1144,48.6386
368.9618,335.3533,69.6242,49.8469
365.3306,325.9558,70.5400,50.9552
375.9199,331.2304,71.4098,52.1245
395.5432,338.7814,72.0096,52.8726
411.7577,342.1919,73.6915,53.8699
424.2626,342.0270,74.9248,55.0081
436.5203,357.8769,76.8313,54.9616
439.5580,360.5357,78.2972,54.7392
411.1289,349.7858,78.6417,54.8569
390.0308,329.9935,78.0055,55.1290
378.1963,308.6776,76.9820,54.0068
366.8855,297.0588,75.7585,52.8862
358.1263,285.9627,74.6273,51.5934
339.2310,280.3705,73.8447,50.4008
323.6814,274.1115,73.4042,49.3442
305.4905,270.4489,73.4107,48.7424
288.5359,266.5201,73.5206,48.2923
281.3078,258.0480,73.2459,48.2262
264.0305,248.3936,73.6370,48.2606
242.0817,232.9294,74.8800,48.7803
228.3388,219.5316,75.4975,48.8808
215.4421,210.0450,75.1874,49.1583
196.8707,203.4419,75.7429,49.7541
168.5408,188.7657,76.8945,50.4176
148.2937,175.4852,77.3991,50.7149
127.1258,167.4251,77.3918,50.9804
121.0896,162.2959,77.0146,51.3570
112.5876,148.1216,76.9596,51.6697
101.2183,140.4988,77.5988,51.9652
89.8044,147.7214,78.1588,52.7908
100.8375,165.7103,78.0157,53.5849
119.4198,194.7617,77.7620,53.9398
118.6918,192.0296,77.7593,54.3315
116.3032,175.3866,78.0468,54.6680
114.1696,176.5416,78.5576,54.8298
116.1681,191.9398,79.6570,55.0528
118.0314,212.2333,80.6114,55.5571
135.1365,228.5353,80.9557,55.5726
165.3304,239.5688,80.0552,55.1277
198.6356,246.1626,76.2067,59.6998
2
0
0
0
0
1
146.8535,73.0173,43.7558,68.2447
144.0686,67.2542,45.3234,70.9706
150.7635,70.4185,46.5532,72.3655
157.1983,72.3403,47.9850,72.7925
157.6342,73.6907,48.9764,72.7450
158.6384,74.9289,49.5822,72.7518
168.3176,75.3370,49.6725,72.6313
186.6675,77.2678,49.5798,72.1606
193.5871,73.3518,49.9203,70.5105
190.1836,68.9424,49.2329,69.6445
182.4816,66.0315,49.0439,68.6406
176.1255,68.5343,48.3891,67.6536
173.7055,66.5837,47.9335,66.9984
155.9024,68.5314,47.7904,66.8467
137.2948,75.2243,47.8048,65.6057
127.2563,83.1832,48.2390,65.0645
122.6431,90.7560,49.0033,64.3505
111.2777,104.5305,50.2618,64.5699
102.8150,113.5614,51.6435,64.9166
97.2489,113.2730,52.7388,65.7200
94.4742,113.2850,53.8547,66.3211
96.9638,128.5487,54.9285,67.3106
96.3449,133.1597,55.9454,68.0269
96.9357,137.3361,57.2636,68.5869
106.2397,135.6774,57.2612,69.4097
114.5038,125.7487,57.0313,69.9700
110.3430,120.1581,56.9553,69.6377
103.2112,114.9091,56.9375,69.8836
100.6416,101.4752,56.4765,69.3070
