1
242.1442,164.9659,118.4525,114.4935
234.5326,176.3739,118.8469,113.4428
216.9926,196.3986,119.8492,111.4866
211.7401,207.8277,118.5309,111.0303
215.5791,202.3782,118.5972,111.6172
215.4972,191.7771,117.9139,113.4230
214.0922,189.5647,117.2380,115.4912
172.7253,212.1591,124.8565,110.0986
148.1832,244.0569,123.9474,109.8729
199.7424,256.6443,127.0358,107.7408
238.5892,225.3668,126.3701,107.3462
219.4163,209.0067,125.8453,108.1477
213.3478,200.3640,122.6778,110.4623
202.7362,199.3576,121.3695,111.2325
187.9003,201.9074,120.5425,113.6381
190.2335,212.3660,119.3452,113.1880
198.5999,211.1565,121.6821,110.8933
215.0455,190.1162,123.8391,106.0385
213.0165,153.4402,123.6761,106.5819
196.3971,143.8642,122.5400,108.6879
202.1805,158.9753,123.2196,109.5022
228.4946,193.9002,124.0726,107.5652
256.2874,229.6203,123.7899,105.9949
268.2494,238.4870,121.5418,108.4924
254.5601,239.3156,119.7000,111.1541
240.1817,239.6488,119.3621,114.6648
237.0413,246.1401,118.1859,113.7428
230.8921,235.6586,118.0445,113.1545
224.8958,221.7642,117.9380,112.6569
223.0333,212.1512,117.8521,113.1193
230.0105,199.6050,117.8557,116.0894
240.2516,191.8567,118.3821,113.7762
238.6512,169.0975,119.0876,113.2599
225.6579,152.8652,119.2112,110.9834
219.3280,132.9533,120.2686,109.0935
222.7730,119.2726,122.1107,110.1964
240.5856,126.8735,121.5986,109.5349
250.2334,128.8005,120.4458,111.0988
250.8515,138.3206,120.5513,109.7286
260.7489,170.8963,121.3738,110.5417
264.8198,217.6762,121.3541,106.5041
271.0602,232.6560,120.4780,107.6966
274.9262,234.3432,118.9377,110.1397
270.8124,231.2511,117.9730,109.9953
263.1777,217.2975,117.6692,110.4670
262.8721,209.8806,116.5359,111.6275
263.2092,199.7326,117.7404,108.6541
264.7982,161.4291,118.4468,110.7626
267.8694,157.5649,117.0533,111.0781
270.4174,176.8240,115.8450,110.6552
266.7496,180.4607,115.5918,110.6832
265.7566,175.7039,115.3695,112.1142
269.6131,177.4028,114.9202,111.8654
274.2394,183.8960,116.3601,110.3491
282.5570,190.9002,116.4580,110.7718
281.9391,204.1184,115.9022,111.7513
257.1397,210.8861,116.0441,111.0986
218.4374,210.0463,116.9862,110.4439
198.1172,206.8259,118.3536,110.4177
203.2899,203.3357,117.4318,111.6015
228.9113,207.9796,116.0439,110.3748
265.2758,209.8601,115.2201,111.2301
304.8909,213.5122,115.7478,110.1524
333.5504,215.5489,116.4314,110.6208
329.5009,218.7275,116.9802,110.4630
316.6336,206.8452,116.1850,110.3791
292.8912,183.5059,117.6502,112.4912
260.9340,161.0836,118.1414,112.8926
240.5785,155.2051,117.3259,114.1133
240.9909,164.5446,117.4658,112.9846
249.9011,180.2926,117.4109,111.9212
254.5450,195.9895,117.7084,110.6345
266.6032,207.0542,118.9454,110.6700
292.8171,221.8976,120.6860,110.1846
306.7579,231.3419,119.9292,109.8907
304.3894,239.3599,119.3362,110.9387
296.5439,244.9437,118.3312,112.4458
285.8248,249.1384,119.4033,108.9690
258.0287,238.6487,121.2915,107.5982
226.8053,229.7677,121.4575,109.0271
213.0673,227.3054,119.3843,111.1091
211.3283,231.1639,117.9208,112.2648
218.3047,229.5360,119.1529,111.4465
234.5854,203.5301,120.5346,113.5010
249.9232,178.1574,121.2119,112.4763
263.0098,145.5905,123.2533,117.8113
284.9527,139.2279,123.8423,115.2829
313.2074,139.9458,124.2168,114.8797
323.8417,151.1738,122.6377,112.7923
324.3510,167.1829,121.3136,111.8697
313.3328,178.8104,120.4258,111.2992
290.1353,186.5620,121.1768,112.6952
260.4390,198.3102,122.6699,117.0888
246.3144,222.7153,122.6142,114.1795
232.6330,226.1945,122.1229,111.3032
220.2828,212.1908,120.8578,110.4928
209.6772,204.9831,121.3536,111.1441
204.0999,200.3707,120.2427,112.4734
212.2454,195.9416,121.6480,110.5988
229.3905,174.0594,122.2459,111.8265
242.0993,164.3611,122.0872,112.7236
257.7300,169.9122,122.9234,111.0664
275.2496,185.6847,121.8246,111.9149
296.1264,213.3598,120.3698,110.5481
304.1212,220.6973,120.0687,109.9330
291.3049,205.9914,120.9068,110.1508
258.8777,191.2019,120.6692,110.8495
209.2849,194.3591,121.9195,110.3739
172.4321,208.5191,123.3926,113.1573
159.6589,227.1973,122.4182,112.6220
161.4616,235.0494,120.4102,111.1452
172.1784,209.5871,121.5258,114.7199
196.3955,185.4371,124.1925,115.3758
221.6197,169.9560,123.4535,114.2647
230.1712,172.6017,121.8804,113.5184
226.5140,187.1375,120.9303,114.0892
221.7336,201.4073,119.8596,114.2390
219.9183,199.3340,119.0416,113.5774
228.7585,194.1809,120.4221,111.3144
237.6722,194.9636,120.3039,110.5723
234.4619,203.3881,120.0642,111.7999
222.6573,219.0370,119.7921,110.4812
205.6331,223.1480,120.5645,109.0539
199.7213,208.5455,121.9695,109.5755
198.2858,192.6332,121.3973,108.8595
192.4594,189.6716,120.7181,110.2751
196.6286,194.7942,120.7256,114.3250
206.7675,220.1161,120.0359,114.7291
207.3520,233.8419,116.8434,120.0207
202.5074,243.0920,116.7588,115.9774
199.2706,219.0760,119.7982,113.6014
200.4323,196.7857,120.6280,112.3156
191.8367,185.0892,121.8832,108.7525
171.0498,174.3818,122.0630,109.1315
160.3162,183.7087,120.5830,109.6165
168.5131,198.1209,120.9780,107.7223
181.6395,205.8905,120.7157,107.4642
199.3727,205.9827,120.5029,108.2908
222.1645,212.4444,121.7853,108.2553
247.5198,227.5854,123.7610,106.4950
273.6192,242.3179,124.0497,106.2636
294.2813,242.7383,122.5988,107.9095
283.7069,239.2587,121.6895,107.9726
244.7969,221.5404,120.8861,112.0652
199.8398,215.3208,120.5349,112.0921
167.5615,210.6181,119.8234,114.1555
135.3028,219.9291,120.8790,113.3843
105.4251,224.5509,120.3382,110.6534
107.3762,217.7718,125.3200,106.1824
144.0732,206.4674,133.3506,100.8749
207.2532,198.3946,130.8117,99.7448
221.5576,186.8908,126.6580,105.2467
220.5373,190.4773,126.6456,103.8754
230.9693,201.8227,124.9038,103.1637
235.6191,213.3519,125.8006,102.7085
228.3171,219.7241,122.3663,105.6119
194.0279,218.8672,120.5339,108.9075
171.1213,221.6347,118.4743,109.6754
172.6304,223.5880,117.9118,110.1756
209.1837,212.9383,117.7306,113.2843
262.1272,211.1473,117.1154,111.6924
275.2433,212.1004,118.0801,112.1948
268.3103,214.5800,118.3178,110.3637
258.0025,205.9291,119.0971,107.9617
249.2928,198.3737,118.7193,108.4530
245.6932,190.9839,118.7921,109.3517
251.3948,185.0620,118.3038,110.3706
265.2160,193.8751,120.0311,107.9476
273.8970,200.5573,119.4848,110.2318
264.8505,201.4957,118.1264,111.0885
239.4788,208.9430,120.1015,110.5405
201.0751,222.2085,120.5188,112.5511
184.4528,242.9548,121.0102,111.0633
173.8710,246.8011,119.9878,111.0136
179.3863,244.7371,119.7271,110.5647
201.4081,237.6069,119.7100,111.7424
207.6553,234.6714,119.6178,111.3184
191.3648,231.3293,119.4851,111.3372
172.1775,229.0483,120.0079,109.7391
169.9393,220.8363,119.6504,110.1084
186.8420,216.5681,117.2011,110.0982
234.0188,204.4214,116.8401,112.8490
278.4547,198.2907,118.3739,111.9296
277.9963,191.7308,118.4094,112.8162
245.5164,189.0006,119.7709,112.2068
209.3017,182.7086,121.4831,110.7082
195.4077,177.5136,120.1193,111.7819
178.0434,182.6248,119.7190,111.0811
164.9626,185.3024,119.4728,111.4385
170.3167,186.4225,118.9957,110.8331
196.0031,185.4849,119.4138,111.3976
261.8625,194.1712,117.1481,109.4395
293.5893,190.9597,117.9107,110.0586
292.5372,187.2684,116.2770,111.2032
274.1679,191.7685,117.7190,110.6621
252.8068,196.8436,118.2382,110.4418
232.5732,206.1642,118.9026,110.1206
209.5313,213.0155,117.5799,109.2639
173.9582,201.6742,120.5433,108.1049
142.2568,187.4283,121.8475,107.8834
139.0624,184.1298,119.9001,109.3822
156.6920,184.9340,119.2293,110.0406
183.7715,191.0592,120.4061,109.3500
192.7539,194.3447,118.7940,109.3579
187.4559,187.5337,118.4024,108.9419
194.7492,176.2181,119.3186,109.8747
204.9049,167.4906,118.3749,110.5722
212.6920,169.1358,118.4829,109.8540
213.4903,177.6397,119.0618,110.7664
207.0569,187.6509,120.0345,111.6660
197.4641,205.4893,120.5233,109.0921
213.6684,229.5571,120.6965,107.4074
220.9283,245.8214,120.4371,107.8835
210.0128,250.8683,118.6635,107.8224
192.7874,240.5026,118.6697,105.7008
180.0588,218.1341,121.2652,102.9237
178.1477,173.2244,121.0758,106.2750
187.5167,155.3541,120.4036,108.9313
200.7622,159.4720,120.6754,107.2269
216.6396,172.9379,121.8563,105.3857
236.8650,187.0633,120.4818,105.3909
241.0428,186.6061,118.3936,106.6537
233.7446,188.6834,118.4480,106.5300
212.2094,194.7542,118.2702,106.9130
190.2259,200.6809,117.2581,108.2209
185.5759,211.0232,116.9215,107.1249
188.9981,215.9622,115.9906,107.4220
186.6911,210.6744,116.6646,105.7977
184.8145,190.5166,119.1439,105.0532
198.8262,161.7175,117.7918,107.7234
215.0980,158.9679,121.2968,108.5279
267.3348,168.5274,120.9842,107.4882
289.8044,183.9457,120.3579,109.3225
296.3114,209.9294,120.0271,105.8638
291.9626,219.5453,118.3336,106.9708
293.3343,222.6178,116.8336,107.1382
297.5447,218.1255,115.7378,107.8412
293.5981,222.0111,114.8603,108.0576
264.1029,226.6307,114.2547,109.0643
237.8255,227.5141,114.2373,108.4994
232.4563,232.8821,115.3630,108.3564
220.6547,239.0802,115.4059,108.0259
207.0027,231.7938,116.9310,105.1358
208.5219,215.2866,117.5933,106.0341
212.9786,205.4235,117.1667,107.3662
218.4082,201.6766,115.7906,107.5270
234.9175,202.0579,115.2223,107.7619
252.3741,196.7244,117.6050,106.8119
256.2703,179.7116,118.3181,105.7971
257.5837,162.5176,118.5894,108.9923
271.2408,177.9453,119.3705,111.5605
284.0388,204.3560,117.4569,117.3639
277.0606,239.9577,118.4142,115.4866
262.7460,252.7378,116.2273,112.2826
250.2111,237.9655,118.3192,107.0655
245.3025,196.9311,119.4486,105.3393
239.3573,166.8227,120.0196,105.7038
234.0468,155.0304,118.7872,108.4738
224.5755,162.8712,116.0673,108.3520
207.2148,169.1973,114.4481,108.5731
214.7072,172.2451,113.6756,106.0860
249.4967,157.1300,114.9285,107.0501
268.1410,142.7080,114.8953,108.4408
277.5515,140.1216,115.7897,107.7734
278.3284,150.4838,117.0301,110.6065
259.3853,174.0070,119.7151,108.9313
242.1692,184.7637,117.8364,107.8869
234.9654,184.7319,115.0111,107.8577
239.0074,182.2244,114.0495,107.7751
245.5923,183.8136,114.9263,107.3250
243.5200,195.4194,116.1039,108.2745
210.0587,209.0932,116.3353,106.4349
200.4843,209.5825,114.3438,107.1212
210.4564,200.6685,116.1229,106.7438
228.3664,184.0076,116.9316,107.7894
237.6392,181.4379,115.5619,107.0682
237.9190,189.0326,114.4116,107.4173
235.7628,197.4580,114.0606,108.1700
236.6866,201.5759,112.8029,107.3884
230.2159,204.6363,112.5305,108.2166
214.3935,215.6800,114.4959,109.1960
206.1938,231.7447,113.7928,106.9764
216.4494,234.5381,113.4341,106.8778
220.0106,227.7480,113.1038,107.1722
214.8126,224.2041,112.1306,106.0070
213.2624,219.6710,111.3649,106.9064
225.3530,212.8336,111.0085,105.7393
247.9551,188.8831,112.0846,105.7566
273.9583,161.6591,113.7246,106.7896
278.1410,158.8850,111.8610,106.4998
278.3794,169.1058,112.9279,105.4534
273.4189,190.7818,114.9323,105.8418
266.7035,217.3212,114.7915,104.0725
262.6977,229.8229,112.0225,103.4583
243.2519,227.3614,112.7643,102.9837
218.7814,224.6773,112.4183,104.5730
217.0293,235.6834,111.3303,103.8657
228.3224,246.3835,110.3465,103.7029
236.3714,241.3420,110.0845,104.5863
237.6356,229.0137,111.4237,102.0418
240.0288,209.0331,112.5797,103.6024
255.1137,210.5281,113.7147,101.4630
286.6015,213.9992,113.5852,101.9399
300.4877,208.9314,112.8671,102.8878
292.8991,203.2113,113.0235,102.2645
281.0400,201.2365,112.6641,102.8579
270.0232,211.3899,112.7427,103.2337
264.2539,226.8844,112.7277,103.0337
256.7295,238.6428,111.9523,103.3058
252.7969,240.6478,110.6263,102.7972
263.0765,233.7542,110.0629,104.0040
266.2709,225.9037,109.3548,103.4523
260.4920,218.0411,109.2906,102.6784
256.3971,211.6306,108.8054,102.8703
255.7555,206.7823,107.6768,102.6809
260.0739,206.0116,108.2723,101.6316
268.8217,196.2894,108.4924,102.3075
270.5507,190.2989,107.6039,102.1454
271.8042,197.7169,107.6553,101.7010
279.4839,210.9282,107.8359,101.1442
287.4409,223.7206,107.6270,101.1122
290.9124,230.2747,106.9688,100.5684
276.8196,232.9580,108.2106,99.6163
248.2518,240.7832,109.3894,98.2884
226.3003,237.6490,108.6198,99.1717
213.4912,223.0965,108.1100,98.8249
202.8924,201.1492,108.9888,96.3101
202.5215,177.8579,111.0274,96.3756
209.0000,162.6861,111.6219,99.0070
224.1440,171.1511,110.9241,99.0558
239.8586,180.3870,109.8241,99.2851
246.5852,183.5571,107.7601,99.4549
253.7406,186.1843,108.0916,99.3764
266.8369,206.6588,108.9640,98.6206
283.8504,230.5783,108.8597,99.7649
291.4058,248.2188,108.4301,100.8425
285.0753,247.8193,108.6497,98.1123
275.8885,220.1120,108.9524,97.4272
265.6693,203.9192,108.3689,97.5858
246.0065,201.2609,109.1532,96.2354
226.8059,200.0571,109.4424,98.0511
219.0000,220.2536,108.7587,95.7930
226.3360,233.1677,106.7479,95.0103
241.9009,230.1497,107.8343,96.2868
263.9275,230.2303,107.7321,97.1648
274.2801,232.4417,108.3669,97.6124
275.3687,241.5925,107.2931,98.3139
272.4039,254.7960,106.5848,98.8299
272.3700,259.8846,104.6596,99.1812
272.6696,254.3872,104.2353,100.6987
274.0069,249.1644,104.3062,100.5718
275.9854,238.9919,104.8117,100.8419
278.0476,230.6924,103.6984,100.9144
273.6171,232.2872,103.7547,100.5467
263.0659,239.4564,103.7119,100.2838
255.1454,241.1304,103.8767,99.7377
252.1622,234.3651,104.6411,98.1055
253.9618,220.5504,104.8084,98.6077
250.4631,218.0977,104.3665,98.7668
244.4423,220.9794,104.1286,99.1409
248.5847,225.9249,103.7311,98.3285
262.7234,229.6495,103.4223,97.4287
280.4650,220.7441,102.9556,97.7068
293.5850,209.8266,104.0415,95.8090
293.3109,194.7384,104.2617,96.6021
288.6689,193.4435,104.1530,97.3226
283.9595,199.4547,104.3926,98.0491
280.6292,206.5818,104.3069,98.5586
263.5800,210.9504,104.1092,98.4612
239.2375,203.9875,104.9763,97.0399
225.3206,193.7772,104.1799,98.0776
221.9533,198.9183,104.7183,98.1686
227.7906,219.6436,106.6361,96.1099
252.7383,260.2344,106.8584,96.9708
275.0906,280.3961,105.4531,96.3796
297.6627,266.5569,106.1789,95.9940
314.8195,240.7931,106.8240,97.2010
312.5308,228.6520,106.0187,97.1495
295.6772,223.5276,107.6163,97.1562
274.8293,229.5530,106.4555,97.2279
249.0148,239.2050,107.9501,96.8119
221.1698,236.7664,106.0476,97.8379
235.9877,240.8380,106.3651,94.5262
284.2048,242.3904,105.9688,93.0463
312.5880,237.3955,105.2863,94.3645
330.2252,231.0387,105.0826,94.7463
337.9396,230.8817,104.6398,95.2237
344.5241,238.0311,103.7461,95.7946
348.3376,236.5169,103.0539,97.0309
349.1812,229.4627,102.7865,96.9940
340.5886,234.0363,103.5912,96.4518
316.6599,251.6096,104.2479,95.9992
298.9771,260.5526,104.7565,96.0677
295.4284,254.0241,104.1053,96.7552
306.3100,242.7240,104.4588,96.6135
313.8020,240.3462,105.2326,95.9926
326.0986,249.8093,104.8736,94.9741
341.8901,260.1056,104.5109,94.3344
355.7691,253.3437,106.1407,93.8607
341.4859,220.0583,105.9406,96.0861
308.5436,180.4084,105.9279,96.4931
286.6925,165.0375,106.4755,96.3642
279.9796,174.7318,106.5446,94.5361
278.5862,194.2618,106.4083,93.3816
269.6009,211.9400,106.0770,93.9732
249.1631,234.5373,105.4447,93.3750
230.1332,240.2309,107.5422,93.8080
217.7389,243.3060,104.9465,94.1948
218.9778,246.1289,103.3579,93.9586
229.5111,249.6668,103.2376,94.3252
246.7118,238.9874,103.9270,92.8568
249.0660,210.7428,105.2026,90.7269
238.5817,181.4595,104.6647,91.1117
231.1018,171.7392,103.8190,94.4165
227.9919,179.7423,103.2445,94.3385
209.9228,192.7064,103.4837,95.5878
195.6781,204.8742,101.7620,95.9567
188.3929,208.9903,100.8931,94.8676
184.2664,212.2249,101.8268,95.3578
178.8975,225.6054,101.5878,95.8105
182.8698,236.1938,99.6441,93.9211
207.1082,237.2831,99.9969,93.6119
238.0613,236.3975,101.6913,92.3153
270.9848,225.5528,102.6442,92.2824
289.3431,220.8721,102.6128,91.7381
307.7722,224.7197,103.2631,92.5698
311.3788,240.5878,103.0479,92.4135
287.8864,253.5062,101.7521,91.0182
242.2255,235.1934,105.4002,88.8696
208.5992,221.6329,105.7387,89.3431
183.7139,219.9959,105.6233,90.9463
177.3679,226.8479,103.2338,91.0613
204.1026,232.5179,100.1558,91.0105
232.4938,217.4720,100.4725,93.3096
246.2843,200.8804,101.2075,93.7321
261.2792,195.7132,100.0073,93.1904
288.8936,199.1691,101.2452,92.6036
321.8746,204.5070,101.3994,92.3577
332.6424,207.2077,100.4446,93.6227
326.1577,206.0919,99.6778,93.2600
303.1816,200.5494,101.4894,92.2601
266.9344,181.0892,103.3344,93.1644
234.0087,162.7238,104.9027,92.8081
248.3974,148.9557,104.5394,92.7437
281.2440,142.3546,103.8253,92.7988
294.4229,130.5196,103.0424,93.0245
300.9987,119.4967,101.1059,93.6871
300.8365,131.4099,101.2275,92.3661
303.6306,156.6222,102.2474,93.6043
304.9229,200.3619,103.1970,91.2294
306.6466,229.7320,100.5723,90.6293
306.4839,229.6742,98.7553,92.2041
304.7108,215.8505,98.3945,92.6591
296.9622,202.6972,98.0900,92.9087
291.5227,191.4773,98.0313,92.7284
289.7450,179.5654,99.4862,89.5898
287.9407,149.8388,101.1054,87.3462
287.0844,105.6933,103.8644,86.1502
298.4099,87.2712,106.8509,84.4001
322.8365,97.6488,103.2542,88.8839
331.1370,142.6126,101.7084,89.2095
321.3687,171.8165,101.5151,89.3798
304.0351,186.9226,101.1149,90.6112
292.1826,205.1892,100.4043,90.4566
281.7503,219.6547,99.4185,90.6678
273.5155,229.1741,98.3834,91.6531
266.2852,232.7663,98.2977,92.7265
272.7545,237.1710,97.7260,92.7527
281.1324,235.2411,97.1926,93.0862
288.4129,224.6593,97.3241,92.7965
294.2649,213.8569,98.0298,92.2765
307.4936,199.6299,99.4261,91.2974
315.0924,190.6320,98.4164,92.0812
319.9499,192.0252,98.3520,92.1082
331.5741,198.2053,97.7124,93.0044
333.4690,218.9640,98.6375,92.4657
316.2157,236.7297,99.4548,92.7159
297.2320,254.9701,100.6657,92.3354
274.5538,265.3596,98.7624,91.7341
264.2946,261.9185,98.2284,92.1941
260.3488,257.4658,97.5160,91.7112
246.2263,235.8765,97.4012,92.0226
236.1641,199.9219,100.6130,91.7378
258.4562,182.7125,99.5872,90.9370
279.9648,176.0710,100.2346,91.8018
292.9264,179.7472,100.6649,91.8025
308.6107,195.5840,99.7007,93.0328
325.6298,211.8995,99.8634,93.9360
341.4407,232.7062,99.0802,94.3132
347.8922,255.8385,98.9765,93.4154
344.8248,265.2715,98.2568,92.5026
327.7928,268.7017,97.0758,91.4791
295.0482,273.9295,98.5523,90.3470
251.8905,274.4758,98.2081,90.0020
219.1494,268.7314,96.2935,90.8749
216.1288,256.0397,97.4444,88.9836
222.6612,229.8585,98.7646,87.1853
221.2600,201.1710,100.2009,88.4974
233.8807,190.6547,99.3250,88.6902
268.2626,187.5255,98.3346,90.1609
295.4017,186.7611,98.4901,91.6791
309.7867,187.0974,99.0645,92.7443
316.7090,191.7364,98.6570,92.9700
321.8443,201.3053,97.9794,92.7481
325.7206,218.1890,98.3200,92.7820
316.8844,234.1869,98.3028,92.0497
281.6432,237.0494,98.5669,91.1474
234.8531,235.2984,99.9561,91.0283
195.4956,236.2294,99.0554,92.9039
181.3816,228.2799,98.0936,95.9563
192.7977,232.5099,98.9445,94.9210
230.7150,233.5197,98.8452,94.9951
250.8749,230.0035,98.7049,95.3899
256.3534,225.9568,98.0391,95.6717
276.3911,226.9187,98.6548,94.8682
330.3255,228.4712,107.0792,88.6025
361.9043,214.4079,108.2563,87.5043
342.6693,211.5147,106.6878,89.2131
276.9717,214.2303,112.5087,84.3695
194.7690,219.5719,111.0742,87.0352
158.4587,221.3154,104.9597,89.3209
160.1034,214.7285,102.6576,89.5298
111.8573,143.9182,102.5362,93.7840
217.1902,154.6061,102.1760,96.3675
218.2940,157.5747,100.3645,94.3185
219.6521,169.2601,100.2012,93.6874
232.3058,195.9896,99.0728,94.0901
237.2225,226.2341,98.2054,93.5852
233.1949,249.2326,98.4016,92.1849
240.0137,260.7912,97.6228,91.7576
249.1871,265.5532,97.5227,91.8024
238.4822,257.7173,98.6061,92.5813
219.6376,254.6386,98.8320,92.0906
222.2595,267.6731,99.5453,92.2053
254.5827,286.4680,98.6676,92.0973
274.2994,285.5632,98.0345,93.1903
271.6063,273.4733,98.9056,92.5280
270.6068,250.7493,99.8126,92.3540
279.4285,209.1060,100.5271,92.7794
271.4951,159.9991,100.3732,91.3196
254.0714,151.5022,99.8284,93.3463
236.6792,162.9422,100.5804,93.4472
227.4017,186.8585,102.2764,91.6483
221.6348,226.0468,104.0884,90.0408
221.1290,249.2717,103.4827,91.3207
230.3667,256.9311,101.9693,91.5583
240.6636,248.8958,102.5923,93.6442
245.1577,234.6202,101.9220,93.8964
244.5725,226.4329,100.6121,94.0528
257.5699,225.1954,99.0918,93.9001
281.3595,215.5261,99.4395,93.0008
279.4844,203.4155,100.5936,92.5766
267.2605,190.1899,100.2239,92.0016
277.7624,180.3306,100.0074,92.3786
291.9608,179.0126,101.4464,92.3741
295.9022,199.8802,100.5375,93.4769
281.5839,233.9639,99.8528,94.1282
274.4113,250.3695,98.4590,94.4026
282.5367,262.6549,99.2169,91.7081
286.9441,256.8872,100.4688,91.9426
274.4307,244.3880,100.2151,90.6941
267.6233,236.0698,99.5536,91.9053
271.6861,238.9276,98.3291,91.8458
271.9701,235.6971,98.4142,91.7090
265.7784,229.4309,98.9406,90.3263
257.6018,220.1099,98.3080,90.6522
254.2365,220.6179,97.8997,91.5142
249.1677,225.9922,98.2236,91.6239
238.7594,229.5469,97.8386,90.8616
238.2857,225.5129,98.9172,90.9186
264.0595,221.7175,98.2579,89.7368
283.1916,222.5685,100.5278,90.3102
278.0081,232.8196,100.6924,90.6226
255.9292,239.7759,100.0449,91.6702
253.7948,240.1388,99.4343,92.1148
261.1262,230.7884,101.1917,91.8401
267.2108,217.1288,100.4633,91.8924
267.3984,214.3595,99.6278,92.1205
271.6500,219.0675,99.4282,91.7017
280.5117,223.3434,98.5652,91.6565
279.2443,224.3651,97.9113,91.5672
271.4328,221.6752,98.4608,91.9731
271.1144,216.6435,97.9457,92.1987
274.6177,219.5439,98.2827,91.9030
277.2066,229.6435,98.8726,91.4012
269.9032,244.4863,99.1038,91.1474
264.8102,249.0945,98.6290,90.7356
272.2434,239.6744,100.0179,90.5311
285.4352,223.3343,99.4090,90.4036
282.7132,218.4190,99.1973,90.9900
275.4651,228.8160,100.6375,91.4207
265.9279,238.3911,99.7334,91.4801
266.1003,236.6153,99.6420,89.9642
268.5346,214.4552,100.1493,89.8593
272.8172,204.5744,98.7470,90.7258
275.2625,213.5705,98.7242,89.9995
275.6972,228.7740,99.0584,89.2932
269.0709,235.6078,99.2151,90.6610
263.4981,237.8913,97.9489,91.3228
266.2477,232.8923,98.4558,91.7213
268.2195,227.8535,97.8083,92.0369
261.1971,229.6090,98.8037,91.9783
251.2931,242.6414,99.7488,90.6810
248.0066,251.4711,98.9061,91.5448
249.1807,248.5347,98.9912,91.9497
249.9941,239.2560,99.8588,91.9021
249.2538,235.4618,98.8453,92.0499
247.1993,242.7478,99.6309,91.1442
249.2436,255.6046,99.0752,90.5560
250.8930,260.4149,98.1393,91.2082
250.4720,262.3077,97.4600,91.2537
250.8379,261.5269,98.1556,91.5237
248.9016,256.4545,98.6104,91.3422
239.0842,248.4717,99.4747,91.2963
239.4052,245.0884,99.7462,90.7689
239.9997,232.3863,100.7823,89.2805
238.3002,220.5376,100.4544,90.3308
238.0361,219.8958,98.8089,91.0552
241.6153,223.1538,98.4850,91.2290
246.5777,219.6592,98.9595,91.8607
250.2338,210.2225,100.0830,92.0384
252.1015,207.0736,98.8250,92.5519
252.0881,218.2298,99.7105,91.2308
253.8580,235.8074,99.7174,89.8507
255.2982,242.7251,98.5666,90.7524
252.2717,238.7570,98.9124,91.0365
252.6449,229.7295,99.7003,91.8593
262.9323,223.2862,99.1558,92.4235
264.5062,226.0237,99.3802,92.2931
262.5591,233.3538,99.3722,92.6314
253.2528,238.3599,99.3018,92.8570
249.8332,236.7026,98.5713,92.6009
254.2616,228.0365,99.5281,91.6160
251.5904,222.3899,100.7549,91.5453
241.9693,234.4589,102.8730,92.5693
233.6704,248.6711,101.9982,91.9522
235.2083,252.9346,100.7222,91.9994
250.8889,251.2030,101.6433,91.8253
268.5680,241.9790,103.2278,91.3579
275.0266,227.7219,104.4643,92.6732
260.7253,232.5243,107.3990,92.0197
238.7466,246.3602,105.3284,90.9346
259.9858,255.9318,104.2816,90.4536
278.5472,251.7495,103.5964,89.7338
275.2583,235.8640,103.4995,89.7083
256.1146,227.1608,105.4592,90.9571
235.8698,228.3232,103.3837,91.6058
234.0836,230.3392,100.7896,91.5856
237.3579,228.7519,99.9215,92.4277
238.9218,226.3237,98.8157,92.4087
234.4121,226.8821,98.2074,92.4437
231.7360,226.6195,98.3410,92.6974
239.8890,233.2697,98.5698,91.9343
240.5782,243.9613,98.7669,92.0334
255.5701,254.2802,100.2602,90.4269
291.4126,253.6673,104.4091,89.6312
308.5183,245.9801,104.9326,89.9157
284.6324,246.0731,108.2073,89.9431
232.1723,262.8714,114.9465,86.8883
214.1802,268.5492,111.8980,89.7922
220.2447,273.6130,108.6970,89.8099
246.9028,265.2660,107.6826,89.8559
253.2395,260.4695,104.9881,89.6990
240.4529,261.8471,103.1617,90.4090
224.5596,261.9762,102.5751,90.6942
214.2181,262.5179,101.0055,90.8179
222.5398,266.6466,100.1581,90.0245
240.3127,266.9174,99.8190,89.9898
244.1129,262.0141,100.1651,89.6196
243.6032,253.3460,98.6954,89.8021
235.2161,250.6841,98.1454,90.2689
234.3425,245.4991,99.0297,89.9719
245.3484,236.4286,99.9594,89.6095
247.2934,228.8815,98.9821,89.8184
243.6023,224.8849,97.9977,89.9919
243.8044,218.4854,98.8529,89.2976
247.6860,213.6936,98.2233,89.7818
250.5482,226.5540,99.6995,86.8175
242.4894,263.5845,101.4424,84.1136
232.2261,288.5968,100.1982,84.2280
228.9308,291.0587,98.9696,83.8797
238.5248,270.4551,99.9551,82.3609
245.0470,249.7495,100.3997,82.6862
254.3893,234.4481,100.4978,81.8668
257.3508,218.3080,100.2482,81.0017
250.6236,204.1602,100.4135,80.6036
244.5889,189.1717,99.9938,81.2232
248.5449,172.0083,100.2873,81.9373
250.2775,164.0245,102.1357,82.1300
260.7971,169.2852,100.6127,82.6763
267.1048,189.2121,100.3906,81.1291
269.2280,220.4939,101.2856,79.0277
275.2793,245.9101,99.0173,79.4975
276.1854,244.2154,98.8851,78.8717
272.0577,219.5042,98.6244,78.5074
272.2225,202.4512,99.5309,82.1294
288.1368,198.0438,98.1333,84.0794
309.2725,211.8483,99.6478,80.0807
315.5282,218.5870,98.2665,82.3881
300.5966,223.6005,100.7924,81.9114
287.8880,226.9527,101.7790,81.9356
287.6642,232.1927,101.8137,80.5821
294.4143,255.7489,101.6719,78.0080
308.3703,277.6932,99.3133,78.8423
313.8229,282.4913,97.9142,82.3394
306.9690,274.0854,98.2167,80.8335
293.2729,257.4007,99.1835,79.4792
286.1123,236.8144,100.3419,77.4061
282.1043,213.4698,101.5633,76.5420
282.4968,206.0483,102.0017,78.3755
280.7711,215.1406,102.5363,77.6595
290.8641,226.9305,101.9478,78.2581
303.6077,233.0981,102.7586,78.6584
304.3571,237.5138,103.3259,79.7290
300.2287,243.1712,104.2606,79.4397
294.3826,253.1574,104.7153,79.5387
289.6517,253.8176,103.5246,79.7277
290.2211,246.1293,102.8065,79.7578
289.8226,233.4795,101.8586,78.8046
292.6683,214.4306,102.4551,80.1785
294.1286,206.5780,102.4083,79.9027
293.8590,202.7317,103.0397,79.6637
296.9685,202.9246,102.5057,79.3703
306.8432,207.9628,101.4390,79.4574
324.5684,226.9762,100.2402,78.3856
329.6173,245.8229,103.2419,76.3546
313.2199,255.3443,100.1720,80.5447
280.3255,259.2543,99.3589,81.9843
260.5746,253.2898,97.9557,82.9164
245.1947,242.3929,96.8225,85.3344
227.9838,224.6035,98.3151,84.2476
223.9625,190.6379,100.2337,84.8290
237.5095,178.7207,100.8898,84.8287
259.3486,182.5119,98.9586,85.5480
275.8289,196.6738,97.0142,85.6882
280.3203,207.7372,95.6367,84.4185
285.7285,211.0068,95.0938,83.7744
291.6952,214.0396,94.7701,83.1219
292.5286,216.2189,94.2585,82.8165
293.9886,217.6710,93.2410,82.9892
293.7667,218.1323,92.4955,83.4844
