1
183.4070,21.2753,49.1843,37.5034
182.8916,23.0153,48.8560,36.9237
181.9472,24.1867,49.5061,36.3549
181.1751,26.1677,49.4912,35.6692
180.6149,27.0499,50.1205,35.1924
179.3610,28.6971,50.4170,34.5987
178.6893,31.6963,50.8667,34.7932
177.7409,33.1243,51.3400,34.8742
176.9089,34.8739,51.9286,34.8676
175.6989,36.6555,52.9063,34.8178
175.2379,38.0471,52.9441,35.5423
175.1288,38.9631,52.7616,35.6583
173.9356,40.2450,53.0374,36.0002
173.9395,40.8583,53.3208,36.2044
174.3507,41.7794,53.9426,35.8661
174.6465,43.1405,53.7648,36.4717
174.6298,44.3684,53.7484,37.1034
174.3460,46.3079,54.0776,37.2283
173.7976,46.9833,53.9710,37.0245
173.6251,47.6705,53.3634,36.9982
174.2825,48.9818,53.0894,36.6089
173.9069,50.2390,52.9895,36.4081
174.5017,52.1449,53.7967,36.3312
174.3234,53.4642,55.0636,36.6793
173.7977,54.7069,55.5959,36.8708
173.1046,55.0660,55.6594,37.1215
172.8920,55.6282,56.5768,37.5069
173.0664,56.6684,58.2226,37.2424
172.5420,58.7911,58.8309,37.2626
173.3947,58.8944,59.9408,36.8009
174.0249,58.9515,61.4927,36.8073
172.9011,58.4544,61.7059,36.9509
171.5383,57.8811,61.7548,36.9322
170.7707,58.2939,61.3308,37.2707
170.1872,58.3498,60.7514,36.7360
170.2474,58.4876,61.1113,37.3119
171.2957,57.5836,61.5286,38.1019
171.3861,56.4785,61.6973,38.6672
171.5405,56.0963,62.3146,39.0904
172.2391,56.1032,62.0839,39.1437
172.2327,56.4882,62.0077,39.4057
172.1680,56.8197,61.7956,39.7460
172.9847,57.3416,61.4156,40.1352
174.1704,57.8849,61.3031,40.0513
176.2177,58.2527,61.7055,40.1324
177.3595,58.3692,62.0150,40.1667
178.3224,57.8185,62.6246,40.1871
179.3931,57.6597,63.6339,40.0163
181.0964,56.9482,64.7732,40.0462
181.8016,56.9872,65.5385,40.1386
181.7503,57.3181,65.7556,40.2126
182.2852,57.0817,65.9701,40.7701
183.9028,56.7143,65.8159,41.3042
184.9414,55.0521,65.2887,41.8555
186.5461,54.5674,64.9157,42.4504
187.3048,53.7642,64.3159,43.2360
189.9353,52.9542,63.2854,43.8969
192.4769,52.1831,63.5124,44.5488
192.8435,50.5064,62.5087,44.5881
193.5891,48.7520,61.1912,45.2918
194.7967,47.2511,60.1282,45.5884
197.4298,45.2062,59.2780,45.7219
197.4479,43.9619,59.3081,46.1254
198.8730,43.9308,59.0689,46.1875
200.2136,44.0788,58.6138,46.0896
200.6014,43.7478,58.9603,45.8261
200.8439,44.1670,59.1459,45.1333
202.2113,43.2178,60.0078,44.7995
202.1614,43.6253,60.7019,44.4922
202.6181,43.4538,61.1099,44.2738
202.3925,44.2877,60.5814,44.4178
203.0857,44.3203,61.2186,45.2563
203.2943,43.8291,61.6333,45.8015
203.6788,43.6847,62.1157,46.3068
203.5068,43.1053,62.9201,46.7068
204.3288,41.5331,63.8659,47.3932
204.5523,41.4921,64.4089,47.7623
204.5073,41.7311,64.5321,48.3589
205.7283,41.7365,65.1460,49.0124
206.9568,41.4370,65.6180,49.5912
208.3850,40.8236,66.1833,50.2765
210.0428,38.7525,67.0564,51.2719
210.9630,38.5215,66.2846,51.0484
212.4701,37.4033,66.7582,52.1367
214.2946,36.3939,67.6453,52.8134
216.0739,34.3072,67.5590,53.5748
217.7516,34.1979,67.5000,53.6816
218.8528,33.6869,67.5101,53.8640
219.5939,33.0131,67.5788,53.9643
220.0141,33.7608,67.9539,53.8882
220.9233,34.7498,68.6183,53.4903
221.2993,35.4133,69.3623,53.3277
221.2940,36.3587,70.0517,52.3109
221.2417,35.6649,70.2377,51.8741
221.0638,35.5296,70.3145,51.3421
220.8737,34.9765,71.4215,51.4665
220.9299,35.2473,72.5277,51.4395
220.0517,35.2007,73.6645,52.0113
219.4712,34.7424,74.1106,52.4232
218.4473,34.0605,74.5191,53.3081
217.7941,33.8908,74.7275,53.9604
217.1850,31.8029,74.3418,55.0214
216.8448,31.0706,74.5438,55.3072
216.4653,29.2734,73.9062,55.9612
216.5660,25.4510,74.3601,57.2194
216.4893,22.0214,74.6461,57.6065
217.8131,13.7936,68.9938,64.0233
215.1463,12.4535,71.5810,63.0570
216.6665,7.0356,68.2994,68.4052
217.7232,3.3051,65.9559,70.5299
217.5089,1.5838,64.5325,71.3385
217.2001,0.8347,64.0703,71.2734
217.8554,0.2510,63.5422,71.1258
219.8310,-1.0552,62.9010,71.1423
220.3802,-1.4787,62.4814,69.8148
220.5596,-1.0340,61.9423,68.4902
221.5818,-1.3074,61.4047,67.2695
221.0825,-0.6827,60.9380,65.9628
221.1746,-0.1086,60.0056,64.8221
222.3735,-0.0437,58.9558,64.3522
224.5186,-0.3195,57.9496,63.7246
224.9934,-0.0078,56.9593,62.9211
226.5141,-0.2446,55.8080,62.0941
226.9901,-0.9565,55.0475,61.2547
226.5193,-1.3653,54.0406,60.1901
226.1114,-1.0671,53.2185,59.5235
226.8201,-0.2981,52.0784,59.1552
226.8031,-0.0177,51.5600,58.9107
228.1832,0.3950,50.4266,58.9909
228.5588,1.1089,49.2808,59.6321
228.2019,0.8876,48.1864,59.6395
230.1487,0.6023,48.1732,59.1024
232.4521,0.3387,47.6941,58.1534
231.8119,-1.0082,47.1920,57.2919
232.1742,-0.8960,46.8105,56.1387
233.4641,0.3757,46.2493,56.3209
235.1082,0.9705,45.6474,56.2494
236.7775,0.8004,45.5526,56.1418
238.6396,1.6405,45.5027,56.4655
240.3943,2.0879,45.4762,56.1278
240.9014,1.4615,45.7641,55.9786
242.1277,0.9772,46.6516,54.7306
243.5361,1.5949,44.9656,55.6300
244.3810,1.1609,44.2381,56.3953
245.6609,0.9100,43.6321,56.6952
246.7470,0.8252,43.5392,56.6474
246.9053,0.6689,43.5913,56.2896
246.6991,0.3252,43.9872,56.4005
246.1652,-0.7581,44.1790,56.8858
246.8849,-0.7190,44.0405,56.2625
2
0
0
0
0
1
244.6162,87.8518,14.9148,53.5115
244.3385,87.8025,15.4634,54.1140
244.0562,88.0591,15.7972,54.1465
244.2586,89.2654,15.7630,54.0918
244.8114,91.0155,15.4631,54.7655
244.4989,92.3253,15.6363,55.3779
244.5572,94.1196,15.5794,55.8458
243.6551,94.8727,15.3131,55.8193
242.8248,95.3808,15.9424,54.6325
241.7408,97.9782,17.0211,52.7013
241.1137,100.0659,18.0643,51.3351
240.1143,101.1405,19.0697,51.2164
238.3661,101.0557,19.9669,50.7096
236.8682,101.9169,21.0616,50.0836
235.1086,102.4047,22.1044,49.5989
234.1101,104.3829,22.5915,48.7198
232.9176,104.9519,22.7009,48.7517
231.2659,106.1983,22.8772,48.2430
229.3540,106.8970,23.2307,47.8817
227.4294,107.0359,23.5228,48.1113
225.7717,107.0990,23.8655,48.2597
224.7152,107.9729,23.9960,48.0024
223.7335,108.8989,23.5781,48.0028
222.9556,110.5180,23.5453,48.0756
222.6089,112.5468,23.4499,47.6022
221.8068,114.0662,23.1631,47.7906
220.2782,114.6598,23.1045,47.7756
218.7062,115.8214,23.2399,47.6832
217.0193,116.8231,23.2830,47.9416
215.4277,117.4234,23.3258,48.0673
214.5404,119.2889,23.4077,47.8084
213.5864,121.0279,23.8538,47.7755
212.9953,122.9186,24.1233,47.8585
212.0708,124.0992,24.2156,47.7808
210.8461,126.0795,25.1879,45.9919
210.4940,128.0263,26.1325,44.4169
209.4070,129.5312,26.7136,43.8227
2
0
0
0
0
1
183.2238,181.6883,56.2826,57.5272
180.8639,181.1206,56.7781,58.3962
177.1897,180.6530,57.3371,59.4516
175.0672,181.1134,57.1101,60.7202
171.4964,182.8591,57.1046,61.4575
168.1958,184.0221,57.5855,62.4270
165.0413,185.4499,57.8462,63.3672
161.7384,186.3171,58.3790,64.1479
159.4464,187.2611,58.4239,64.0575
157.9561,188.2144,58.0524,64.6992
157.1453,190.2072,57.9016,65.4833
154.8992,192.2592,57.3332,65.9419
153.0801,193.0496,57.4792,65.8830
152.5614,194.1963,57.9630,66.1511
149.8113,195.7153,58.9725,66.4908
146.1386,196.8941,59.5642,66.6762
143.9282,198.3385,60.3632,67.1737
141.3787,199.2976,60.8609,68.0025
139.2630,200.4246,61.2287,68.3177
137.6020,201.3456,61.9011,68.1264
133.8855,201.9904,62.9664,69.3107
131.8192,202.6104,63.5851,69.9437
130.0462,202.8007,64.2577,70.9594
129.0482,203.5233,64.6555,72.0465
126.4775,204.8848,65.1732,73.0077
127.0666,205.4590,65.0863,73.3033
127.3775,205.4897,64.9657,74.0550
128.1599,205.3867,66.0364,74.5881
126.3442,206.0379,66.9009,74.8149
124.6448,207.0518,67.0861,74.8639
122.0173,209.0275,67.1286,75.4383
118.3743,211.5290,67.3173,75.6425
114.7308,213.3309,68.0325,75.9084
112.1137,214.6371,68.4339,76.1306
108.4603,214.4161,69.6442,76.1948
106.5629,214.6113,69.5808,75.7584
104.0399,213.6809,69.3301,75.7721
103.7320,211.1964,69.1408,76.5687
104.3269,209.8777,68.2060,76.8916
104.7060,207.8199,66.5547,78.1580
105.0126,207.0522,66.7186,78.4956
104.2966,206.8627,66.5743,78.7367
103.1246,207.4798,66.3289,79.1020
101.2103,207.1560,65.7397,79.2541
99.8420,205.5591,65.6497,79.6182
97.3983,205.4135,66.0286,79.7759
97.9595,204.4492,65.4238,80.2772
98.8944,203.1496,64.9697,81.1773
96.6854,202.1697,65.6955,81.5431
92.3450,201.9865,65.5182,81.0773
87.8686,200.8895,66.0167,81.7237
85.8727,199.6456,67.6926,81.1673
81.8064,199.2855,67.9041,79.9040
77.4244,199.3737,68.4435,78.8186
74.5702,199.7818,68.6762,78.3834
72.1405,200.1342,68.6884,78.2180
70.3508,201.6823,68.1134,77.4951
67.1283,202.5728,67.6558,77.7930
65.5440,203.5777,66.4881,77.7435
64.1945,203.7836,64.5325,77.6954
65.4599,202.9987,63.0173,78.4353
69.5677,201.6795,60.4315,79.1352
73.2278,202.8395,59.2704,78.4007
74.7812,204.3605,58.0002,77.5143
76.4986,205.5777,57.4979,76.7691
79.8382,205.4684,57.5348,76.8079
82.8885,203.5490,56.9026,77.4049
88.4019,202.4924,56.5732,77.8029
90.9474,203.4155,56.4569,77.2855
93.2765,202.5259,55.9887,77.5855
97.5490,202.4051,55.6841,77.4991
102.2187,203.1890,55.1799,76.9949
106.7991,203.8620,54.2218,76.4645
110.0183,203.0296,52.9806,77.2803
111.0809,203.1936,51.8759,76.9231
110.4283,204.3354,51.5392,75.9490
110.2583,205.6970,51.5070,74.7021
110.9574,204.8800,51.0068,74.6577
111.0957,204.8524,50.6243,75.0809
2
0
0
0
0
1
169.4299,220.3844,46.8738,43.3083
167.0992,218.2300,48.2759,42.5250
164.8225,215.9550,49.5001,42.2836
163.2135,214.3478,51.3726,42.1033
163.7254,212.1588,51.4519,42.4494
165.0735,210.7709,51.6209,42.8927
167.1213,209.0001,51.4310,43.9448
167.6384,206.9421,51.8039,45.3011
167.7153,205.2434,52.8499,46.7196
169.8852,204.0682,54.6357,47.8197
172.7829,203.0034,55.4862,49.4968
175.1122,201.6265,55.6270,51.5751
176.4203,198.7298,55.9438,53.4369
177.3730,196.0818,56.4522,55.1240
178.7598,196.2126,57.5644,56.1477
179.7799,195.8633,58.7597,57.0050
180.9196,195.7899,59.7158,57.3016
181.4900,196.9879,60.6571,57.6863
182.9242,197.1188,61.2739,58.8025
183.9034,195.9469,61.6207,59.9943
185.1190,197.7836,63.6898,60.5797
184.9296,199.6354,65.6099,60.9370
186.9633,199.2042,68.1741,60.5100
187.3501,200.1435,69.1708,60.0124
189.6455,200.3353,70.1106,59.9786
191.7570,198.1109,69.4175,61.0915
195.4756,194.6849,68.5028,62.0347
196.9877,193.2838,68.4960,62.4768
199.0168,189.7397,68.4429,63.8635
202.3561,187.3531,67.9582,65.1062
203.8031,184.8147,68.4754,65.5033
205.3835,183.4427,69.0284,65.9437
205.0524,182.5021,70.2069,65.5341
206.9413,182.0645,71.4154,65.0683
208.8047,182.7048,72.7213,64.6138
211.0816,180.5522,73.9348,64.2468
213.3723,178.7537,76.0590,64.1438
215.8291,178.5774,78.2375,63.6812
217.6099,178.2470,80.3907,63.7133
217.3133,178.9593,82.1923,63.1824
218.1748,177.5686,84.5601,63.4065
218.9941,176.8103,86.7596,64.0721
220.9807,175.4808,90.9594,65.7993
222.2424,174.2098,94.2793,67.1864
222.8561,172.5414,96.8459,68.5221
224.2096,171.0945,98.2187,69.9017
226.6079,169.2198,99.5171,72.2673
227.6817,166.0534,100.6066,73.4307
229.8877,165.0179,102.4861,73.8904
234.2686,163.2612,101.7416,75.2053
236.9697,159.2980,101.8354,76.9944
240.1604,155.7415,101.6364,78.8563
244.8512,153.8760,102.1047,79.6538
250.9322,151.2779,103.3460,80.5720
253.5685,147.3309,105.0434,80.6563
256.7900,145.6822,106.7069,81.6001
262.1059,144.4147,107.5826,82.8993
266.7823,141.5719,107.2264,84.2660
270.4323,139.2436,106.2333,86.5999
273.1652,137.7106,106.0164,88.1136
275.7404,136.2043,106.0017,89.1807
277.9758,134.3450,105.0459,90.9449
279.0226,133.3774,105.0166,92.4983
278.7636,132.1427,105.2353,94.7691
277.3604,131.8733,106.4394,96.1197
276.2807,132.2900,108.2812,95.9733
275.6881,133.3236,109.9130,95.7040
275.1570,132.9119,110.5334,96.6864
272.9519,132.9377,111.2615,97.0752
270.7722,133.3866,112.0196,97.5359
268.2141,133.3995,111.7907,99.4588
264.7356,131.8387,110.8039,102.5925
261.3152,131.9532,109.8153,104.8912
257.1821,132.4523,109.3964,107.7173
254.9094,130.9781,108.3277,110.3724
253.0961,131.9583,108.6663,110.0893
250.0791,132.8895,109.4709,109.6991
247.7179,134.3980,110.4714,109.3610
243.7053,135.9328,112.5506,108.9117
239.9594,137.1493,114.2039,108.1563
236.4492,137.7757,115.1734,108.9538
