1
650.0992,272.1410,27.4876,136.6794
648.1705,272.7746,31.3331,135.7426
647.0925,274.4159,35.3572,133.4759
644.9446,276.2863,39.7247,130.9472
637.6299,279.8164,44.3668,130.4858
630.0206,285.4787,47.6810,130.0551
627.4839,286.6525,51.2664,133.5200
630.3384,286.5294,53.5866,137.3934
628.3068,285.4118,56.0353,142.3564
623.9195,283.2509,59.5362,146.4084
619.5644,282.6652,61.5342,151.3942
615.9269,289.6386,62.9067,151.9858
611.7377,298.4001,64.4591,153.7340
607.0910,302.9152,65.4065,155.3395
604.1953,302.0515,65.9405,156.5813
605.5712,301.5945,68.1917,157.7179
610.8155,299.4339,70.2177,157.7395
615.4041,293.8707,71.9271,157.8251
616.4127,289.2797,73.2181,157.7970
612.5504,287.1405,76.3079,158.0811
606.7966,285.1879,78.1422,159.6198
609.5806,282.2788,79.1769,163.1735
620.1003,275.5664,79.7025,165.1644
622.5244,272.4542,80.2357,166.9372
622.1252,264.5693,78.8757,173.4953
622.1335,257.0820,77.7589,179.8573
623.6162,250.3622,78.3332,184.8494
624.3505,243.9213,80.1963,188.9338
627.2486,239.6504,82.1595,192.3015
628.8515,236.2793,83.3877,191.3860
629.5225,232.2039,85.6159,190.7601
631.8365,225.8097,86.7739,192.4960
634.7238,220.1636,89.1986,192.6584
633.2267,217.7871,89.2498,191.3419
627.1469,215.6225,90.1301,189.9076
622.6907,213.2580,89.6818,188.3313
617.2719,208.4511,89.6539,189.3319
616.9278,207.1311,89.4759,188.8151
614.3618,206.2573,90.6786,188.3404
610.4375,205.6582,91.8360,188.6693
603.8358,204.0966,91.7985,189.1106
595.0093,205.3574,93.3569,191.3152
587.3707,204.7602,92.3690,189.9549
590.4031,197.1861,92.1049,192.1579
599.1411,190.1938,90.6141,191.7684
602.3425,190.1604,88.1127,188.6475
599.4871,189.0080,85.8334,188.0861
598.5083,186.9645,82.6289,188.6993
602.4156,186.4496,82.3133,189.2348
610.1346,188.6693,82.0131,187.6331
616.9124,192.6698,79.9665,185.0350
619.0519,192.9876,78.6418,183.6439
618.9779,194.5732,79.5954,181.6803
618.0993,196.6923,81.0329,178.9131
618.4283,200.2988,83.7072,175.3853
619.2682,202.7374,86.7831,173.1643
621.8401,203.7148,88.9139,171.3596
622.4861,200.0190,90.2868,171.3372
621.8219,192.7784,90.3208,175.2992
623.2543,190.1905,90.7375,179.1592
624.4045,186.2335,92.0315,182.8460
626.1871,187.2964,93.6593,181.7294
628.3542,186.4634,94.5666,182.0868
630.9561,186.5817,96.3405,182.8268
632.5347,186.9659,97.4341,182.8530
635.8717,185.2332,97.7308,183.0254
640.6357,182.2413,98.4791,184.0368
644.6513,180.0703,97.9979,184.8270
648.6328,177.6523,97.6854,185.4964
649.2282,174.6155,98.7763,185.7021
647.7643,171.8967,99.0751,186.5201
645.2659,167.1468,99.6505,187.4765
646.7281,162.1805,100.2875,188.7228
648.0953,158.1460,100.3284,189.6039
650.4139,155.6290,99.3576,189.9538
652.0674,155.4084,98.0378,188.9024
651.0770,151.7032,97.5277,187.9688
651.4696,149.4558,97.0923,186.0431
653.5247,146.7400,96.5259,186.2634
662.5468,144.4919,95.3819,187.8808
677.6991,138.9645,93.8081,188.4701
688.7687,133.4025,95.3781,188.5478
696.0258,133.6390,95.2377,185.2963
686.5353,138.9604,97.0900,185.9830
684.0125,148.6007,96.5552,185.9367
689.3412,155.2388,96.9745,184.4651
695.5739,160.4846,95.2696,183.1956
692.0748,161.1109,95.2643,185.2143
690.1372,170.2566,95.3742,181.8990
689.6958,169.3893,96.7595,180.8897
687.2559,168.5328,95.6888,182.9200
687.6998,171.7609,93.3145,184.9411
688.6318,173.2465,91.1913,186.1755
689.4181,169.7794,90.0747,186.9528
692.3298,165.1448,91.0634,188.2131
690.8864,161.0670,92.4811,188.8937
683.8333,160.7954,92.7336,187.0280
684.5681,158.4512,93.8283,187.2452
690.9772,155.2068,93.8366,187.2470
695.2148,151.2480,92.6867,188.4600
698.7040,146.9624,91.8653,189.8009
700.2950,141.2443,91.0132,190.3224
700.1662,136.5595,90.4692,190.9871
705.0843,135.3846,89.8618,193.2586
710.2714,138.2918,89.3772,190.2667
712.6425,139.8574,87.7440,188.2630
711.8117,139.8333,86.4556,187.2295
712.7746,138.6733,85.7257,186.2410
715.2805,138.2067,86.5154,184.7508
719.0145,136.3660,86.9141,184.8277
721.3159,134.0709,87.5435,185.5868
722.0632,133.9145,86.3909,186.8661
725.3296,135.1992,85.9897,186.7476
731.6185,131.9278,86.5505,185.8236
734.8708,127.9838,85.2235,187.9857
732.6032,128.0491,84.5700,190.5883
733.4944,130.8218,83.5201,190.7266
733.7393,135.8721,84.1506,192.8259
735.4255,141.2203,82.7457,191.7284
735.8522,139.8878,82.7396,189.8114
740.2305,132.7272,83.7450,189.6112
745.6760,128.7254,83.1463,189.6648
751.9677,133.5303,83.0182,189.0892
752.5537,141.4348,82.8908,190.5016
750.3147,149.1200,82.8694,189.0457
752.1816,156.0629,84.5704,183.1741
753.3508,163.6769,85.9553,178.0900
750.6548,174.0053,84.8755,173.8044
747.5406,184.1388,82.6840,170.6292
746.7780,192.6390,80.6259,165.6924
752.1478,197.3177,77.9076,160.9036
753.2395,198.9166,76.6313,157.1077
757.3486,197.5642,76.3073,155.6691
761.7299,196.9519,77.7708,153.2265
770.5684,197.7985,77.2054,152.3313
780.8412,198.1623,76.0856,152.7417
791.4629,199.7108,78.2899,147.4244
800.3663,200.0833,79.9387,143.2234
806.5212,204.8011,81.9133,144.9087
814.5039,204.6210,83.0590,147.9897
824.6229,194.9250,84.3125,151.6270
834.8453,187.9731,86.9240,154.8855
846.9388,186.4585,86.8531,156.5336
855.1266,181.2937,91.1930,159.3052
851.0167,180.5398,96.4610,162.5249
846.7640,179.0696,98.0236,165.5163
849.8131,180.0730,98.1978,166.6912
848.1341,178.9763,98.8680,170.1890
847.8782,174.1459,98.7013,170.5407
847.0168,166.7902,97.7712,173.5163
841.9141,162.3794,96.7828,177.7342
831.8759,162.2587,97.3775,180.6847
824.4208,159.3952,99.7494,181.8748
823.0034,159.0749,102.0353,183.2766
831.0377,165.4125,102.7012,182.1352
837.5591,176.4491,103.0832,180.2038
842.0438,189.3011,107.2318,178.7305
838.9041,193.4435,101.8058,188.3659
830.9340,204.2781,101.1325,187.3070
825.3604,212.6677,100.2012,185.3666
823.9396,219.5672,99.4829,182.6934
826.6595,230.0831,100.4828,179.6584
819.5046,241.9939,107.0257,169.4139
825.6450,233.4344,104.9185,169.2920
830.8404,218.8568,106.4357,171.5189
832.4385,227.1143,104.9796,170.5868
830.3289,231.4336,105.8962,170.4866
830.3671,229.5003,104.8493,172.1504
837.6149,226.9108,102.0446,173.4255
836.8602,228.5968,101.0522,171.7493
835.8702,228.5063,100.0423,171.2022
833.9694,222.4704,99.9765,172.5770
834.3321,222.0771,101.7889,171.4918
843.4510,218.8220,99.0475,168.7845
847.4617,210.1146,96.7191,166.8185
844.6133,209.1151,96.6336,166.9476
845.7280,198.3460,95.5400,174.0183
866.4183,192.8994,93.1578,178.0404
886.6146,181.6104,91.5860,186.8908
909.8325,177.4100,90.4954,191.8620
933.6716,176.4546,91.7539,193.8890
960.5372,175.2810,92.4647,193.0373
973.3731,172.5778,92.6376,191.0634
998.4909,168.9771,96.1675,190.0202
1031.5735,169.1872,94.9712,188.8090
2
0
0
0
0
1
698.1816,286.5890,268.4337,145.9855
703.2462,299.4294,265.6923,149.7899
688.2816,301.6002,265.9485,155.4216
698.9724,289.1933,239.4442,187.2452
704.0979,273.6136,214.8840,212.2769
697.4900,257.7028,199.3440,233.4170
690.8559,248.7669,190.0500,245.4457
686.2587,227.5607,189.0388,262.4933
685.8313,220.1809,191.6029,272.3431
691.3200,223.8317,194.2674,272.8658
696.4194,226.7731,202.5845,270.7062
674.7390,226.6822,212.1277,260.3665
660.8804,235.7036,226.3788,250.4818
648.8548,244.8965,234.6893,245.5427
638.0862,256.0656,243.3032,241.8778
634.5540,264.6152,249.4913,245.0377
645.8563,272.1732,258.0075,242.2725
669.4697,284.5426,255.0723,241.3752
691.0350,293.7172,250.8175,243.9383
712.0959,302.4711,248.6532,242.4522
733.5485,306.7632,242.5961,237.3314
748.7120,305.5281,239.0245,236.7969
773.5712,296.5129,234.5462,237.3625
800.5211,286.4120,228.1375,234.7829
2
0
0
0
0
1
638.5366,230.6630,104.0592,282.8997
638.8550,196.6691,100.8678,289.7942
635.7056,170.8468,97.7946,292.7545
629.0906,157.2689,97.4130,294.3462
620.4081,154.9071,96.7408,296.3347
609.7172,163.6701,98.5124,301.2386
603.9514,161.8315,98.5077,309.1964
597.8794,162.3398,100.1488,312.3108
592.2318,166.9710,100.8860,313.2182
588.5226,176.5895,101.5176,314.8103
581.5744,186.3591,104.4986,313.2614
572.7176,201.4731,108.5517,308.0189
561.7394,217.2814,119.5440,295.4423
555.8441,223.9679,127.7902,287.0172
557.7134,223.3987,127.2452,284.9518
551.9514,216.0438,125.3681,291.3416
554.0988,204.6717,119.4318,299.4583
560.7175,197.9871,115.8920,305.0782
