1
711.7843,231.0891,22.3237,23.8661
712.9796,231.6218,22.6908,23.7787
713.8557,231.1589,23.0928,23.4657
714.7267,231.2269,23.3024,23.5183
715.5599,231.1363,23.3187,23.8105
716.6285,230.3716,23.3578,23.8401
717.5621,230.8691,23.5322,23.9715
718.4795,230.4722,23.7737,23.7232
719.3386,230.5754,23.8489,23.9023
719.7232,230.3946,24.0941,23.7842
719.6291,230.3034,24.0626,23.7514
719.9287,230.0124,24.2250,23.6457
719.5415,230.1982,24.1377,23.9229
719.6486,229.6323,24.2347,23.8081
719.4006,229.6573,24.1498,24.1315
719.2997,229.6004,24.2735,24.0717
718.1136,229.6471,24.1325,24.2300
717.1354,228.8327,24.1694,24.1322
716.6557,228.6186,24.1397,24.3968
715.8874,228.7362,24.1259,24.5406
715.2191,228.6411,24.2297,24.4661
713.1587,229.2222,24.1402,24.5683
711.9128,229.1563,24.1335,24.5534
710.4177,229.1699,24.2206,24.5948
708.7711,229.2728,24.2981,24.6613
707.2949,229.5848,24.4781,24.8574
705.1526,229.7505,24.7205,24.8425
703.2956,229.2069,24.7325,24.9595
700.4774,229.3742,24.6632,25.3217
698.3372,228.8869,24.7520,25.2283
695.8616,229.0702,24.5551,25.4820
692.1810,229.3299,24.4234,25.5812
689.6825,229.1103,24.4601,25.6749
685.0876,229.2846,24.5931,25.7537
681.1438,229.4324,24.7744,25.8713
676.9417,228.9072,24.9004,25.8289
671.7221,229.1153,24.4051,26.4795
668.1931,228.9291,23.9927,26.6560
661.8469,228.1362,24.0595,26.5511
657.2733,227.9781,24.1951,26.7892
653.1879,225.7522,24.6162,26.7086
647.2147,227.2130,22.0928,28.5362
641.1385,227.8761,23.1668,27.7120
633.9309,226.5032,21.1622,29.9014
629.3835,224.6172,19.9540,29.8816
629.3518,224.1372,18.4353,32.4825
639.6031,224.4144,18.1713,33.0911
646.1760,224.9520,18.2179,33.2536
655.6158,224.5700,18.1389,33.2134
661.3074,223.5677,18.0737,33.1357
666.8698,225.3389,18.0288,33.3320
675.1276,226.5321,18.1031,33.1165
680.2762,226.0579,18.0132,33.0420
687.7353,227.1538,18.0957,33.2582
692.7793,227.6523,18.3094,33.2025
697.3747,228.4888,18.4247,33.2343
703.9242,229.3438,18.5812,33.1332
708.0121,229.7151,18.5166,33.2176
713.5956,230.2191,18.1580,33.6494
716.9125,230.8298,18.2741,33.5346
719.6468,231.7317,18.4493,33.5515
723.8807,231.8863,18.6578,33.4516
726.4684,232.6796,18.5810,33.7006
729.9872,232.9406,18.6710,33.7834
731.5965,233.1272,18.7897,33.8499
732.4796,232.9263,18.8829,33.8568
734.3676,233.0788,18.9047,33.7785
735.1506,233.3750,18.9806,33.5800
736.2896,233.2433,19.1265,33.3030
736.8064,233.5187,19.2038,33.2196
737.0282,233.4798,19.1893,33.2358
736.7296,233.0954,19.3878,33.1586
736.4000,232.8337,19.4911,33.2136
735.4546,232.5179,19.3937,33.4624
734.9348,232.2716,19.3597,33.4881
732.9092,232.2139,19.4293,33.5435
731.3176,231.6042,19.4648,33.5786
729.7387,231.3602,19.4569,33.6987
727.0744,231.5526,19.4943,33.8966
724.9932,231.8145,19.5088,33.9953
720.8333,231.9404,19.5479,34.0690
718.1242,232.0242,19.7846,33.9097
715.3648,232.4822,19.7343,33.8937
710.6712,232.4564,19.9256,33.7707
707.2382,232.3561,19.9483,33.8043
701.5131,233.0265,19.7781,34.0022
697.8192,233.1702,19.8090,33.8960
693.4578,233.2577,19.6990,34.0418
686.7177,233.5575,19.8302,34.0642
681.6461,232.0521,19.8545,34.0163
673.4875,233.1145,19.9039,34.0930
668.2740,234.3431,19.8023,33.6399
662.2817,235.2829,19.2375,33.1612
653.1679,234.3133,19.1077,33.3129
647.1796,232.8876,19.0343,33.3124
643.8404,234.2472,18.5130,33.8576
651.5411,234.3708,18.1957,34.3696
658.4907,234.8202,18.1752,34.4580
668.3649,234.8255,18.2485,34.5277
674.4179,234.6435,18.5496,34.5391
682.0698,235.3292,18.9465,34.5226
687.5426,235.0446,19.0458,34.8505
692.7446,234.9820,19.0837,34.9770
700.0429,235.7663,19.0175,35.3537
704.2847,236.3598,19.1443,35.2907
710.3609,236.5053,19.3672,35.0959
714.3035,237.0203,19.4460,34.9608
717.5080,237.9882,19.5043,34.9867
722.6285,237.4089,19.5180,35.0367
724.9800,237.4638,19.5777,35.1385
729.0217,238.1364,19.5792,35.2169
732.2682,238.0377,19.7038,35.2268
734.9438,238.2816,19.8407,35.1336
738.0480,238.7445,19.8330,35.2534
740.0495,238.8387,19.8967,35.3303
741.4052,239.6519,20.0706,35.2608
742.4436,239.4954,20.3651,35.0197
743.6443,239.2477,20.4944,34.8978
744.6855,239.9675,20.5849,34.6832
745.2869,239.7357,20.3787,35.0042
745.2082,240.6311,20.4786,34.8863
744.5598,240.7238,20.5902,34.8425
743.7230,240.9341,20.8500,34.5267
742.5126,241.3254,20.9100,34.2983
741.0212,241.5067,21.1210,34.1181
738.4323,241.3854,21.1588,33.9915
736.2314,240.8526,21.1271,33.8955
734.4099,241.0827,20.9362,33.9141
730.9887,240.0836,20.6642,34.0488
728.2748,240.0681,20.5688,33.9936
723.1218,239.2520,20.2974,33.8388
719.7552,239.5478,20.0998,33.6877
716.3088,239.1629,19.8979,33.4719
710.3226,238.3801,20.0513,33.2244
706.1334,238.6151,20.0863,32.9204
698.8858,237.6447,20.0900,32.7446
694.0475,237.2651,19.9442,32.8343
688.5405,236.7664,19.9920,32.7655
680.2682,236.7310,19.8115,33.1265
674.2103,237.0122,20.0601,32.7605
667.4089,234.5498,20.2746,32.8791
659.7856,235.5608,19.9878,33.4570
652.8993,235.4841,19.6291,33.5971
641.8417,233.4620,19.6611,33.7566
648.1552,234.0583,18.8167,34.7315
658.7538,234.2183,18.7543,34.7057
665.3757,234.4174,18.7394,34.7372
671.4939,234.3084,18.6571,34.8267
680.2269,234.7350,18.8592,34.6828
686.3687,235.2599,18.9070,34.8807
694.7715,235.9075,18.9093,35.1006
699.8953,236.6968,18.9457,35.1550
706.9374,237.9292,18.9785,35.1074
711.5291,238.7804,19.2087,34.8853
715.7905,239.1606,19.3011,34.7019
721.5680,240.3171,18.9461,35.1600
724.9904,241.2890,19.1394,35.0253
730.2912,241.1055,19.2008,34.6672
733.8511,242.1373,19.3185,34.5375
736.6965,242.1747,19.3542,34.4768
741.3255,243.0982,19.7364,34.0706
742.5395,243.8197,20.2147,33.5596
747.2621,244.1393,20.5226,33.4322
748.1352,244.7014,20.4765,33.6700
749.1116,244.7101,20.4335,33.8721
751.3831,244.8257,20.7531,33.9020
751.9730,245.3627,20.8891,34.0183
752.8704,245.0816,20.8503,34.7005
752.7822,245.5953,21.2799,34.5851
752.1450,246.1203,21.4257,34.7845
751.0448,246.1125,21.6867,34.7437
749.3288,246.8022,21.6839,34.6806
746.8237,246.2038,21.6595,34.5839
744.5764,245.5371,21.4298,34.3175
742.6035,244.7385,21.3608,34.1797
739.1246,244.9641,21.2275,34.4000
736.6566,244.4113,21.1577,34.2922
732.8409,244.3676,21.0514,34.2455
729.1364,244.2610,20.9237,34.1427
725.6704,244.3121,20.9764,34.0104
720.9092,243.8900,20.8535,34.1759
716.5980,242.8562,20.8354,34.2831
710.0602,242.3731,20.8257,33.9717
705.2264,242.2071,20.9032,33.6438
700.0246,241.6552,20.8414,33.5273
692.8550,241.4541,20.6168,34.0100
687.8763,240.5337,20.6163,34.3732
679.8521,238.3812,20.5633,34.0626
673.7265,238.2808,21.0573,34.0065
667.1089,239.2144,20.7972,34.3536
657.2891,237.8020,20.5583,34.7626
650.2349,237.0366,20.1687,35.0203
655.1351,236.5253,19.4212,35.5668
661.3689,236.2854,19.1740,35.7828
667.3574,236.3220,19.1989,35.8211
675.3224,237.0811,19.2339,35.8513
680.5302,237.0545,19.0416,35.8493
686.9863,237.8994,19.0359,35.5444
690.8518,238.6739,19.2226,35.2475
694.5443,240.0736,19.1318,35.0509
699.7937,240.5115,19.1948,35.0462
702.7829,241.3722,19.4804,34.8566
707.6621,242.4539,19.6055,34.7731
710.3746,242.3004,19.4167,34.7365
712.5657,243.0717,19.1802,34.7535
715.8819,243.0892,19.1842,34.4273
717.7303,243.4984,19.1400,34.2908
719.9143,243.8841,19.0957,33.9699
721.6672,243.6818,19.1368,33.4804
723.2773,244.1464,19.1426,33.2316
724.7213,244.1484,19.1787,32.9576
725.4120,243.7197,19.1752,32.8026
725.8488,243.7137,19.2766,32.6415
726.1722,243.8470,19.2079,32.2345
726.8144,244.2682,19.0053,31.8329
727.3765,243.8568,18.8267,31.0290
727.0378,244.2678,18.8003,30.9981
727.1492,245.1154,18.4703,31.1069
727.0505,243.8500,18.1811,31.0950
725.2977,243.7725,17.6525,31.3200
722.0630,244.6150,17.4971,31.1338
721.4834,244.1884,17.5184,30.7935
719.4066,243.6722,17.8496,30.4250
717.2811,243.7232,17.9134,30.1305
715.0045,243.1618,17.9416,29.8900
711.8182,242.5651,17.8169,29.9190
710.0176,242.1375,17.6832,29.9750
706.0392,241.9753,17.9160,29.7555
703.6690,241.6061,18.2038,29.4065
700.8183,242.8519,17.9356,29.0662
694.0982,240.6916,17.9143,29.5863
693.2517,240.2285,18.4088,29.8912
684.5867,240.9666,20.0920,28.5104
678.3699,241.1075,21.5473,27.4130
676.3115,242.1037,22.3127,26.8414
672.4919,241.4679,22.8404,26.1688
669.2178,241.4585,22.7236,26.3285
663.6181,240.4862,23.2401,25.7774
658.3337,241.0179,20.8769,27.4944
652.5953,239.9674,19.7752,28.0685
645.8574,240.3226,18.6930,28.9249
644.5931,234.5266,18.0817,30.0146
640.5806,237.0647,17.5797,30.9418
639.8025,241.2035,17.2039,31.9762
643.8738,238.8059,15.9725,33.3850
649.2060,238.3933,15.7848,34.0699
652.0281,238.4512,14.7559,35.3435
655.6236,239.0298,14.0745,36.0119
658.5878,235.7906,13.4667,36.3366
665.3354,233.9562,13.3372,35.6559
667.0418,233.8072,13.5587,34.8887
668.5289,232.6391,13.5585,34.5828
671.3286,232.9965,13.5422,34.5384
673.1540,234.2524,13.5108,34.4453
675.3273,234.4430,13.5551,34.2017
677.1188,234.9067,13.6484,34.1072
678.7097,235.3705,13.6131,34.1911
680.5781,235.1292,13.4889,33.8863
680.7150,236.8345,14.7995,32.1840
682.5833,236.8893,14.3187,32.3816
683.0578,236.1965,15.1039,31.4253
683.9304,237.3810,15.7401,30.6204
685.0497,237.8806,16.4223,30.2645
686.3227,237.2242,16.5281,30.6471
687.4269,235.5226,16.5456,30.6440
687.9291,236.2258,16.8391,30.5204
688.1701,236.1185,17.2630,30.3271
688.3989,235.9213,17.5399,30.1621
689.2087,235.6871,17.5701,29.9016
690.3768,236.1131,17.4685,29.7940
690.9433,235.3583,17.0007,30.4547
691.4313,235.3348,17.3280,30.4270
691.4543,234.9587,17.7759,29.6983
691.8914,234.1418,17.7098,29.5557
692.6821,236.1009,19.3377,27.7565
693.2667,234.2627,18.5326,28.8914
693.3221,235.2220,18.0374,29.3124
693.4760,234.5009,17.6870,29.1372
693.8500,235.3657,17.4409,29.0695
694.5162,236.0663,17.5053,28.7887
694.8222,236.3411,17.5524,28.3537
695.7860,235.9490,17.5583,28.3878
695.3893,236.0303,17.2950,28.3160
695.7084,235.0900,17.4047,28.8871
695.5878,235.4615,17.5267,28.7993
695.7463,234.4590,17.5867,29.0455
695.8667,233.7324,17.6364,29.5117
696.2642,234.7869,19.4968,27.8630
694.5721,235.6370,18.9829,28.3500
697.7061,235.7869,17.1639,30.1659
703.9465,227.6797,19.5385,27.7483
703.3107,227.8170,20.5726,26.6617
704.3051,222.4991,21.0572,26.1714
705.6414,220.8062,19.3935,27.7879
705.9022,220.9795,19.9635,27.2847
711.3078,225.0902,21.3756,26.3312
721.4752,218.4243,20.1845,27.3984
2
0
0
0
0
1
692.6837,228.9902,33.3479,37.6810
692.2819,229.2880,33.1011,37.8583
692.5135,229.5406,32.7728,37.4613
692.4249,229.9649,32.3822,37.5976
696.5679,229.2950,32.8198,37.4445
699.2893,229.8531,32.9739,37.3632
695.3890,230.1945,33.0821,38.0897
695.3733,229.8771,32.6573,38.6972
698.5082,229.0713,30.9654,40.0299
700.9988,218.5992,30.5679,39.5425
704.6201,212.3731,30.2403,39.2081
712.1456,201.1291,27.9729,41.3677
717.7197,189.9238,26.9178,41.9902
2
0
0
0
0
1
694.0362,224.0769,38.0609,35.7803
699.7891,215.3018,39.1475,35.0177
706.2201,203.7206,40.0513,35.1657
2
0
0
0
0
1
681.2903,234.8831,32.8829,34.3240
679.1125,234.3000,33.2249,35.2088
676.7868,234.0240,33.5516,36.0345
674.1840,233.4897,34.1324,36.8931
672.1506,233.6705,34.2296,37.5285
669.6766,233.8627,34.6912,37.9159
667.2806,233.6635,35.0998,38.4193
665.7291,232.8052,34.7360,39.5725
662.6647,232.9667,35.4720,39.6048
660.9730,233.5139,36.0275,39.6533
658.6379,233.8839,36.5864,39.3962
657.2561,233.5059,36.7509,39.6754
655.2260,233.3091,36.8316,39.8499
