1
276.2576,66.9535,21.2095,63.9042
276.4216,66.2120,21.1265,63.7412
276.8137,67.2912,21.2181,63.0195
276.5583,68.0525,21.4210,64.0206
275.0742,68.3401,21.2789,63.6951
274.7804,67.8006,21.2300,63.5608
275.2502,66.0442,21.2646,63.3183
274.8652,66.5727,21.7858,63.6904
275.0585,66.5125,22.7378,63.6731
275.9965,67.2536,22.8522,63.6486
275.9971,68.1158,23.0983,63.8976
276.1077,66.1779,22.9529,64.8211
275.7719,64.1780,22.5768,65.3279
277.0929,64.5767,22.2237,64.7367
276.8414,65.9229,22.1381,63.8825
276.4407,67.2935,22.5172,63.8607
274.9747,67.5283,22.3653,63.1588
274.7260,67.5574,22.1947,63.2345
274.5075,66.1489,22.1400,63.3998
274.5871,67.1366,22.0706,63.2491
275.2759,67.5455,22.3726,63.0687
276.9318,68.0662,22.6936,62.5642
277.0168,66.4097,22.8525,62.3835
276.6505,66.6277,22.8663,63.7874
276.9574,62.7560,22.3295,64.3435
277.4255,63.8011,21.7536,64.0081
277.5672,65.0537,21.4879,63.9161
276.4887,64.3479,21.9566,63.5589
276.2798,66.3716,21.9803,63.6515
275.8113,65.5962,22.1270,64.3671
275.5187,63.8069,22.1892,64.4355
274.4670,62.8453,23.1131,64.3497
274.6940,63.5308,23.1439,64.1423
276.3271,64.5747,22.8874,63.9951
276.8190,64.5719,22.6060,64.4013
276.9773,64.0642,22.1257,64.9041
277.4153,61.3953,21.7710,65.4529
277.6354,62.2433,21.5299,64.7115
276.8081,63.4921,21.5499,64.6925
277.1503,64.4569,21.8818,64.1825
275.9324,65.3448,21.7895,64.5232
275.6010,64.3485,21.8902,65.3666
275.4153,62.0423,22.0597,65.8910
274.8279,62.9090,22.6050,64.9794
274.5034,63.6816,23.0456,64.4175
275.5439,64.8233,23.2880,63.9943
275.6903,66.2440,23.1755,64.3476
276.2329,65.2263,22.8201,65.5380
276.4705,63.2870,22.4891,65.6592
276.8618,63.3410,21.9755,64.1541
276.6507,64.6394,22.5860,63.4952
276.2484,63.8331,22.8348,63.1298
274.7380,64.9322,23.2771,64.0281
274.2097,64.3572,23.0141,65.6517
273.3670,62.6609,23.4223,65.2423
273.1892,63.8674,24.5152,64.1301
273.4630,63.0682,24.6888,63.4210
274.1754,64.5461,25.0304,62.3726
273.9584,64.4578,25.0995,62.8052
274.2892,65.5370,24.2414,64.6213
274.6791,63.8531,23.1925,66.1013
275.0865,62.8179,22.6739,64.9231
275.3820,64.2636,22.7990,64.2299
274.8517,64.7188,23.1619,64.0538
273.4970,66.7046,23.7068,65.3814
272.5190,65.3872,23.8449,67.1367
271.8676,63.0717,24.8799,66.1012
270.6948,63.3167,25.7839,64.7469
271.5154,65.2070,25.7548,63.5073
272.9037,65.2660,25.7440,62.7206
273.0748,67.5726,24.6575,65.6396
272.8648,64.7745,23.7022,68.5650
272.9148,62.1350,23.0403,69.3434
272.3089,63.3890,22.8316,68.3866
271.9093,63.8802,23.5518,68.3312
271.3957,65.6798,24.4882,70.7353
269.2402,64.2598,24.7663,72.2855
268.3707,64.3440,25.0074,72.7772
268.5566,62.1431,25.3249,72.3138
268.0085,59.8799,26.2403,69.4397
268.0949,62.1846,26.9728,67.6285
267.8591,64.4541,27.3004,67.7164
268.0572,64.3214,26.3135,69.9858
267.5748,60.8988,25.4932,71.2028
268.1991,60.8536,25.0179,70.8237
267.1328,61.4360,24.9160,69.9899
266.5422,63.1363,25.2924,69.3199
266.0857,64.2929,26.1132,71.4961
264.8770,64.7788,27.0321,73.2235
264.2479,63.7842,27.4891,75.2573
263.7836,63.4921,27.9284,76.4702
263.7823,63.8112,28.9614,75.8440
264.0654,65.5602,30.1565,75.1519
265.5291,70.3336,30.4662,76.4469
264.6957,72.4758,30.6393,77.6617
264.0125,72.0022,30.4244,78.8556
263.8698,72.1823,30.4380,79.1240
264.6885,73.7404,30.6557,80.0379
265.2449,74.1630,30.9824,80.4774
265.2436,74.5163,31.8111,80.6013
263.0641,73.8605,32.9231,80.4674
261.5049,72.2429,32.9191,79.9742
261.1166,70.3767,33.2983,77.8896
261.8872,73.1676,33.5408,77.1678
261.3454,74.2083,33.4263,77.6245
260.6149,72.8060,33.0993,78.7938
259.5340,70.3751,32.2947,80.0250
259.5251,70.0057,31.9567,80.0907
259.9341,68.1656,31.2694,80.9513
260.5058,69.2759,31.4485,81.1998
259.3962,69.6372,31.7954,81.7433
258.5283,69.4297,32.0871,82.4021
259.3220,68.1842,31.8551,82.3540
259.7470,68.1288,31.3606,81.8718
260.8531,68.6455,31.2821,81.4232
262.2509,70.9698,31.2010,80.4765
261.8893,70.7545,31.8549,79.4241
262.9172,69.5475,31.7050,80.1828
263.6366,66.8807,31.3741,80.9061
264.9325,66.9452,31.2642,80.6975
266.3958,68.2540,31.7442,81.8024
267.6395,68.9553,32.2254,82.7124
267.9532,70.6997,32.8576,83.3965
268.9471,68.0496,32.9926,84.1912
269.9155,66.6748,33.0150,84.7065
271.6574,66.4265,32.7910,84.4106
271.9580,66.4750,32.4556,83.8566
272.5549,67.6254,32.3659,83.2168
272.7550,69.1827,32.9969,82.0592
273.1763,67.7925,32.7900,82.4162
273.3575,67.5707,32.8161,82.7682
273.9473,68.4592,32.9146,82.9478
274.9716,68.3897,33.1123,83.7133
275.0921,69.9032,33.5076,84.0037
274.7388,70.3751,34.3159,83.9090
273.8372,67.7968,34.5706,85.0192
273.7688,66.1541,34.6267,84.5736
273.4773,65.4758,34.4681,85.2040
274.5405,66.0256,34.9151,85.2903
275.7359,66.9527,35.2273,85.6491
275.8344,66.5417,35.7038,86.2502
275.5395,66.1812,35.6089,86.3407
275.1791,65.2132,35.6426,85.6791
275.5508,64.9934,36.0227,85.6921
276.4933,66.0868,36.2922,86.0248
277.8805,67.2113,37.3547,84.7843
276.7430,67.5240,38.1943,83.6673
277.5121,67.7335,38.1458,83.4663
277.9706,67.4548,37.8600,83.2404
279.2433,67.9227,37.4422,82.6177
280.3651,68.5831,37.3390,81.8694
281.2047,68.0562,37.4482,81.8223
281.0416,66.9410,37.0969,82.5711
281.2460,66.6197,37.2064,82.7640
281.5237,66.3220,37.1886,81.8786
283.8145,66.1636,36.6946,81.3138
283.7691,66.0910,36.7800,81.1674
284.2693,65.3404,36.9220,81.0930
284.5214,62.1252,36.3693,82.6297
285.1818,60.2295,35.9950,83.7343
284.4659,58.5661,35.8433,84.7699
284.6806,59.5522,36.4455,85.6289
284.1759,60.6226,36.9845,86.2736
285.8535,58.8861,36.4505,88.3913
285.5293,54.7296,35.4126,90.6928
286.0125,53.0909,34.5992,89.7504
287.4366,54.5276,33.9162,89.3780
288.4719,55.1342,33.0495,90.2203
288.9577,56.0362,33.2027,90.7185
286.4770,56.7165,34.3723,91.6496
287.3865,55.2316,34.3203,92.5274
287.2342,53.9919,34.5191,91.5988
288.0107,55.6696,34.5909,91.9134
286.8958,55.7339,35.0952,93.3016
287.1693,57.4639,35.4317,93.6888
286.8674,58.1922,36.0822,93.1502
286.4960,54.3247,36.2371,93.6032
286.7191,54.3470,36.0161,91.3303
288.3983,55.8586,35.5961,90.5621
290.6374,57.4349,35.0692,91.1266
291.8102,57.7649,34.6713,91.8974
291.0438,57.6134,34.4302,93.0546
291.1572,56.0682,34.0016,93.4454
291.4403,53.3051,33.5662,92.3822
291.1745,54.0726,33.2557,92.1198
291.9447,54.0026,32.7757,92.9081
292.5773,56.7109,32.2653,93.1955
292.2299,56.9395,32.5751,94.1145
294.0113,55.0783,31.8336,95.7182
292.5546,53.9707,31.9226,94.7924
293.4760,53.7115,31.4477,92.0521
294.3792,56.7491,30.8287,90.4369
294.5858,59.2763,31.0105,91.8796
294.6122,57.8582,31.4952,93.4118
295.2643,55.4127,31.2516,94.5263
294.9304,53.1046,31.4284,94.1525
294.6418,53.9573,31.2655,94.1794
294.7664,52.7330,30.8448,93.4719
295.2558,56.6687,30.8016,92.9647
294.9752,58.2249,30.9667,94.0887
295.7740,57.2557,31.1373,96.6194
294.3025,53.6682,31.1679,96.3925
293.7138,55.1424,31.5620,93.9962
294.2376,54.2574,31.1900,91.7057
294.5447,58.2596,31.0827,91.6016
295.3134,59.4438,31.4942,93.1832
295.3985,56.7826,31.1231,95.8660
294.7923,53.4040,30.6946,94.7663
294.7175,54.7353,30.7820,94.9184
294.7257,54.1458,31.1814,95.5351
294.2933,57.1090,31.8638,97.0410
294.2157,58.8133,32.1814,97.2538
295.2521,57.5660,32.3036,99.1222
296.4039,55.5658,32.1073,98.8567
295.7648,55.8933,31.6862,97.4259
295.0614,55.8322,31.6934,94.6534
295.9771,57.4696,31.9425,93.9244
296.1839,60.8652,32.1163,93.7237
297.5290,58.6645,31.7131,95.6705
296.8182,55.3667,31.3493,96.8964
296.4595,54.3042,31.5932,96.3942
297.3623,54.3446,31.8008,96.4646
297.3830,55.9157,31.8710,96.3343
296.1187,58.3539,32.2299,96.2869
296.2567,57.7056,32.3144,98.4303
296.1327,54.1735,32.5575,98.4231
297.2783,52.5655,31.8995,94.9226
299.0625,53.9039,30.8990,92.3438
300.4290,56.8071,29.8529,90.3306
299.4847,60.7881,30.4778,91.2089
299.3670,60.8361,30.4271,94.7241
299.9920,57.8380,30.4192,97.1361
300.2410,55.4715,30.3035,97.9040
300.2770,57.7214,30.8541,99.8247
301.0475,57.4587,30.5302,101.3973
301.3771,60.2037,30.9693,102.9721
301.7780,57.9397,31.0409,104.5261
302.0722,53.9168,30.5603,104.0652
301.3374,52.7809,30.7471,100.0182
301.8450,53.2038,29.8287,96.1705
302.4582,55.3766,29.5476,92.7715
302.2737,59.2982,29.4067,93.0795
302.5461,59.8380,29.9812,95.4857
302.9801,59.0381,30.4453,98.5782
302.6717,56.8425,31.8206,100.1730
302.8010,59.0237,32.7374,101.8783
303.3610,60.2528,33.3550,103.8443
302.7878,61.1573,34.8211,105.9743
302.4462,59.8743,35.9691,106.3153
301.9964,56.3047,35.6139,108.1409
302.7911,53.7805,35.5646,105.0886
302.2946,54.6434,35.9712,101.7416
301.9969,54.9729,36.3208,99.0515
301.9629,58.0161,36.1655,99.2405
301.9080,57.6179,36.2940,100.0412
301.3542,58.3269,37.3875,100.1088
300.6292,59.6369,38.2151,100.7706
301.1243,62.1924,38.3234,105.5536
301.2893,64.1213,38.6785,110.0340
300.7792,65.4615,39.6070,113.2496
300.2831,60.9969,41.4405,115.4949
299.2136,57.5378,41.8476,113.4217
299.8694,54.9142,41.5585,108.6317
299.9323,54.2265,41.5929,104.5060
299.9445,56.7378,41.5507,101.4931
300.1186,58.2491,40.5329,102.0805
299.9850,61.3032,40.0750,102.8513
299.6056,59.9258,39.6865,105.0314
300.2971,61.1009,38.9747,109.1641
300.1027,59.5665,39.4665,111.1882
300.5272,60.0391,39.9384,113.1007
301.6467,60.8282,39.7556,115.0849
302.3991,57.4442,40.1267,116.8680
293.8794,58.7843,40.4995,116.1797
294.9030,53.0914,40.8975,112.7324
295.4561,57.8135,42.7502,107.5696
295.7632,53.9211,42.3000,105.3022
295.9900,61.8086,43.0658,102.6471
297.6776,63.9777,41.1049,106.9898
298.7088,60.8671,40.7379,109.5943
298.8447,62.1450,41.0937,113.8711
299.0106,61.9264,41.6075,115.7903
299.9053,64.9806,42.1657,119.5120
300.1446,66.0127,42.5417,123.7471
300.7726,65.2547,43.1908,126.3726
300.5215,65.5993,42.2430,130.6538
301.1504,47.1714,41.7965,126.7845
299.6457,51.2263,41.8062,123.1935
295.3609,53.2045,45.1759,116.4802
294.2778,59.2250,45.4549,116.2599
295.2623,62.3420,44.6466,118.8088
295.4526,63.2503,44.6149,123.0492
295.3461,62.3500,44.6215,127.1792
294.5932,63.6826,45.5877,128.9432
298.4154,63.7798,43.6784,133.7565
299.1465,63.7544,44.5795,136.1826
296.8648,62.2056,44.6718,138.5370
295.2057,59.3963,44.4613,140.0423
296.7626,54.6061,44.6405,139.1685
297.4404,58.0239,44.0601,137.8384
296.6881,61.5001,43.6808,135.6208
294.2238,59.8079,44.2067,135.4562
291.2533,56.3430,44.9699,135.0071
288.5053,57.5621,44.8577,134.3839
286.6560,58.6254,45.7310,135.9736
284.9623,58.3288,45.6317,137.3158
282.6704,59.3661,46.2567,136.8719
282.6732,58.6272,46.4973,138.6669
281.0015,58.0223,47.3066,139.3663
278.6342,55.5792,48.2039,138.4655
279.2003,58.2893,48.3200,140.5074
278.4510,58.6635,47.9255,141.5274
277.7309,61.8433,48.4731,140.8629
276.4590,62.6700,49.0033,140.9701
274.1402,59.3886,50.4748,139.0493
271.2854,58.3910,51.8965,134.7101
268.8165,59.5842,52.2499,134.7895
268.8354,62.7238,52.3349,135.2520
267.9091,65.1900,53.2585,136.0429
267.7480,67.1071,53.5268,137.2493
269.2467,62.9550,54.0673,138.7193
268.1629,58.7897,54.1162,137.3803
266.6180,60.4607,54.1119,138.0121
266.2980,62.8657,54.2822,138.5499
265.9251,64.4133,54.7705,138.7194
265.5979,63.7195,55.2757,138.3663
265.3124,60.4548,55.0535,138.4086
263.7290,56.3531,54.7243,136.3986
265.1666,55.6204,54.0520,134.5241
264.5045,57.1900,54.0444,134.2173
264.7994,58.9834,53.9379,134.1064
267.3295,61.1421,53.1716,133.6207
269.1158,66.1762,53.8407,135.7323
267.0205,62.8242,52.8688,138.1458
264.5602,60.0819,52.2648,136.9910
263.4201,62.5315,52.1212,137.9822
262.4785,67.3951,52.2278,139.0958
260.1963,66.6842,52.9948,140.6101
258.3047,63.6906,53.3529,141.7598
257.4638,59.1230,54.4041,141.2773
255.5109,56.5299,55.8844,141.5865
255.3510,57.0262,57.3578,142.3109
255.8584,56.4881,57.7747,143.2999
258.7656,59.1723,57.7307,145.8565
257.4297,60.5607,59.1862,148.2241
254.7489,56.0331,59.5422,149.8648
252.0179,53.3142,59.8079,147.8340
254.6448,54.6527,57.4568,147.9232
253.9007,58.2780,56.2114,150.2553
253.1384,61.3235,56.1603,150.8088
253.3856,59.8994,56.5365,151.5032
253.4455,58.7810,56.7983,151.9547
252.8031,55.3145,57.8572,150.0700
251.4907,55.3897,59.2657,150.1672
250.0878,58.4324,60.1959,152.9635
251.6192,59.7925,60.3737,154.2052
252.5952,59.6186,60.8560,154.9046
254.0243,56.0071,60.4012,156.7229
254.4029,51.8552,60.1265,155.7385
256.6920,51.2101,59.2529,154.3748
257.8839,55.2425,57.8981,155.3326
257.5886,58.8917,57.9129,156.4238
256.6732,59.8127,58.5419,157.6963
257.5931,58.5884,58.7927,158.7152
258.4679,54.2093,59.0125,159.1519
258.4964,53.3536,59.7963,159.0568
257.1991,55.1654,60.8119,159.7995
258.0727,56.3443,61.5681,160.9254
259.1661,60.6266,61.8568,162.1653
261.1712,57.8867,61.9672,163.8264
263.1478,54.8886,62.3850,163.9566
263.8918,51.3732,62.4597,162.9098
265.6190,53.7601,62.1809,162.1793
266.0992,57.7704,61.5000,163.6075
267.4940,58.6943,61.6394,163.6178
268.2614,58.1672,61.1208,165.4698
267.5685,55.3546,61.0419,165.9658
268.2320,53.3069,62.1958,163.3087
267.9968,53.7919,62.5378,163.5973
269.9555,56.5085,62.0860,163.1512
272.2523,58.2025,61.3551,161.8747
273.0117,60.7870,62.3141,162.2502
275.4526,57.8370,61.5347,165.6119
276.1561,54.4974,61.7086,166.3739
277.0839,53.5166,61.6701,166.7289
279.6657,55.2109,61.1949,167.0333
278.8536,58.3659,61.4984,165.4579
278.8810,59.2315,62.6584,167.1546
278.9501,59.5572,62.9776,169.4999
279.4961,55.0708,62.9512,169.7564
279.7197,52.9282,63.9087,168.8721
279.7772,52.3249,64.1714,167.9932
280.6369,51.4951,64.2395,166.0816
282.6317,54.6036,64.2680,165.9524
283.1804,55.3587,64.4580,167.6683
285.1935,54.4098,65.3717,172.3415
285.9991,49.0207,66.1824,173.0636
286.0542,48.5880,66.5811,175.0786
289.9439,49.0367,65.4430,173.5363
290.6089,51.2370,65.5772,172.5838
290.1437,53.5857,66.7198,171.6257
289.1326,54.0888,67.3195,172.6644
289.6817,52.8959,67.5924,173.8420
288.5889,48.1122,68.8483,172.2482
287.8702,47.4910,69.2204,172.3813
287.3442,48.4983,69.4328,170.6908
288.4221,50.7796,69.7914,171.6353
289.1890,51.5113,69.1239,174.5058
286.0437,50.9832,69.8795,177.7273
284.6277,46.4963,69.4294,179.0918
285.4256,43.9646,68.9269,179.6078
286.7769,44.3460,67.1829,176.2965
288.4359,50.1445,67.5824,173.9310
286.0378,53.6335,67.5857,175.5425
283.8093,50.5551,68.3521,176.8211
282.4196,49.5122,69.9633,179.1102
280.2614,44.5934,70.5803,180.1327
279.4506,42.0870,71.9316,177.5240
280.5036,47.8115,73.5963,174.8443
283.0931,49.4217,74.5826,176.0786
284.5029,50.9758,72.9776,180.6276
284.1229,45.9749,73.1843,183.9542
283.6403,42.8331,73.2614,185.7873
286.3329,40.8465,71.5904,183.7915
286.5761,44.4255,70.9540,180.7054
286.8188,48.4122,71.7076,180.9574
285.8247,47.9636,72.5110,181.9820
284.4477,45.8532,73.5704,184.5831
285.0312,41.6766,74.3085,186.8497
281.8322,38.0142,74.4497,187.5670
281.4879,38.4510,75.8447,184.2800
283.6355,42.7517,77.9312,181.7846
283.9099,45.2150,79.2964,181.4327
283.5573,45.5319,80.0180,184.7052
285.0442,41.8699,79.2996,188.1249
285.6424,40.2108,78.7051,188.9816
287.2818,40.8165,77.9119,187.2220
287.7145,45.6203,77.8425,184.3038
289.1449,49.4253,79.0584,183.3665
287.2375,48.6071,80.2964,184.9352
285.7837,43.2378,80.6840,188.4657
285.3624,42.5833,81.8247,191.3089
285.5253,38.6217,81.3441,189.6084
285.2967,40.3851,82.1879,187.8485
285.8403,43.6873,83.5066,186.3134
286.3019,45.4909,83.2187,185.2274
286.9119,43.9463,82.9122,188.6438
288.6085,39.6381,81.9663,190.9831
291.1472,37.5209,80.9407,194.7686
295.6741,34.1171,79.5990,195.5011
298.9112,38.6590,77.8001,194.2633
301.0299,44.5113,78.9622,191.9194
300.6081,45.4801,80.2244,192.3007
300.0448,41.2962,80.6324,194.5437
301.2880,38.3439,81.3629,195.2112
302.4502,35.7267,81.3054,197.2768
303.4996,37.0074,81.5380,197.8296
302.5850,40.0961,82.8415,197.5410
303.7825,42.5041,84.6897,195.2469
306.7661,43.1430,85.9140,194.6574
307.0696,41.3244,86.0074,195.9194
307.0461,37.1245,86.8160,198.7904
310.1061,37.7702,86.3144,199.6627
311.7954,40.0694,87.0490,198.6759
311.4931,45.8112,89.1165,196.5296
310.0048,46.5336,90.3738,194.5549
307.4215,44.6782,90.1757,194.6387
307.5729,38.5647,90.5196,195.9391
306.8204,38.2758,90.4223,196.6372
307.4108,37.8353,90.1878,197.7830
307.7489,39.4070,91.8962,197.6243
307.2213,43.2531,94.1504,196.5869
294.2586,40.6008,94.5775,196.6143
296.0308,36.6348,93.1744,199.0885
295.4088,33.5447,92.6566,201.7284
293.3856,35.8931,92.0529,201.3880
291.4456,39.4383,92.4382,199.0805
289.6363,43.6616,94.2597,195.3483
288.7291,44.6643,94.8934,193.8493
285.2057,44.6794,96.2707,192.9756
285.2082,43.2989,97.9264,193.1892
285.8498,40.1242,97.2574,194.3748
288.1857,41.5134,97.8195,192.5630
288.0907,49.1211,99.2227,188.3888
289.2054,49.7162,98.6680,187.7430
289.8164,47.1837,99.2970,189.6453
290.2710,43.1887,98.2328,192.7286
291.9502,38.7259,96.7984,194.9383
292.2036,37.7602,96.8438,197.7260
291.5565,37.4587,97.2760,198.8246
289.0290,40.8417,98.8991,196.5452
288.1852,40.5523,100.1605,194.1768
275.6562,36.9486,101.0253,193.8294
279.1014,34.1883,101.1974,195.6161
283.9610,33.3102,99.6915,197.7096
288.0943,34.3417,101.2973,196.0050
289.3540,36.8138,102.0363,195.4605
269.8678,37.4254,100.4669,194.0604
268.1144,38.0939,96.4055,194.2003
286.9254,38.8215,96.0347,193.8625
269.7338,32.2776,91.6562,195.6566
268.4266,28.7815,89.7942,196.9910
267.6795,24.4741,89.1001,197.9967
268.9018,35.4308,86.7598,198.8863
286.2627,39.2174,87.7791,197.8934
268.3705,37.3176,90.4167,196.2558
268.6284,38.6248,94.6371,194.7765
272.2172,38.2157,96.7771,194.4884
259.1272,35.2826,94.7087,195.7556
262.7055,37.7500,95.2397,194.8114
263.4829,39.0909,97.0835,193.5483
249.5105,34.9636,95.7163,193.4090
251.6799,28.7233,93.1708,194.1552
250.9035,25.9218,92.1824,195.2878
248.4933,29.2993,92.3855,195.0412
247.3611,31.7121,92.4078,195.2912
264.1761,32.9214,92.2957,195.5935
231.3284,42.3237,92.9272,193.5331
248.1537,54.5428,105.1032,183.7322
230.8525,59.2333,111.5598,177.7256
218.2377,55.8814,108.7999,178.7882
208.7595,55.0964,106.8564,178.2849
209.9727,64.2295,111.2898,172.4663
207.1068,77.3503,113.2780,165.6923
208.2329,80.0261,115.6975,158.9216
211.5793,81.7366,118.2510,155.6446
233.8338,92.0758,125.5547,148.7286
239.3391,93.3784,127.1351,145.3863
251.7465,93.2979,130.2298,143.2272
259.3278,94.6390,129.8595,142.3045
269.6989,96.6621,124.3780,141.2972
271.8719,89.7835,113.1699,146.2624
270.2877,93.7184,107.2307,146.5613
267.2931,99.2129,106.4201,142.9864
270.1768,103.1141,103.8370,139.2841
265.4863,100.0147,98.6807,139.8130
261.9620,100.7787,92.2910,140.1455
267.0052,106.9569,93.3225,134.8024
272.0670,111.6924,97.3993,128.4522
265.4570,115.4681,101.4781,124.5909
259.3411,114.4604,100.5494,123.6720
262.3723,114.7462,96.9916,124.2690
265.6134,113.7575,92.2786,123.8441
271.4085,112.6330,87.4059,124.0125
278.0582,110.9372,82.7391,126.1019
282.6860,111.2771,81.4795,126.8962
293.6264,115.3885,85.1198,125.0999
296.3691,114.8408,84.2115,126.2244
301.1701,112.3137,79.0755,127.7281
303.5690,110.3786,72.2003,127.2881
308.1599,112.4234,65.6357,125.2433
313.1744,113.7081,63.5602,122.6236
318.1480,118.5483,63.9658,121.6833
318.5824,119.6254,66.2010,122.2155
318.5845,118.4237,64.9916,122.6064
316.3738,116.6836,60.4800,121.5616
319.2933,117.4235,56.2126,121.2828
319.6323,118.2266,55.9652,120.3886
315.7680,125.3782,61.3910,115.8381
312.6038,126.5915,67.2473,113.0907
310.2444,129.3698,70.6390,110.0517
306.9975,130.1908,70.7912,107.1086
307.0410,132.1200,71.6775,103.5837
305.2171,132.8472,66.3508,104.4490
290.0124,133.1454,62.7124,104.1682
289.0090,133.3866,62.1587,103.6228
288.1952,132.7101,61.9100,103.5497
279.6460,131.6963,59.6989,104.0662
280.2536,130.9296,56.9768,102.9636
281.8225,131.7345,51.9584,102.6561
284.2533,135.4012,49.1744,103.3786
280.1183,134.6442,49.7507,103.8910
278.3776,140.0139,52.4142,100.7817
277.2511,137.0003,55.6610,98.7246
277.4877,138.8803,55.5141,96.5233
276.8854,142.8350,56.4555,93.1577
278.3207,140.5369,49.8437,95.1246
279.7662,140.1793,44.2337,95.8893
281.8458,143.2506,41.4292,94.4332
284.2852,144.3314,42.3965,92.2786
285.4164,144.8269,43.8126,91.6009
286.4024,145.4424,43.3694,90.3940
288.1506,146.3189,41.1651,87.8343
290.4500,150.6416,38.4257,86.1593
293.0576,154.5841,36.9139,84.7949
295.9854,156.7596,36.4276,83.6687
298.3389,155.9561,36.7540,82.0077
301.0813,156.0776,37.5302,80.2028
302.7306,157.2266,37.4605,78.2112
303.5752,159.0662,36.3600,76.4719
303.7374,160.6773,33.8662,75.4112
304.4546,162.3717,31.6924,74.4075
306.1934,161.7174,30.3102,73.5126
306.0311,163.3524,30.6064,72.9955
305.5534,165.2100,31.3227,71.7184
304.7228,165.5090,31.1574,70.0549
303.4098,165.3051,30.5937,68.7744
302.6455,166.7565,28.5705,69.0122
301.2711,167.2308,27.5936,67.9845
298.8400,167.2836,27.0420,66.6983
297.5323,168.6183,26.6405,65.6776
296.2213,169.1109,25.7494,64.5144
294.8531,168.9042,24.7213,63.5711
293.4582,169.0592,24.1111,62.2380
292.3324,172.7907,23.6573,60.3979
292.6837,172.5489,23.6372,58.9227
292.2852,171.5972,24.0964,57.3044
292.7095,170.0346,23.8558,57.0465
293.1299,168.9282,23.7609,56.4866
293.9526,167.2895,23.6696,55.4701
295.6988,167.4726,23.7022,54.5063
296.5510,167.7179,23.6691,53.9272
297.4133,167.7586,23.6262,52.9795
297.1063,167.7802,23.0315,52.0825
296.9280,169.7683,22.2993,50.7357
296.7859,170.8141,21.7298,49.5392
296.3479,170.5980,21.6775,48.0565
296.1245,170.0377,21.6575,46.5053
295.7838,169.2628,21.2423,45.5928
296.2108,169.6261,20.9022,44.8862
296.1211,168.6277,21.0551,43.8750
296.4844,167.4828,21.4244,42.8451
296.3548,165.4144,21.7863,41.1927
296.4629,165.8667,21.9076,40.5060
295.6911,165.2829,21.6964,39.7181
295.1449,165.0252,21.3927,39.2117
294.7144,164.7908,20.9532,38.4646
293.7988,162.8783,20.3448,38.1970
293.4833,162.3336,19.8114,37.6564
292.6328,162.3529,19.4393,36.9925
291.7206,163.7004,19.2721,36.2561
290.2863,164.2832,18.8514,36.0890
289.0634,164.5610,18.4651,35.7328
288.3982,162.5911,17.8909,36.8113
287.3766,163.9037,17.5342,37.0799
285.5136,163.7638,17.0756,37.6170
283.3450,162.9433,16.6780,37.8746
281.0270,162.2527,16.5946,37.6037
278.9336,162.3195,16.5012,37.3701
276.9019,161.3635,16.4682,37.0966
275.0784,162.2048,16.2921,37.3450
273.3626,162.4368,16.0127,37.0734
271.7530,163.0269,15.5110,36.6250
269.0063,163.5488,15.0929,35.3734
268.2974,163.3859,14.8463,34.6065
267.2393,164.2100,14.8935,35.2193
265.5426,164.0954,15.5918,35.7282
264.1334,163.9095,15.9467,36.0111
260.2021,163.8886,15.8009,36.0239
258.1040,164.4884,15.4643,36.1215
256.7081,164.7550,15.2141,36.1377
255.6437,165.2183,15.3784,36.0880
253.7885,164.4944,15.9642,35.8965
251.3025,164.1192,16.3070,35.9676
249.5751,163.9031,16.5176,36.0856
246.1184,164.1660,16.4089,35.7092
245.1179,164.0401,15.5467,34.7513
243.6985,164.1903,14.6636,33.6792
242.0667,163.8556,14.0828,32.7841
240.8291,165.3781,13.7658,32.7027
239.3386,166.0366,14.2228,33.1873
236.7062,166.0185,14.3966,33.7469
235.3069,165.6277,15.1559,34.0833
231.8106,164.9180,14.8084,34.1616
228.0418,165.2000,14.0202,34.1556
226.8059,165.6794,13.6967,34.0398
225.4143,165.6179,14.2087,33.4405
223.5438,165.2236,14.5359,33.8943
221.5253,164.8413,14.6909,34.3575
217.6847,164.1958,15.1104,34.1881
216.0016,165.3373,14.9936,33.7155
212.5231,167.0748,14.4282,33.4216
210.7994,168.5364,13.7756,32.6683
208.6655,168.7280,13.3717,31.6196
207.2481,168.9319,13.3293,30.7364
205.1599,169.1983,13.5218,29.8658
203.4472,168.9758,13.6777,28.9558
201.3023,170.1386,14.1265,28.2236
199.4437,169.7744,14.1961,27.7057
195.5813,169.7875,13.6296,27.5420
194.4739,169.2263,13.3774,27.6227
192.7153,169.2462,13.4826,27.9863
190.8841,168.6552,13.9100,28.3301
189.4196,168.9880,14.3118,28.6263
187.4663,168.9951,14.6752,28.8668
186.2692,168.7091,14.7213,29.1031
184.4274,169.5851,14.8135,29.1348
182.3382,169.1354,14.6708,29.2786
180.0994,168.6348,14.3132,29.6636
178.9433,169.2211,13.9905,29.7657
177.9861,168.6348,13.5848,29.4645
176.4513,169.7153,13.4546,29.1113
174.6091,168.9240,14.0523,28.7322
173.5867,170.1314,14.4646,28.2866
172.8439,170.6385,14.8478,28.0009
171.2650,170.2507,15.2321,27.6195
169.6855,171.0415,14.9514,27.3083
167.7778,170.4182,14.8163,27.2320
167.5459,169.3287,14.6971,27.1019
168.5353,168.4945,13.5945,28.7933
168.8824,168.9645,12.6802,29.7249
168.9043,168.4690,12.2741,30.1560
168.1735,168.4608,12.1884,30.1881
167.5641,169.0943,12.2476,29.7415
166.7341,169.6562,12.4401,29.6511
165.7760,170.1190,12.6704,29.4345
165.1971,169.8393,12.9338,29.1781
164.8043,169.7719,13.3016,29.3433
164.1915,169.6651,13.8886,29.2580
163.6895,169.5584,13.8978,29.3373
163.2422,169.8014,14.1610,29.2572
162.7831,169.2570,14.5521,29.1274
162.3852,169.4715,14.6292,29.4938
162.4921,168.6581,14.4149,30.0980
163.2222,168.2943,14.1927,30.5577
163.8459,167.7463,13.7648,31.1403
164.7629,167.3600,13.2761,31.3876
165.3014,167.4168,12.9872,31.4492
165.7540,168.2714,12.9870,31.5067
166.5108,168.0057,13.0059,31.6682
166.8954,168.7243,12.8890,31.6305
167.5094,167.7947,12.9350,31.6412
167.7659,168.3330,12.8379,31.7080
167.7088,168.1023,12.8555,31.6064
167.8422,167.6906,12.7084,31.7405
167.7064,167.3830,12.7245,31.6300
167.7369,167.5840,12.7358,31.9386
167.4541,167.3622,12.6642,32.0414
167.4574,167.1823,12.7626,32.0028
167.5354,166.6548,12.6916,32.2105
167.5874,167.0074,12.5562,32.3679
167.5067,166.4138,12.5119,32.6246
167.5869,167.0748,12.5579,32.6329
167.5744,166.8876,12.6175,32.7294
167.4600,167.2961,12.6391,32.6444
167.3284,167.4532,12.8428,32.1400
167.3837,168.1600,12.9137,31.7688
167.4252,167.5479,12.8033,31.6080
167.5913,168.2079,12.7791,31.5259
167.7919,167.8285,12.8241,31.1863
167.4740,167.9648,12.9398,31.3135
167.0205,167.9135,13.1915,31.0822
166.2560,169.0192,13.5858,30.7460
166.0662,169.7630,13.6923,30.4322
165.9727,170.2640,13.9123,29.7200
165.9651,169.6999,14.0778,29.4245
165.1179,170.6690,14.0191,29.1273
165.5041,171.3468,14.0066,28.8747
166.5115,171.5008,13.8184,28.5461
167.6294,172.1637,13.6883,28.1439
169.0589,171.9785,13.7819,27.8441
170.2546,172.1164,13.6163,27.6770
171.1144,172.0379,13.5128,27.6102
172.3420,171.3242,14.2434,27.2861
173.3693,171.3190,14.1207,27.5693
174.5105,170.8350,14.4320,27.5007
177.6753,171.3676,14.6169,27.1168
178.7191,172.0299,14.5278,26.6890
179.9516,171.0583,14.1971,27.1147
181.4965,171.6419,14.1339,27.2726
183.3517,171.4924,13.7647,27.3546
184.9668,171.4905,13.8305,27.4177
186.6007,170.4815,13.8098,27.5861
190.2736,170.9453,13.1785,28.1716
191.9200,170.2867,12.7579,28.3686
193.6121,171.2965,13.0329,28.3216
194.7193,170.5938,13.3171,28.2951
197.0388,170.5186,13.6059,28.3975
200.0574,169.3106,13.8504,28.2194
201.4013,170.6057,14.3126,27.8737
204.9891,170.4852,14.3105,27.8425
205.4183,170.2402,14.2858,28.0603
207.1602,169.7446,14.0586,29.2191
208.7288,168.5797,13.8601,29.1776
210.1767,169.1555,14.1457,29.1764
211.6534,168.9612,13.6734,29.2027
215.9611,168.4058,12.9428,29.7682
219.7987,167.6860,12.4925,30.7927
223.5823,166.7517,11.9588,31.8320
227.1474,166.7689,11.6799,32.4046
230.1656,165.6678,11.7324,32.6113
231.3975,165.8313,11.7126,32.5191
232.4933,165.6346,12.1114,32.4671
235.9921,166.7188,12.2302,32.3893
239.3056,166.9366,12.3521,32.1427
240.4846,167.1059,12.2902,32.6594
241.9859,166.7896,12.2900,32.2053
245.4200,167.5496,12.2102,31.6055
246.7979,167.5040,12.2269,30.9660
250.6409,168.0264,12.1074,31.1448
254.3569,167.5697,11.9333,31.5640
257.5981,167.6157,12.3628,32.2177
258.4372,166.8130,12.7865,32.8629
259.1233,165.5051,13.4249,33.4787
263.0242,165.3499,13.8933,34.0330
267.4048,164.2409,13.5784,33.6862
269.6480,164.3890,13.7704,32.9207
271.3485,164.0686,13.7549,32.4059
275.2220,164.5410,14.1241,32.5652
276.3896,165.2027,14.4377,33.0117
280.5476,165.2499,14.6598,33.3946
284.7819,165.4022,14.5322,33.3368
288.6106,165.6434,13.9798,33.6443
292.6972,164.8454,13.4965,34.8654
297.3614,163.5113,12.8324,36.7369
298.4896,162.7362,13.1828,37.0904
302.6125,162.0683,13.2392,37.5749
309.1323,162.1504,12.7574,38.9946
309.5803,163.5215,12.8923,38.5244
313.2169,165.5357,12.6073,38.1556
319.2684,165.5331,13.1741,37.4853
322.8261,165.2243,13.5205,37.2605
323.2650,165.3455,14.3686,36.2689
327.2474,166.3835,15.0072,35.2754
330.8994,166.2139,15.2795,35.2928
334.1905,165.7937,15.5390,35.1247
335.7665,166.0164,15.6106,34.8046
339.0633,167.4768,15.1477,34.2478
341.7508,166.9545,14.9504,34.0640
345.0941,168.7157,17.1284,32.7580
345.5199,168.8405,17.5171,32.2941
348.2390,168.5938,17.5743,32.1854
351.1234,168.2286,17.1895,32.5452
353.4189,167.7241,16.9728,32.8519
356.0049,167.6492,17.2890,32.9995
357.7819,167.8405,19.1824,31.5763
357.5704,168.4715,20.3032,30.9137
358.9367,169.2101,20.4336,30.8999
359.7653,169.3705,20.7832,30.9288
360.7183,169.7953,21.3351,30.6521
361.9960,170.0261,22.0320,30.2203
362.9971,170.2245,21.9942,30.3136
363.5901,170.2748,21.4792,30.9203
364.1078,169.1387,20.7780,31.3043
364.3130,168.8900,20.2410,31.4104
364.3914,168.3261,20.2495,31.4343
364.7201,168.2619,19.8563,31.6461
365.3838,168.3562,19.6058,31.4619
365.9796,167.8781,19.3666,31.1224
366.2123,167.6519,19.0889,30.9541
365.9175,167.1274,19.0257,30.5581
365.5441,166.5264,18.9924,30.5257
365.7216,165.5314,17.2319,32.1307
