1
534.6371,241.8066,41.2057,15.1836
540.8094,243.2604,40.2118,15.8714
543.9848,243.6992,38.2119,18.2591
547.4144,245.0056,37.9321,20.7295
549.7748,250.1708,39.3389,21.0019
555.3507,259.8643,39.5701,21.0545
555.7095,262.6373,40.1069,20.9773
555.9036,265.6659,40.5554,21.3728
554.7211,269.3823,42.4260,20.8009
557.4941,272.0602,44.3747,19.7816
559.2062,277.0498,45.0071,19.7165
559.9515,277.6975,45.8153,20.2580
560.2863,280.9863,46.0658,21.3427
561.5828,284.7319,45.6278,21.5446
566.4246,285.9499,45.5074,23.2491
561.7471,300.0357,48.0050,20.8850
556.1159,302.7436,49.0981,20.4284
559.6077,303.3737,47.7690,20.5359
557.6761,305.8592,49.0020,21.3473
555.6434,309.5172,50.4058,22.0598
555.1751,321.2940,50.9498,21.1654
555.9117,324.6889,52.0471,20.9120
556.7173,327.3048,53.4695,20.6957
557.7261,328.3661,53.4691,21.4106
557.2571,329.8643,53.9199,23.3454
558.6294,344.6539,54.9382,21.7925
554.8159,346.5298,53.7396,21.3843
554.5417,346.2446,53.9651,23.1481
554.2802,342.2802,50.7520,28.2428
555.5878,340.7883,47.6494,33.1022
560.3198,357.7979,50.0151,30.0498
560.7189,360.0905,50.2844,29.0558
555.0805,354.6750,49.3427,32.4543
552.5500,348.3472,47.0207,36.3937
554.7879,351.2220,51.3804,33.3588
553.6942,352.5129,50.2338,32.2001
551.7824,346.1112,53.6687,32.9091
551.2191,342.3046,51.8592,33.8417
544.8028,347.0148,58.2552,32.7690
546.3752,347.6673,57.7805,33.3958
545.3357,337.1512,53.7178,37.7135
543.5324,334.5497,48.5225,39.6855
543.4431,334.0950,47.4648,38.3703
539.6459,332.9507,50.6838,37.1247
536.9630,328.9693,52.6269,36.3504
532.4689,317.5142,49.7557,38.7708
534.2469,310.0408,52.4761,36.6760
534.3082,303.4061,53.7805,35.9820
536.3359,300.7303,54.8069,35.8802
528.8073,298.6719,56.4210,35.1124
524.7164,307.0970,59.1425,31.3882
524.2990,307.7621,58.7016,31.8250
524.9045,305.0413,63.3916,30.6928
524.0593,300.3557,64.2432,31.4250
522.7537,298.7932,65.1332,31.4373
520.9455,308.7101,72.1512,27.3320
519.2271,318.6750,72.1284,25.9106
524.9396,318.7358,68.1072,26.6616
520.9396,315.3550,70.6166,27.5003
520.0717,311.4102,68.6922,30.3398
522.2838,314.1298,71.0935,32.0915
524.7535,324.6543,75.5245,30.0318
526.2629,333.1407,72.1561,28.5704
528.3292,334.2976,71.7687,28.9923
526.7854,326.9396,64.0561,37.4285
523.0736,338.0309,67.9600,37.3469
524.7787,350.0456,74.2726,34.1025
529.3754,353.3219,72.6872,33.3350
525.1654,343.8931,74.1489,35.2940
525.4120,341.2289,70.1692,40.5183
526.0892,357.1411,78.5519,36.2652
532.6547,368.8986,71.6597,42.5896
525.2963,348.9695,70.5285,42.6354
529.2934,344.9019,63.2401,46.1139
531.9816,344.2734,61.2701,47.5883
529.4073,344.6846,67.7644,41.2864
531.7397,343.6976,66.0823,40.9122
536.1891,342.4592,71.1758,37.6825
532.1313,339.1619,75.1777,35.6608
532.0724,332.6536,78.5320,35.5320
540.2186,327.5237,79.3456,37.3775
541.5405,335.0932,86.4465,32.4735
539.0135,342.2490,88.3011,30.8678
548.0208,344.3148,86.6094,30.7956
545.9513,342.1238,86.1090,31.2312
556.2514,336.4713,82.9202,35.0907
552.1873,335.6772,84.3255,37.7445
546.9202,335.3760,86.8124,38.2680
551.4982,344.8806,88.8991,36.5989
557.9217,349.9547,86.8859,36.7498
561.1213,348.2801,90.0596,37.8966
564.6541,344.5806,92.4595,40.1983
565.7600,345.7621,93.7302,43.4603
567.1528,350.6619,92.8063,45.3867
570.0024,355.5716,93.2452,45.7063
574.7656,354.5499,84.8978,52.5147
574.4760,357.3699,85.8792,53.8147
586.6709,367.8848,86.0709,52.9455
589.3137,378.2248,87.5177,49.5432
594.2234,378.2527,87.5463,49.2130
580.5846,367.7186,88.5185,50.3533
584.5162,369.8657,86.6522,49.7584
587.5516,378.6966,87.0237,47.7504
589.3648,374.9678,84.6638,48.2153
583.8419,369.6331,85.8865,48.2960
583.9192,356.6423,81.5355,51.2146
588.7505,352.9669,81.2224,53.0022
586.6372,352.6165,84.6423,49.0897
592.1206,352.3347,83.5614,47.0802
595.1856,341.0531,83.2250,47.1235
592.6537,335.2279,81.6943,46.6748
598.7921,333.5192,83.5153,46.9861
602.2442,334.4470,94.0152,41.8386
609.0344,328.4617,92.4679,41.4817
607.6910,322.9576,90.4932,43.4663
608.6791,319.1696,92.0647,44.7450
616.1298,318.4862,96.7523,45.3309
617.9653,325.6564,99.5105,46.8033
618.2899,325.9494,98.2575,45.9554
620.9988,322.2985,98.6527,46.5536
610.4235,319.5552,94.1726,50.6744
2
0
0
0
0
1
589.1722,244.6152,55.3932,62.4091
594.9965,242.8664,53.5098,64.4807
600.8749,247.0442,58.1854,58.4520
599.3508,242.5347,58.9579,55.7163
587.7626,233.7470,56.7595,60.4170
585.6107,230.6457,54.1963,62.0006
584.1099,230.9010,52.8765,61.3878
579.6877,230.7530,56.2871,58.0409
581.2408,243.7937,63.7230,48.8923
580.3330,245.0307,70.3672,41.3026
574.2500,242.1677,74.3469,38.8164
571.8047,236.9326,70.1668,41.1793
570.0316,234.9686,71.9481,42.4745
574.3878,244.4332,81.7222,38.7535
578.5065,255.3685,81.3505,37.1510
581.4581,256.7503,79.5790,37.1942
576.9582,253.9948,80.0223,36.5860
573.9001,244.4804,82.3856,37.9063
577.3370,247.4879,80.4435,36.9275
577.6178,249.7769,81.2833,36.9851
573.2720,254.3146,84.6350,35.0686
572.5673,259.7744,87.6872,33.3729
577.2264,269.8185,87.0375,33.5701
576.4720,274.2916,82.2569,33.7690
576.1653,276.0004,81.2129,33.0347
573.2512,278.2134,79.2664,34.2488
572.9432,281.9289,76.6254,36.2186
577.8762,287.9076,78.4807,37.1064
582.6392,314.7252,80.6071,34.8751
592.6286,321.2966,79.3061,32.5168
588.3074,323.1120,82.1957,33.3413
582.2178,322.2546,83.0317,36.0364
584.4467,328.0999,85.7979,37.3668
591.5900,347.5291,85.0509,35.9375
593.1416,353.6368,89.3499,34.5320
590.4127,356.0908,90.4699,34.1128
592.8039,360.0078,93.1122,33.3765
598.1366,368.9397,90.7901,32.6778
600.1123,365.4646,88.1816,34.2266
604.8903,361.8357,81.2836,39.6535
603.7007,367.0475,83.1042,41.4425
607.9345,374.6796,82.0563,40.8384
609.9041,374.5926,81.8541,41.2936
613.5298,370.4551,76.7199,43.9307
613.3995,372.0195,74.9094,47.2317
610.4891,378.5162,78.3948,47.7727
612.9466,393.3125,80.9341,44.3277
609.4862,386.7738,79.0747,46.5004
604.3113,376.6805,76.1461,48.0885
606.1549,375.9016,75.0956,49.4109
607.3195,376.4954,74.2150,48.3041
607.9833,376.3258,72.0764,48.2199
599.6958,362.7574,75.8315,46.8626
596.8887,359.0578,72.6394,46.3183
602.0903,359.5596,72.0363,45.6033
602.5175,360.4587,72.6352,44.0515
601.2340,359.2462,71.6238,42.8679
590.7543,345.3373,75.3525,42.8240
587.2431,333.0447,71.5621,44.1995
586.6543,328.2000,72.3274,45.6779
588.9277,327.5643,73.6839,45.4953
586.0621,329.6552,81.2830,38.4541
596.9013,318.7950,78.1919,36.7960
583.0689,310.3735,77.3101,37.2180
578.6196,301.3044,71.1317,40.3713
581.8126,299.1610,67.6921,42.3893
587.9213,299.0381,69.3492,42.8356
590.1758,301.9931,72.9528,37.7372
592.9496,301.6420,71.9450,37.3123
588.5925,297.3977,71.1432,37.1883
580.8289,289.2509,72.4275,38.2906
575.7036,283.4964,68.9582,40.4912
577.7375,285.6934,71.5725,41.1915
578.9999,290.9229,78.2252,36.0924
581.0167,294.5339,77.4036,33.1947
589.3270,295.3410,75.9440,32.5082
587.7052,292.4790,75.0779,32.2844
577.0591,285.6632,71.5471,36.6777
577.6580,288.3414,71.8270,36.7934
581.1485,294.3056,72.9027,35.1207
580.7514,304.1739,70.6159,34.5007
583.8300,307.9754,71.8832,34.5327
576.0180,306.4401,71.3389,34.5322
569.9475,307.4240,69.6031,33.7430
572.5444,308.3516,68.8388,34.4461
575.3801,313.0882,71.8391,34.9998
581.7581,324.1633,72.2572,33.6915
584.7291,325.1648,71.1241,32.4174
581.5492,319.8210,67.8486,36.3654
580.3941,319.8367,68.5000,39.7749
589.8536,325.0304,69.1511,40.6722
592.2795,343.4871,70.5518,39.9042
592.5138,349.8719,70.9141,37.4999
586.7919,347.3730,70.9150,37.2240
587.0956,347.5636,73.4731,38.8959
592.8722,353.3630,78.2947,38.1904
596.8860,366.4685,79.8803,35.5487
598.0262,370.2824,81.8569,34.1400
598.4179,369.9818,79.8818,36.1526
597.1203,375.1551,83.3207,37.0454
589.9453,380.9309,86.7586,35.6267
592.8724,383.5060,84.9024,35.2953
593.6631,375.6602,80.0397,39.4871
595.7820,380.8284,80.9039,42.4666
600.1343,388.5354,83.1283,41.2532
604.3336,389.8457,84.9918,38.7276
604.4819,386.4201,85.0318,39.3733
600.4015,381.3662,87.1821,40.1772
599.0428,380.3716,90.7591,38.8940
599.4078,381.3251,89.2191,36.5727
602.2829,377.3252,89.2319,36.9950
597.5330,369.1037,89.7526,36.9786
593.6545,363.6821,88.0444,38.7146
597.9814,363.0451,86.7723,38.5812
602.5347,364.5247,88.6334,36.3788
603.7856,361.5873,87.0780,35.9193
607.3263,357.3148,86.6089,35.5844
599.2063,342.9869,80.2963,40.2188
596.5854,341.8329,81.3053,41.5285
597.5436,343.0034,84.1558,38.2970
599.0516,342.8426,85.0524,35.3082
601.6129,339.2708,84.8911,34.7402
594.5011,314.5022,76.0004,41.9337
588.6952,302.4286,69.9024,47.1226
593.3190,294.1617,69.3468,51.2540
600.9247,302.2943,75.1074,47.8258
593.6344,305.9618,79.9467,46.1516
598.5654,287.0661,80.6888,43.9801
590.8646,285.6825,80.6384,43.1494
590.4222,283.7479,78.9188,42.8253
596.6605,274.9347,70.2098,49.3000
601.0270,271.6387,69.4073,50.6288
604.4947,278.7352,74.1327,46.4177
606.7720,274.9697,71.0599,46.0528
599.2069,268.6556,73.1161,45.7666
594.1846,262.4990,71.4749,47.6683
591.1372,261.3245,71.4978,48.8196
593.3228,262.9515,74.0017,47.5693
597.6661,269.9034,75.6373,46.5687
601.2564,275.3202,74.3089,44.1007
602.5908,276.7954,71.5280,44.0087
593.1321,275.1313,73.0818,42.8044
592.7568,275.3670,75.9428,44.6441
589.7932,283.1766,82.6864,42.4103
589.5121,301.7110,82.0618,44.2577
593.6006,306.9930,76.3544,44.2228
592.5514,306.0898,73.9022,44.4385
586.1360,302.3658,73.9909,45.9941
586.4601,309.7442,77.5255,45.2027
584.8975,323.3604,83.7813,41.1216
585.2944,331.7575,84.1943,40.6429
587.8658,339.8018,82.1064,38.3830
585.8387,344.9294,79.9064,38.3159
584.8661,350.5901,81.3556,38.0200
583.0628,357.0092,84.6202,38.4243
581.7862,369.1908,85.1462,34.4865
585.1754,371.8865,84.0555,34.0184
584.5714,369.6136,79.9568,39.7254
586.6653,376.4956,81.8183,39.2014
590.0621,387.2799,84.5698,36.7127
594.2290,390.6699,84.0085,35.5959
590.7084,388.0786,83.8420,36.7572
601.6487,391.6102,86.0933,36.7059
601.5555,401.3859,86.2418,36.7303
600.4070,399.4661,86.1823,36.0644
607.0687,386.5081,74.4781,46.1750
609.3757,383.5205,75.1530,46.7346
618.9625,402.5266,81.3591,41.5043
623.2861,404.6261,79.1176,39.2847
625.6746,401.9499,80.5398,38.8902
629.9205,392.0842,71.8536,45.2422
634.9686,387.5779,73.9587,47.3281
632.3287,408.2481,81.5049,42.3998
635.4648,407.1343,78.3171,40.9810
631.6788,403.1426,81.2413,40.4762
637.3110,390.7470,78.2116,43.7209
635.2619,384.9772,79.6587,45.2972
644.0607,403.6555,83.6953,44.5313
650.2734,404.0312,80.2653,42.2371
645.0831,400.7705,80.6529,42.1445
636.3141,390.7373,82.3923,43.4125
633.9882,385.0319,80.3427,44.3214
631.2103,383.1257,81.8703,46.2190
631.3109,394.9125,85.1156,44.5729
623.5167,397.1853,83.2541,42.4571
608.9515,390.6241,86.5359,43.8527
605.2652,373.7142,79.1264,50.7419
594.9623,372.6648,74.9991,54.6906
592.5843,380.1478,72.4040,51.9628
573.0367,393.4305,71.9374,51.5230
556.1279,388.5672,71.3675,50.7219
540.2491,376.9472,72.7574,52.0627
510.4389,377.1032,76.0825,48.5683
496.4945,370.8601,74.8215,50.4011
475.7714,379.6674,75.1088,47.0901
463.5338,382.3858,75.6827,45.9368
447.4663,372.6256,74.3647,45.3992
417.4048,334.3355,64.7050,57.8171
395.5612,335.5669,61.8621,62.7295
364.3849,349.3360,67.9824,55.6225
345.8125,365.1773,71.3942,49.9161
317.5211,366.5653,73.1907,51.5853
286.5034,320.7385,66.1132,58.6686
269.7388,314.4594,60.5868,65.1785
245.6568,315.3993,57.2416,66.6557
217.0013,329.9684,63.7177,58.3485
184.0630,341.6321,68.7726,50.7417
130.9209,341.8686,69.8624,51.2925
112.7690,322.9082,74.0635,47.1877
89.7692,319.7147,76.9341,46.6827
60.6985,311.2540,79.0243,47.1093
