1
243.1197,164.0124,117.3806,114.2146
236.3329,172.6433,118.6650,116.1970
218.4109,192.0294,119.3906,117.4735
212.2810,205.0228,118.3843,115.6290
214.0066,201.1534,119.6787,115.5616
213.5139,192.0919,120.2181,116.1698
212.5623,187.7274,119.7738,118.0780
166.2421,213.4200,130.8155,108.7545
144.9669,244.1044,127.2314,108.1168
195.0108,257.9079,132.2947,104.2455
234.5213,226.3269,129.7738,104.5392
220.4848,213.0741,128.1913,102.8052
210.9266,200.8603,125.9595,108.9343
201.6601,199.5590,123.9162,110.8105
188.7719,200.2334,121.7306,114.2044
190.4196,210.7191,120.1166,113.3744
198.7638,210.8420,121.5451,110.6284
213.8495,188.9793,124.2591,106.3698
212.2642,156.0258,124.8533,104.6679
196.3278,141.9786,123.2264,107.6909
197.9021,160.2925,122.2060,107.5740
219.0782,194.8892,128.0645,102.9761
252.8822,228.9294,125.5658,103.6715
267.1815,236.3367,122.1064,107.9220
254.3552,243.7804,124.8191,105.2898
240.8982,247.7509,125.9019,105.3558
229.4726,251.7316,125.1852,106.1462
228.1148,238.7103,123.6954,108.1157
222.0943,221.6924,123.8334,110.8336
221.1570,211.8806,121.8369,112.7929
227.2026,205.8708,121.8658,113.5039
236.8939,196.3113,122.6576,111.0136
236.4801,171.1067,122.4735,112.1264
225.8766,151.6511,121.9463,112.3159
219.8498,131.2811,121.6921,111.5324
222.0961,114.9455,122.5179,112.9968
239.4864,125.0613,122.2058,111.0522
249.8052,129.1658,119.3043,111.6742
250.2501,134.7714,119.7865,109.9285
263.0355,168.6044,120.6733,109.9638
263.8977,215.9601,120.6931,106.4754
268.9957,231.0223,120.0936,107.8051
275.1427,229.4198,119.4642,109.9247
271.9099,231.1626,119.2213,109.9348
262.3110,219.6131,119.9117,109.7733
261.2917,210.8230,118.5528,111.3852
261.6096,200.8273,119.2036,107.3231
263.6310,168.8128,120.4391,107.1313
265.8929,157.9921,119.0917,109.5987
269.3169,173.0983,116.4276,111.1237
267.2219,179.7790,115.7949,110.3720
263.7555,177.2102,117.3939,112.0255
265.4174,177.1392,118.7076,112.3967
270.0339,180.9154,118.1401,110.8787
280.4757,189.3806,117.0653,111.1089
281.2164,199.1579,115.5733,115.0711
259.5240,206.1231,114.5662,114.1195
221.5907,207.8837,114.4181,112.9676
200.0759,204.6135,113.7506,113.2283
202.9869,202.2426,115.0202,113.1846
218.6263,203.3153,116.4555,112.5964
248.5692,205.9118,120.4052,112.2388
290.2587,207.8416,121.5661,111.7178
328.7772,212.6947,119.9384,112.3604
329.1960,218.5744,118.8508,111.7244
317.2628,206.4392,118.5469,111.8222
292.4596,184.8677,121.3265,112.9073
261.4629,164.5583,121.1911,112.3492
240.5881,157.1526,120.3729,113.0214
241.3508,163.1522,119.0166,111.7598
246.2504,180.1218,118.5101,113.2582
250.2362,194.0823,118.0485,112.2090
263.7791,203.8749,120.5985,111.8357
289.7115,217.5058,121.9498,112.0382
307.0869,228.5271,118.2844,111.4886
306.7912,238.5394,117.6429,111.7003
297.1492,245.7994,118.1472,111.8892
286.5016,246.6799,119.2514,109.9827
258.5826,243.0351,122.7074,105.8265
227.7361,230.9380,121.7637,106.2825
212.6768,226.1042,119.3805,110.3084
211.7477,231.6801,118.0772,111.1614
217.9013,229.5116,119.2297,110.6013
233.1743,201.1764,120.0114,112.1549
246.8999,185.7487,123.4851,108.2555
257.8134,146.6049,124.6116,111.3255
280.2774,140.9069,125.0365,111.1143
316.0760,141.7302,123.2647,110.8025
322.1478,150.7276,121.9756,110.7251
323.6004,165.2967,120.9226,112.6012
316.3346,177.2631,120.1555,111.9976
289.9022,186.5393,121.7473,112.2872
261.8896,196.8620,122.3194,118.8651
250.0951,210.3745,120.3295,121.7332
236.4972,220.4718,119.3163,116.2984
222.2478,213.5943,120.4940,112.9312
211.2273,203.6014,120.5715,112.4483
201.9894,200.7719,121.7656,113.7009
210.4276,195.6711,122.5807,110.9845
224.2448,170.9344,123.5424,112.2767
240.7950,165.2251,121.0062,111.1839
256.2202,168.0076,121.0575,110.4171
272.7946,184.4645,120.9398,111.0779
293.7518,208.9551,120.7021,110.7692
305.3470,220.0534,119.5211,110.4123
291.0009,206.7177,120.3246,109.9382
258.6441,191.7906,120.0888,110.3928
210.1115,195.8455,122.2862,109.0374
175.9003,207.5764,123.3312,111.8458
164.8156,216.9550,121.4703,115.5520
164.7637,227.2505,118.3600,115.4934
173.2881,211.1377,120.2007,115.4795
194.3391,182.8416,122.9080,115.3828
219.5969,171.2631,123.2020,114.0161
228.2979,170.9038,120.9733,114.2898
229.2336,182.3924,118.7316,118.1470
227.4668,194.2586,116.6787,121.0534
222.1657,194.9369,117.0463,119.0571
226.3958,197.9452,120.7640,112.3510
237.6976,194.5962,121.1394,110.4373
235.1458,202.3828,120.4844,111.6664
226.1364,212.9678,119.9462,114.5024
208.4611,218.1493,118.4625,112.4289
200.7188,203.7643,120.2254,111.8266
199.3568,191.1757,121.2667,111.6358
193.5090,188.7646,121.6437,113.2919
195.5898,192.1540,121.1416,115.0088
203.1653,215.1282,119.7415,117.7598
204.4220,233.8598,118.0756,120.1495
203.8683,240.0455,116.9637,116.6356
199.7321,223.2053,120.2042,112.0337
200.0768,201.1642,121.0130,109.4428
189.4885,186.9975,123.5488,106.0525
170.6867,179.3799,122.9526,105.3748
158.1660,184.1523,122.8933,107.1341
165.5463,196.1490,122.5176,106.5489
177.8099,203.3687,121.5830,105.8255
197.8249,202.0845,118.5905,107.3741
218.8465,210.7622,121.2149,106.8400
242.5387,221.3932,123.6438,107.1919
268.3920,232.4575,125.4177,109.1244
290.9129,239.9744,122.0445,109.8035
283.7707,239.7070,123.6764,108.4121
249.3766,222.6750,121.9659,110.5583
202.9381,217.3364,121.3434,111.0711
169.6808,214.0042,119.7551,112.5789
139.4630,218.5315,119.5789,112.5677
104.9062,223.5109,119.0380,110.0580
107.1510,211.3723,121.3389,108.8392
136.8479,204.1696,133.2654,99.7018
204.8544,201.8532,129.3251,97.6715
218.8334,186.5043,126.1135,104.0503
217.8806,191.3540,126.3506,104.3704
229.3307,199.2812,125.0723,103.5834
237.5634,210.5381,122.6333,104.7155
229.9217,217.7355,120.8226,105.9631
196.5911,216.7500,118.1298,108.9152
172.6765,218.8840,117.4731,110.1247
173.8340,225.5246,116.5712,107.7817
200.0621,219.8833,116.5834,106.3811
248.2875,216.0372,115.7830,105.8628
274.3296,216.8612,117.5510,107.4741
268.7061,215.3873,118.6705,107.9153
257.5317,207.3638,120.5238,106.7115
249.4527,194.9384,121.0388,109.5332
244.9964,189.4235,121.7545,111.2221
246.9886,184.2770,119.9253,111.4046
262.4600,190.7847,122.3117,109.2494
271.3255,200.8585,122.2146,111.0144
265.5944,202.8484,119.5765,110.2310
241.5062,206.9987,120.8792,110.3056
207.6332,225.9886,122.2033,109.6771
189.1119,241.8488,120.3976,111.6058
174.4832,245.2730,119.5643,112.5686
177.2706,243.9218,120.1762,111.8855
200.7223,238.0809,118.3579,111.4613
206.8362,234.1485,119.5502,111.1794
192.1439,230.6458,119.8550,111.9251
173.9411,228.6767,119.8295,110.7102
171.4488,217.3871,119.3417,113.2393
186.0468,214.3245,116.8872,112.6795
231.2094,202.3674,117.8057,113.4689
276.2381,196.0747,118.3417,112.7826
276.7632,191.4403,118.0047,112.8481
247.6298,187.4052,119.3726,113.0350
210.2839,183.9164,121.4828,111.6942
194.3358,179.8954,120.3486,111.4904
178.4747,181.3299,119.6744,110.7733
166.7193,183.4162,119.7772,111.8080
168.2664,189.0071,119.4536,109.0429
193.8502,189.7043,120.7552,107.9295
253.3218,192.8696,119.0580,106.9838
293.8094,192.4965,116.8444,108.0016
292.3141,188.8502,116.8761,109.8226
276.0988,190.4018,116.7627,109.9596
256.6758,195.3730,117.1268,110.5858
237.0969,202.4910,118.4436,111.6100
214.0320,207.2588,118.1603,111.1848
175.1331,205.5516,121.4327,109.2047
141.1028,188.3696,122.5994,108.3851
135.6058,188.2466,123.6579,106.9223
154.3098,184.0752,120.3696,108.6910
181.5779,190.2749,121.6292,107.5127
190.4057,192.7786,119.8099,108.5523
187.6892,185.7625,119.4987,110.1000
193.7891,174.5703,120.9925,111.6868
203.7893,167.6952,119.4095,111.9467
212.1194,168.6650,119.8213,111.5849
214.1808,178.9938,118.1479,111.2993
210.7132,185.3028,118.1264,112.7592
202.1352,202.2673,118.5176,111.8791
209.5813,225.5517,120.6495,109.2413
220.8190,243.9679,119.6864,111.0764
210.9139,247.6332,118.9299,110.0729
191.9981,242.2571,119.8261,107.1088
178.7422,217.9004,121.8289,103.4827
177.0121,181.4582,123.1869,102.4439
181.6717,164.3013,125.4943,100.7265
194.4904,163.9724,126.1358,99.0025
212.5422,174.9914,125.3965,99.8585
231.6367,185.2240,124.2862,101.4042
237.2670,186.9607,121.2651,104.0550
234.6691,187.4354,119.4525,105.6843
214.3131,195.0125,119.2237,105.8627
192.4694,200.1334,118.0073,108.0538
185.0462,211.4845,117.6512,107.3257
187.0458,215.6756,116.5756,107.6647
185.8302,210.7157,117.5949,105.4789
183.5061,191.3609,120.2216,103.5097
198.4742,164.3533,120.1015,106.2002
213.6935,161.0410,122.7985,106.6427
257.2551,166.8819,125.4917,105.3016
285.5418,184.4588,124.6686,105.1935
291.6765,210.7993,123.0097,103.5034
288.7810,222.3809,123.5695,102.1306
288.0720,225.8854,123.2284,102.1183
295.7238,219.4426,120.3857,104.1673
292.2696,222.3598,118.5766,105.9348
264.4906,225.1857,115.8779,107.4579
240.1285,226.6966,115.0604,106.8503
234.0490,232.8109,115.5305,108.2084
221.3921,237.9853,116.4642,108.0187
207.2204,233.4278,117.9509,104.7696
207.6051,212.8943,118.1542,106.9515
210.5527,204.5759,118.5570,108.4822
216.1883,201.0366,117.2410,108.5556
232.8211,201.8248,115.2953,107.0890
250.6139,196.6756,117.7569,105.9216
255.6678,180.0848,119.3039,105.1400
256.9521,162.1359,119.0545,108.9447
265.9598,174.0450,121.4377,111.5286
280.4461,211.5568,120.9275,110.9118
272.6476,243.7965,121.2691,109.5433
264.4854,254.6874,118.0543,107.4445
249.3414,240.0346,119.8889,102.7177
247.3952,202.6481,121.5463,99.8312
235.3289,167.1995,120.2115,102.0519
234.9040,155.8166,117.5090,105.9214
227.3330,162.4268,115.4171,106.5146
208.3549,168.5487,113.7193,106.8368
212.6544,170.9818,113.4568,105.3782
243.7226,156.2191,114.6358,106.4877
265.2415,142.8478,114.3527,107.7727
275.8441,139.6132,115.4892,107.2583
276.6012,150.8502,116.4883,109.4959
260.7514,173.1744,118.1006,107.6457
246.6710,182.7869,117.3644,107.8803
235.3179,185.1962,115.1802,107.6772
238.5692,182.6241,114.2963,108.2803
244.0864,183.9407,115.3899,107.4607
242.4937,193.6406,116.2068,108.1532
216.6358,205.4859,113.5388,108.0149
201.6474,208.4050,112.0246,108.4976
209.7134,198.7244,115.2611,106.9720
226.3917,181.9695,116.1651,108.1628
235.6718,178.9476,115.3980,108.0297
238.0424,188.6920,114.2486,108.2200
238.5368,197.4187,112.3881,108.0035
237.4368,202.4337,111.9751,107.7826
233.1906,205.2130,112.3836,108.2481
215.3451,213.8170,114.9225,110.2872
210.4937,231.7344,113.7678,108.2168
215.1580,234.3047,113.7744,107.5920
217.4669,228.2386,114.0471,106.6254
215.8860,224.9991,113.1916,106.2647
213.7642,222.5910,112.3730,106.4950
225.5340,213.6485,112.1541,104.5730
245.3697,189.1173,112.4835,104.4919
272.8299,161.4988,113.9149,105.2199
277.3321,157.7387,112.5863,105.8073
277.7740,167.9823,113.8737,105.4183
275.4022,188.9847,115.0922,106.4250
268.5363,214.9116,115.1899,106.6630
263.8759,226.4448,113.1991,105.3032
246.4025,225.4628,114.8359,104.4747
219.2699,222.8974,114.7817,106.2006
217.9797,236.4978,111.9358,104.4768
225.6024,244.9645,111.9741,104.3172
235.0314,241.2332,111.6923,104.7229
235.2333,230.4334,113.0610,102.0561
238.1167,207.3848,113.2508,104.2214
250.5126,213.2491,113.4806,99.4618
283.2625,216.4547,112.4062,98.0983
297.8782,210.9200,113.1820,100.6333
295.1175,204.5883,113.1164,101.4991
282.5372,202.9135,113.4822,102.3418
271.6505,208.8001,112.8424,103.9848
267.7691,223.6673,111.9708,106.5050
261.5861,235.2113,111.6292,106.3734
254.3061,239.3315,110.2414,105.5605
262.3924,234.0751,111.0626,105.3461
265.1956,226.2969,110.6858,103.7704
261.0894,218.6488,110.9132,103.1456
255.4921,211.3069,110.3569,103.3749
255.4844,207.2774,108.5520,102.9882
258.5652,205.1366,108.3673,102.9843
267.3381,196.4883,109.8474,102.7524
268.6922,190.6321,108.4890,102.5880
270.9499,196.7325,107.7981,101.8593
276.7209,211.6904,108.5931,101.9331
284.7530,223.0578,108.9320,101.4544
291.4966,229.8146,106.8470,99.9291
279.0496,230.1282,106.6379,100.0611
254.6070,238.3935,107.5643,98.6258
228.3153,238.3164,107.7010,98.6723
214.4820,223.7236,107.6559,99.0690
201.0469,204.0765,109.7601,95.2093
200.7182,177.7929,111.9128,95.0831
205.3291,168.8719,114.4117,94.8459
220.6197,171.0880,113.7175,95.7240
235.8009,179.8270,111.7352,98.2182
243.7653,184.0449,109.6692,99.0302
249.9289,185.8934,110.4205,98.9154
264.3828,204.3163,110.4763,97.9974
280.2785,228.9222,110.2867,100.4583
290.5092,247.4408,109.3056,100.6011
288.0577,247.0797,109.2288,98.8120
276.9248,219.1010,109.9679,98.5958
266.6587,202.5386,109.4349,98.5135
249.7578,203.6809,109.2626,95.4363
227.1381,200.0286,110.0475,98.1358
220.9455,218.0277,108.4526,97.8721
225.1543,231.3111,107.2403,96.8686
242.1944,230.3594,106.3503,96.4786
263.5443,230.0621,105.8841,96.6175
273.5627,231.0188,106.8011,97.9875
275.2698,241.8263,107.0619,99.0092
274.7020,255.5045,106.5852,99.6161
273.9505,259.6086,105.0092,100.4722
272.8074,254.2442,104.5004,101.5339
272.6860,248.0533,104.2411,102.0536
274.8476,237.9345,105.7979,101.6997
275.8990,229.5349,104.9446,101.6551
273.7560,230.6888,105.6929,101.7634
265.8942,237.6806,106.0897,100.9589
255.7493,239.3926,105.1226,100.9600
253.0528,233.8929,106.0292,99.5871
252.8713,218.6893,106.0858,100.8562
251.0294,217.3014,105.0204,100.7273
244.6569,216.9682,105.3088,101.2590
246.5554,224.9926,104.9905,98.8813
261.4062,229.2433,104.3920,97.8221
278.3110,219.7470,103.9693,97.5412
290.7198,209.1693,105.4784,96.1003
292.2663,192.3171,106.5715,98.0413
288.3007,192.1438,106.6982,98.2280
284.2282,198.2908,105.4828,99.1007
282.3956,206.0981,104.7181,99.1059
264.9711,209.5810,104.5365,98.8345
240.1142,207.3543,106.1096,96.1610
224.8638,194.5447,105.6120,96.9690
221.7664,199.0229,105.8015,97.0342
224.7390,220.7294,107.5380,93.8644
250.3416,263.1960,107.6908,94.1467
271.4205,281.1693,106.3662,94.4781
294.0993,268.2167,106.4701,94.2188
313.6312,244.6212,108.2496,95.1313
313.1584,228.7308,108.6038,96.4570
294.3983,225.2764,110.2739,96.1913
278.0576,227.4463,108.2009,97.1693
250.7897,236.2443,109.7396,97.1752
221.5833,235.1842,108.1056,98.3057
232.9240,241.7247,108.6800,94.4507
275.1237,243.2146,107.4331,92.3663
309.1014,241.7185,104.0214,91.1544
325.7671,233.3491,104.2059,91.3516
336.2476,230.9929,104.3912,93.6291
344.4319,238.2961,104.2560,94.8064
347.8201,236.5384,104.0816,96.1913
348.6279,228.5188,103.9023,97.6162
340.9633,234.0749,105.4338,95.8556
315.6791,249.0836,105.8366,95.6589
301.2850,259.4268,106.8926,95.9780
295.1619,254.4809,106.4384,97.6543
302.7625,242.7512,107.4664,96.9684
312.3362,239.7763,106.9432,96.0293
325.1388,249.2406,106.1120,94.5879
340.4915,259.7392,106.5315,93.4968
353.5146,255.5524,108.0139,91.3021
340.6872,219.9962,107.3234,94.3588
308.3748,181.5604,107.2708,95.2303
285.5812,165.7431,106.6517,95.1481
280.2105,175.1246,106.6953,93.7438
279.3894,194.3191,106.2628,91.8734
268.5818,211.1226,105.5233,92.8649
246.9733,232.4628,104.3555,92.9762
232.4433,239.8247,105.6482,93.2078
219.3694,241.5892,103.6186,95.4047
220.0057,243.9648,101.9222,95.3128
228.3546,247.6301,101.6293,94.8758
245.2847,237.5822,102.7116,93.1687
251.0210,213.2819,106.1650,89.7099
239.7021,182.2106,105.2972,91.2544
229.4604,176.5871,107.5029,91.4914
228.6063,180.1804,105.6190,92.1841
212.3279,193.2780,105.4218,93.7218
197.8203,202.4629,104.7411,95.0585
188.3994,208.5428,102.2613,95.5592
184.9516,211.5457,102.2953,95.9171
181.3173,227.4241,101.0491,95.6330
182.6291,235.7356,99.8625,92.9802
198.5963,237.5166,100.8490,92.3782
232.2513,239.7070,101.7453,88.7802
266.5062,225.3109,101.3012,88.9001
291.4339,220.4374,100.5237,88.7341
309.1338,224.6188,101.3370,90.9170
311.2282,239.5416,100.8671,91.3607
291.1043,249.3912,99.6995,89.6934
246.1061,238.2042,101.2143,88.7517
210.5784,222.6160,103.5641,88.6224
186.1238,220.5526,104.3806,90.4568
178.1718,226.1620,102.5265,90.6650
201.6324,233.6157,100.8271,89.5410
234.1585,217.8764,101.0377,91.2951
242.2598,201.0812,102.0326,92.2278
260.2812,197.0937,100.3941,90.8379
284.1354,199.4393,99.6070,90.0462
312.8778,203.7590,104.4787,89.8936
330.8280,208.7400,102.0086,91.1890
328.2822,205.4230,101.2409,92.5039
305.1177,204.9693,102.8780,89.7678
267.3350,183.5987,103.6902,90.1196
234.4950,165.3497,105.0719,88.8192
242.1985,149.5066,103.5014,89.6821
274.5981,145.3862,101.0206,89.3807
293.4496,130.7907,101.2842,91.1501
299.3644,118.6043,101.8350,93.6686
299.6944,129.5592,101.7634,92.2293
300.3024,159.8891,102.4609,89.2597
303.0717,201.6170,102.4853,87.5556
305.3230,231.4183,100.4746,87.7485
303.3480,232.3909,101.4449,87.8444
302.5838,217.8994,101.6177,89.9316
295.7072,204.5428,102.0883,90.9943
290.3373,192.4066,102.4485,91.2908
289.0378,181.2059,102.9108,87.9885
287.4172,151.4240,104.6818,84.6611
286.8569,108.5961,106.2926,83.2298
297.8365,88.2600,107.3195,82.3323
323.0477,97.9996,104.2876,86.8143
329.7407,143.5080,102.0109,87.4419
318.9257,170.6786,101.6695,87.9940
304.5891,186.2282,101.7877,88.9600
292.0232,204.4454,100.8565,89.0337
283.2607,219.5086,100.1570,89.5820
275.3109,227.7118,99.6802,91.4034
265.6464,232.3989,99.9101,92.8398
269.2885,235.8985,98.9378,92.9294
279.8314,234.8593,98.0695,93.7332
286.4876,223.6919,99.6786,93.3242
292.3951,215.9255,100.4386,91.7765
303.7823,197.3905,100.7144,92.5189
312.7161,188.6612,100.3234,93.6501
317.2430,190.9496,100.0120,93.5985
330.5008,196.5276,98.6875,93.7961
332.9271,215.8113,97.8826,93.5010
320.7231,234.1289,98.2595,93.1251
297.2109,253.0889,98.9328,92.5387
277.1865,263.3341,97.7747,91.6171
264.7659,261.2452,97.0116,93.1166
261.7006,257.6216,97.0934,92.1195
241.7370,234.2097,97.3772,92.4996
233.5555,206.9795,102.7379,88.4083
254.4673,186.1416,101.8105,87.1276
274.8118,175.7200,99.4411,89.3107
290.3358,179.3209,101.0731,89.6969
305.1158,195.2800,101.5473,90.1105
322.1340,213.1661,102.0313,90.1787
337.9605,231.4363,100.7354,92.4270
345.9127,256.6256,99.6079,91.8311
345.7078,265.5243,98.1345,91.2921
329.7228,268.5457,96.8188,89.7423
298.7036,272.6625,96.4301,89.0690
259.8861,274.6794,96.8550,89.2328
222.4047,271.7231,96.2733,88.3347
217.0921,258.6784,97.7510,86.3956
220.5385,232.5634,100.2389,84.7737
220.2638,206.0933,101.6178,85.4212
234.8468,192.6026,101.1789,86.0183
261.8836,186.7836,98.6556,87.6393
293.6028,187.3483,96.5160,88.7504
309.8097,187.0701,98.1736,89.9157
315.9741,191.6766,98.4729,91.5584
320.4016,204.6460,97.9042,91.0955
325.6256,219.9711,98.0050,90.8574
318.2787,234.1033,97.8952,90.6057
285.5635,236.2920,97.3455,90.0452
241.0414,235.3709,96.7317,89.9144
201.3525,236.5104,97.0112,90.8614
182.0198,229.5853,97.1294,94.4239
190.8593,231.6116,96.6704,93.6769
216.7050,234.3042,99.8635,93.7978
249.7572,231.1720,98.5958,93.7679
254.1265,225.4557,98.5483,95.4823
267.5691,226.4742,100.5182,93.7469
321.9058,229.5833,108.2685,86.1770
363.5486,213.7143,107.2104,86.5067
346.0335,212.5806,104.8245,87.9083
274.9519,214.0733,110.8612,83.5631
202.6568,228.1351,112.7669,80.6708
156.6248,227.1924,109.8271,81.5217
157.9449,216.8440,105.0809,84.3018
108.3186,152.0351,105.6236,89.7595
211.7333,166.8674,105.9837,88.0376
212.2087,161.1622,105.9939,87.1141
221.0905,171.5431,103.2560,88.4581
229.7855,198.0129,101.4598,90.1135
233.5374,229.1860,100.1345,90.2378
233.2469,247.4532,98.6481,88.9390
237.7583,262.4410,97.6307,90.3134
247.4553,264.3501,97.1418,91.8101
239.8574,257.9730,99.1730,91.3772
221.2413,254.3970,98.5315,90.8990
221.1273,268.9398,98.9784,90.7819
247.1900,285.8470,99.2471,90.7242
271.9395,287.4152,96.7024,92.1373
271.5417,274.9998,97.8992,91.5050
270.2267,253.9956,99.5435,90.1497
279.0609,212.7244,100.9629,89.5287
269.5383,161.5269,100.2181,88.4028
254.5174,153.7815,99.7482,90.8489
238.0985,162.8217,100.1566,91.7557
226.7599,187.3342,102.0765,89.3596
223.5409,222.4245,103.0150,89.0807
223.8133,250.7174,100.8294,87.7269
229.0200,256.9775,101.3039,88.9722
238.1277,250.9169,102.1459,91.2609
242.5188,233.3617,103.3937,93.3465
242.9603,226.3432,102.1102,93.8249
255.8515,224.8136,99.9003,93.8069
277.9338,213.4625,100.4337,95.0341
278.1606,203.9077,100.9356,93.4902
269.7688,190.9931,101.1808,93.3600
275.6790,177.9550,100.7654,94.3916
289.1179,178.2215,101.7031,93.3848
298.9573,198.1264,101.2348,94.0280
284.1724,231.0341,100.4413,93.3122
273.5713,254.7146,99.3596,90.9062
281.6273,262.2975,99.3331,90.1769
285.7411,257.1068,100.0933,90.1003
272.9257,244.1351,100.6901,88.9018
267.0924,236.7434,99.7990,90.4875
270.4981,239.5659,98.9260,90.7185
271.3127,234.0968,99.4558,91.6121
265.6260,228.7702,99.8772,91.0686
257.0356,215.9668,100.7794,92.9309
255.4896,220.9631,99.7156,92.5648
249.4740,224.9352,100.2004,92.5381
239.3134,227.8072,99.0557,92.6565
238.9458,224.2129,99.6345,92.4956
262.5866,220.4820,98.5917,90.2184
281.1841,223.1706,100.5012,90.3718
278.3810,232.4414,99.9082,90.4719
259.3365,235.8574,100.0445,93.0105
254.0344,238.1057,100.6074,93.5082
260.3285,229.7995,102.1622,92.2118
265.1979,217.2566,102.3612,92.0605
266.0639,212.8491,101.2924,92.6557
268.8465,218.5355,101.1233,91.1757
278.9486,222.0094,100.2446,91.9318
279.0546,223.9465,99.4667,91.6513
271.1552,220.5481,99.8109,92.8083
270.9261,217.1762,99.3138,92.0699
273.2775,219.0207,99.2816,92.2271
276.1454,230.0869,99.8278,90.9515
269.7144,243.9015,100.0047,91.0032
264.8461,249.0962,98.9864,90.8164
271.6288,238.7339,100.6706,90.1707
281.0064,224.8609,101.2348,90.2076
282.4114,218.6779,100.7709,91.3539
276.4101,226.2378,101.0320,91.1253
268.1065,237.0517,101.0702,91.7799
265.4339,236.9584,101.3609,89.6235
266.8719,216.1687,102.1976,88.4140
270.6965,203.3090,101.0690,91.0732
273.8978,215.3621,100.1829,89.2944
275.6539,230.0489,100.1178,88.4154
270.7871,236.2914,99.4750,90.3274
263.3497,237.4429,98.2501,92.1181
264.9339,232.7803,99.7455,92.7849
266.0209,228.3823,99.5346,93.6067
261.7863,228.2107,101.0316,93.4026
251.5090,242.0999,101.2487,92.0185
249.2616,250.4723,98.6992,92.3395
248.8944,248.8433,99.0577,92.6230
249.9249,239.7927,99.5222,92.6070
248.6734,235.4772,99.3635,92.3373
247.6125,242.3964,99.5871,90.8613
249.2106,257.7499,98.5703,89.5909
251.0672,260.0730,98.2155,91.2633
251.1916,263.0373,97.5063,91.9140
249.9671,262.3212,98.0614,91.9012
247.3999,256.1235,99.7142,92.2883
239.5912,248.7477,101.0823,92.8352
237.9311,245.2020,101.4959,92.0488
237.8445,230.4452,103.4333,91.6157
236.9809,218.7651,102.5392,92.7228
237.3453,218.7338,100.5094,92.6701
239.2598,223.0709,100.3428,92.3621
243.6599,220.2631,101.6934,91.9889
246.5165,211.5285,103.1037,92.2941
248.8604,207.5488,102.3392,92.7186
250.9123,222.1504,101.2102,89.4044
252.6575,238.8256,99.7188,87.5302
255.4579,245.1399,98.2235,88.8027
251.1455,240.2259,100.1684,89.9356
250.3044,229.4352,101.8296,91.4802
260.2063,224.2652,101.4970,91.6014
263.1057,225.4052,101.0656,92.0555
262.4707,233.7745,100.8410,92.9503
252.5632,239.2504,102.2983,92.2510
249.7592,237.6571,100.3879,93.0219
251.8559,228.4474,101.6630,92.2600
250.2052,221.1505,101.8115,93.0849
241.5316,233.3833,103.7212,93.3538
235.6758,248.5570,101.8935,92.4589
235.3252,253.5822,101.0951,91.9553
247.7961,251.1263,101.8201,92.5031
266.1206,242.9033,103.9638,90.2892
272.9423,227.0492,104.9590,91.8166
262.6282,230.6750,108.4792,91.9625
242.4876,245.3731,106.4846,92.2240
252.5686,253.6704,107.3512,90.8343
277.3550,250.1676,106.4785,89.3137
274.9119,234.4901,106.0375,89.7365
255.4283,226.8152,107.5153,90.9659
238.2657,227.1424,105.0826,92.5476
236.5992,231.8397,101.0311,92.0965
236.4464,230.3890,100.2747,92.7910
237.7045,227.1615,100.2918,92.4598
234.9079,226.4029,99.1905,93.0086
232.5794,226.1663,99.1537,93.8120
238.1244,233.2931,99.7258,92.2080
239.4908,245.7277,99.4098,90.9314
246.9348,252.8084,102.1105,88.8209
292.6614,255.0671,105.5325,87.8728
307.7448,246.0243,106.4882,87.4629
283.8268,246.5812,109.5342,87.8339
234.9668,263.2203,115.9518,85.0541
211.1111,272.6315,114.2846,85.0910
214.2434,277.1368,113.9136,84.3242
240.7633,270.8582,112.7948,83.3700
248.5880,264.2819,110.3389,83.5307
240.8127,265.4929,108.7484,84.3992
224.5652,265.2023,106.9377,84.0909
214.1226,267.6276,105.9184,84.4445
218.3318,271.1326,107.1094,83.2674
236.7516,272.2317,105.2907,82.4961
238.2982,266.0873,104.7359,83.0237
237.5200,258.4763,105.1099,83.8148
232.3090,256.2547,104.9717,84.0947
230.3580,250.3534,105.6195,83.9179
239.8492,239.3272,104.7582,84.9126
239.8999,234.7385,104.4852,84.9433
242.1333,228.1306,101.9070,86.6094
241.0380,221.0288,101.8450,87.7253
245.3150,214.7654,101.4129,88.2681
248.3116,226.9672,101.4426,85.1697
239.7514,262.9174,102.6798,82.9084
231.4738,289.5826,100.9831,82.0582
228.3616,290.7180,100.2257,82.8103
235.0464,273.2835,102.5716,81.2004
241.1508,252.6846,104.3502,81.5318
249.4727,236.1940,105.2713,80.8072
254.2106,216.8217,104.0813,80.9475
251.2674,206.3007,103.1487,80.0957
244.0924,190.3550,102.1744,80.5622
245.6593,171.5874,101.6464,81.8526
247.4941,163.1577,103.8256,82.5303
258.3894,167.5687,101.5898,82.7336
265.9337,187.8245,101.6584,80.4605
268.3508,218.7372,101.9574,78.2776
273.6589,246.0667,99.4306,77.7821
274.8795,243.5553,99.4970,78.0379
272.3247,221.0391,100.6530,76.7327
271.5255,203.5748,100.5227,80.8590
285.5039,201.3062,100.3727,79.4943
308.4314,208.3595,99.6640,79.3649
312.1074,219.5974,101.0563,80.9710
302.2626,223.8788,101.9746,81.2103
290.6048,227.4810,101.5521,82.1647
287.1331,233.1694,101.1803,80.9292
292.7273,252.8379,102.3978,77.8561
305.8630,276.8225,99.7445,78.0527
313.9451,283.0518,97.7059,81.7877
307.1351,274.8570,98.0453,80.7262
294.0259,257.7211,98.6520,78.9077
289.3779,237.6927,99.8647,76.7321
286.6846,216.2052,100.3335,76.5290
284.2891,203.4724,99.0173,82.3169
284.7219,212.5525,98.3126,80.7648
290.8730,222.3617,98.7049,81.4577
305.7295,228.9997,97.6838,82.8497
307.9156,235.0726,98.0094,84.3456
304.0717,239.4550,99.1857,83.2265
300.7675,250.2740,99.3550,83.8653
292.5187,250.6541,98.3304,85.0917
290.8396,243.5522,99.4735,83.3591
290.3307,232.0240,99.9496,81.5258
290.2788,215.2751,100.9391,82.1591
293.3303,205.2013,100.7489,83.1416
294.8156,200.3635,100.6003,83.3564
297.8070,199.9901,100.1495,83.3335
304.9576,205.3445,99.9684,81.5795
323.4280,224.4435,99.9095,80.4658
326.8870,245.7090,103.0987,77.4075
311.1757,258.1477,104.4504,77.8609
285.7107,258.4149,101.9905,80.2025
261.2380,253.3884,101.7176,80.9826
245.4113,242.1499,100.1113,84.4348
229.4088,225.2814,100.1066,83.5024
221.9724,188.1321,101.9885,84.2272
232.0641,181.0585,101.8924,83.8518
260.7231,182.1047,99.4118,84.5087
273.8378,195.0775,97.1886,85.2936
280.2325,206.7632,96.2779,84.8853
283.1938,209.4550,95.4382,83.7037
289.4706,213.2430,95.0220,82.6854
291.3344,215.6920,94.9330,82.4416
293.1861,217.8036,94.4714,82.1855
293.4572,218.4911,93.8937,82.7458
