1
759.0674,238.7634,155.6999,95.0547
753.7755,241.1679,160.0978,96.0080
752.6320,243.2574,162.3754,97.2223
751.6883,243.8792,163.1544,98.4541
751.7326,245.5254,163.6179,100.0068
752.7672,244.5686,164.4507,101.1906
751.2009,244.6222,165.9359,102.5161
752.7314,243.3952,166.7189,102.8734
753.8587,242.3906,167.5032,103.1254
755.2076,242.9268,167.4556,103.5472
758.9761,241.5390,167.2495,103.4249
762.6861,241.2132,166.0194,104.4109
763.0223,240.4787,165.7205,105.5949
766.0100,238.9286,166.4937,106.0952
769.3037,238.4453,166.6298,107.3293
767.4062,235.8428,167.7496,107.3411
768.7851,235.4680,168.1054,107.8448
770.8216,234.8822,168.3464,108.7218
771.7651,232.5436,170.6122,109.5343
772.6221,230.3854,173.1530,110.4140
774.4738,227.5097,176.1348,112.4258
776.4453,225.7046,177.7173,113.1404
777.9095,221.6481,178.3284,112.3940
781.3312,218.8424,177.8499,111.4276
782.2892,216.6503,178.5567,111.8405
786.6682,214.6670,174.7667,113.9228
791.1429,214.5519,171.2846,115.3944
792.8042,213.3333,169.5978,117.1706
797.5813,212.7732,165.8267,118.3524
800.5199,211.9733,163.5992,120.5578
808.1998,212.1597,158.7284,122.5084
810.2236,213.7050,155.2367,122.8109
812.9122,214.8969,153.0479,122.1342
814.0045,215.5532,150.1341,121.0953
814.1183,215.6337,149.4841,120.0658
814.4868,214.2770,149.6161,119.5826
812.7195,213.3871,150.9352,119.2375
813.4913,212.5473,150.3755,118.8137
813.0752,213.0151,150.9178,119.1341
811.6605,213.2273,151.0123,119.4435
813.2679,213.4070,150.2241,118.6621
812.3562,213.8736,151.0445,118.1332
812.9437,214.9205,150.6890,117.9674
812.8049,214.7087,150.9604,117.8653
812.3755,214.8580,151.4055,118.0355
813.4344,214.0235,150.3559,117.4531
816.3573,212.1932,148.2697,116.0913
818.7184,211.5061,146.3147,115.1836
821.5530,209.7244,144.0501,113.8978
823.2898,207.7431,141.6644,113.3742
827.6192,206.9137,139.1063,112.4618
829.4041,205.4624,137.5081,112.6366
831.0569,204.3153,135.9005,111.6048
830.8779,202.4469,134.7802,111.5513
832.1384,201.8645,133.7963,111.4116
832.3879,200.9857,133.3902,110.9072
831.5624,200.6767,133.0793,109.9807
832.6462,200.7195,133.4413,110.0456
832.4933,201.6276,133.5193,109.1348
834.7653,202.6048,133.3681,109.4841
833.6049,203.0733,134.0762,109.5796
832.9931,202.9717,133.7247,110.1409
832.6610,203.1153,133.9291,110.5205
832.4299,203.2563,133.7305,110.5611
832.0596,202.9616,133.8152,111.3313
832.6870,203.3703,134.6733,111.1585
831.3281,203.6081,135.6332,111.2720
830.5906,204.6466,136.2684,110.4662
830.0181,204.8148,135.7634,109.4095
830.2875,205.7788,135.5453,107.9943
830.5139,206.1090,136.4093,107.2170
831.9981,207.9161,135.8650,106.7521
832.1533,210.2478,136.1925,106.2175
832.2026,211.1510,135.4762,106.3709
832.2966,211.8220,134.8851,106.9509
831.8691,212.3482,135.1269,106.9289
833.3505,211.7114,134.7287,107.2527
832.6855,212.5108,134.6559,107.7062
832.3770,212.9330,134.0630,108.4555
831.9588,212.3276,133.7427,109.1554
831.3375,210.5374,133.3447,109.3634
833.9921,208.3996,131.7954,109.1855
835.2779,206.9747,130.8046,109.8205
836.4804,206.6909,129.6905,109.6667
838.3422,207.1738,128.4897,109.5696
838.5326,208.3198,127.5788,109.4398
838.8114,208.1043,127.2011,109.5972
838.8192,208.0262,127.5278,109.5687
839.2169,208.9764,127.4215,109.5688
837.1041,209.8055,127.9684,109.8460
838.3872,209.8233,127.6063,109.9344
837.8357,210.0482,127.8789,110.4934
835.8273,210.4706,128.6745,110.7457
834.4417,210.9090,129.3438,110.0975
833.6411,211.3149,130.0554,109.4880
833.8798,211.5410,130.6940,108.5889
832.5829,212.3818,131.4598,107.5908
832.1592,210.7309,131.9142,107.8139
833.2895,210.0429,131.2333,107.9776
834.1270,210.0317,130.7055,107.9548
834.1481,209.7796,130.7259,107.9396
833.5886,208.8399,130.9679,107.9268
834.0398,208.5994,130.0842,108.1752
834.7634,209.6243,129.6926,108.3383
833.6113,209.5404,129.7170,109.1319
833.3396,209.2018,130.0602,110.0857
833.1095,209.3809,130.0634,110.4370
832.4178,209.2928,130.3695,110.9475
832.9202,210.8019,130.2230,110.9275
833.3852,209.7767,129.8965,110.7940
832.8803,210.1077,130.2044,111.2040
833.8182,211.8729,130.0248,110.9623
833.0786,211.9523,130.5453,111.0614
833.2067,213.0332,131.1271,110.7663
831.4977,212.9140,131.7347,110.4019
831.7557,211.5311,131.5469,109.4524
829.6903,213.0812,131.7795,110.5890
830.7928,214.7811,131.9351,111.9763
829.6819,216.4497,132.1945,112.7276
828.7537,217.5835,132.5499,112.0520
829.2625,217.1982,132.7035,110.6861
829.1689,218.4773,132.6576,110.4087
828.2571,218.5216,133.3614,111.6771
828.4152,218.7891,134.1619,111.2139
830.1512,218.2867,133.5486,111.2595
828.7325,215.1065,134.2462,110.4529
828.8909,207.6684,133.8588,110.8936
830.3575,203.2165,132.9847,110.7828
830.6447,201.6508,132.4688,110.1614
831.1773,198.4091,131.5576,109.6242
834.7296,199.4088,130.4718,109.0080
833.9380,200.8390,129.4691,107.6105
833.9951,202.5268,129.6308,106.3139
832.9750,201.5945,129.8353,105.8190
833.2067,201.2071,129.8694,104.6727
832.6632,202.1840,129.9974,103.9134
833.3242,202.9372,129.7313,103.8467
832.4366,201.9934,129.1229,103.0090
834.8328,203.4801,128.2516,102.3487
834.9613,202.8428,128.5960,101.2914
834.6871,203.9774,128.5945,100.6780
833.9692,203.6576,129.0225,100.6870
833.1830,203.1944,129.3148,100.4842
834.2571,203.2451,128.9347,99.9964
833.5224,203.1538,128.4748,99.1382
833.8566,204.0880,128.1930,98.5209
837.1270,204.0193,126.8812,98.0410
837.8210,201.6442,124.4053,98.1207
837.9172,199.5714,123.3743,97.5900
836.4323,197.4108,123.7767,96.9805
835.3747,195.5592,124.4756,97.9332
832.2328,193.1277,126.6941,97.8534
832.0635,190.8648,127.9883,96.9788
831.7942,191.1757,128.7013,96.2705
830.6506,189.8847,129.3600,95.3298
828.2707,190.1875,130.4341,94.9738
827.9499,188.8157,130.9577,94.3505
827.9380,189.6732,131.3853,93.7116
827.4649,190.2723,131.9819,93.6342
828.3897,190.4008,131.9370,93.8477
827.9611,190.2672,131.5567,93.7122
827.4612,190.3665,131.3005,93.1664
828.1651,190.3721,131.3044,93.3018
827.3665,190.5515,131.7754,93.4250
827.6799,190.7556,131.7298,92.7279
826.0336,191.1772,132.3230,92.8870
824.9376,191.5706,133.0408,93.1123
828.2181,195.1175,131.4543,92.0806
832.3560,201.4034,129.7147,90.8783
830.6349,206.5699,129.4259,89.0311
829.5844,211.7770,130.2892,89.5304
826.8774,213.9631,130.6820,89.7756
826.6832,214.1144,131.6601,89.3497
825.7672,213.9998,133.1915,89.6582
825.5107,214.4690,134.9349,90.1852
823.9651,214.7926,135.6386,90.8996
824.5560,213.8559,136.4104,92.7095
825.2924,211.6902,137.0693,93.8976
823.5035,212.7554,136.4303,94.6961
825.4059,213.6091,137.1395,95.7222
824.1531,213.2415,137.8125,96.5200
814.0962,213.4467,141.9585,97.0159
809.7293,215.1967,147.7425,96.7184
803.7866,215.1719,155.7496,97.2137
799.8127,214.5091,159.8389,97.5108
796.4171,215.8779,163.4619,98.1804
795.1051,217.8569,165.7508,98.9068
792.0209,217.5072,167.2182,99.5941
789.5831,218.1347,169.5816,101.1764
790.2573,218.1490,169.8502,102.6175
788.6959,219.8651,171.8165,103.6938
778.1191,218.6810,176.7962,104.4926
769.7601,219.1460,183.0408,104.6931
763.5641,218.3384,188.5069,105.5219
758.2315,217.9155,194.3424,106.6797
752.9857,218.3665,198.9406,107.1027
749.6785,218.7816,200.9310,107.6277
749.5234,217.7729,202.4111,107.7697
750.8365,218.0229,204.2219,108.7134
749.0353,218.1219,206.7295,109.1515
747.5772,218.4012,210.0468,109.6264
746.2672,218.5637,212.1521,110.0429
750.0367,218.1136,212.3909,111.1632
747.9471,218.8677,214.5013,111.8262
749.3032,217.8329,213.6412,112.2419
750.2870,217.6857,213.6149,112.7144
753.9574,217.7959,211.6287,113.4050
753.4988,218.4875,209.6747,113.9979
755.2350,218.4606,207.9302,114.1489
756.7136,217.7837,206.7241,114.5366
758.5106,218.2689,205.1120,114.8403
758.9001,218.4999,203.6681,115.4654
758.3495,218.7733,203.3719,116.1138
759.9365,217.3981,203.7384,115.4545
756.8771,218.6793,204.4101,115.5863
755.8416,218.4473,206.3950,115.2438
748.7042,219.9655,210.5311,115.6825
746.9864,221.1467,213.5776,116.3976
744.6998,223.1081,215.3573,116.3192
742.8070,224.1019,217.7589,118.0080
740.6824,223.9387,220.5025,118.7381
739.1165,227.3900,221.9713,118.2665
740.4697,228.7055,221.8724,118.1846
741.2185,229.6571,221.9653,118.8096
741.6512,229.3484,221.2373,119.1604
741.8388,228.5333,219.3668,119.7440
742.7079,226.0523,218.5565,120.6025
741.7437,224.7469,218.2162,120.3287
738.7844,224.1497,219.8539,120.4274
737.4995,221.9512,220.5525,120.9676
736.1317,220.6076,221.0777,120.9417
732.5025,220.9328,221.9116,120.6016
731.8454,222.9590,224.4333,121.2814
729.8465,224.1327,226.0348,122.3930
731.1265,226.5852,225.8741,124.0456
730.9601,226.4094,226.8120,126.7955
728.0223,224.7709,225.8105,128.6805
732.4740,223.9421,224.6371,131.7232
731.9964,225.2999,226.8815,131.2656
732.2373,221.3976,226.7653,134.5677
730.1963,214.1602,230.3163,138.0504
725.6789,209.1286,233.9723,139.1774
719.9582,209.0192,240.0723,137.2290
713.3570,201.5269,243.7164,141.5546
713.5693,195.2299,247.6671,147.4296
720.5598,192.6266,245.8853,147.0920
704.2959,189.1973,251.6031,147.8709
702.2373,185.0387,258.2067,143.3155
2
0
0
0
0
1
425.6585,202.0978,146.3264,96.6042
422.5686,201.4681,146.7267,97.9189
420.8224,199.9648,147.0125,98.9683
419.2233,198.0407,148.9085,100.4309
419.3046,195.4995,149.3376,100.6819
418.8627,196.2281,150.9146,101.6868
418.0998,195.9377,152.6490,102.0757
418.5303,196.4620,153.3755,103.2770
418.4840,197.8649,154.5573,103.7913
419.4564,199.9698,154.8025,103.5518
417.9592,199.5526,155.5731,104.5663
418.2979,199.1339,155.2699,105.0292
416.8468,199.6238,156.1526,105.8084
409.4993,202.1504,161.5604,105.9684
407.1758,203.7185,162.7220,106.5757
406.1961,204.8295,163.2173,109.1106
406.4598,205.9773,163.5176,109.6364
404.9806,206.5863,163.5869,111.3881
402.0086,205.9901,163.9946,111.9716
400.0868,205.9097,164.0165,113.1004
399.4080,204.3391,164.4955,113.7094
397.2558,204.3949,165.9259,115.1633
394.5131,205.4560,167.2240,116.3732
391.7462,202.9442,169.3961,118.5308
390.4493,200.5810,169.3555,119.3497
389.8185,199.1999,170.1198,120.5935
390.4978,197.1059,170.2324,119.9676
389.7036,195.1226,170.1056,119.5020
391.0135,195.4620,167.9937,119.8763
393.4586,197.1490,166.1369,122.2481
394.2757,200.0345,163.7621,124.7568
395.2070,200.1181,161.3691,125.3964
395.9043,200.4506,158.4317,126.3252
396.0918,201.5756,156.4904,127.7624
395.6402,201.6638,154.6987,129.6264
395.2216,201.3656,155.2056,130.3092
394.0341,201.5868,154.5966,131.4783
393.6749,202.6104,155.2630,132.6381
391.5650,206.0384,154.4830,131.4307
392.4571,208.2562,155.0267,130.9296
391.0745,209.5124,154.7843,131.5284
388.2068,210.6013,153.8622,131.5816
385.8098,212.3342,152.9186,130.9520
383.0779,214.8423,151.6558,129.8611
382.8503,216.6743,144.7279,134.2127
384.5146,217.1075,139.0918,139.4127
383.4267,215.7447,135.0844,142.9939
382.8360,213.1563,132.6604,144.7892
381.2559,208.1069,129.9912,145.4581
382.5512,208.8555,128.5580,144.9676
382.9175,211.4657,129.0060,143.8968
383.0152,213.8226,129.0004,141.3509
381.6489,215.8654,128.9715,139.7717
381.5000,215.2253,128.3771,139.1984
380.7703,216.7492,127.6917,137.7050
380.3329,216.5590,127.8398,136.7976
380.6228,217.2870,126.9776,135.0285
379.2807,217.4067,126.3407,134.3479
379.4572,217.4011,125.6489,132.4939
378.5529,218.3589,126.5118,129.2802
378.1937,216.9120,126.9370,127.1119
375.9373,217.7861,126.7946,126.3523
374.2522,219.8324,127.1133,126.1243
374.7387,219.4879,127.5764,126.4410
374.0228,217.2693,128.1751,126.3396
373.2503,217.0732,127.7758,126.3906
371.1061,216.1677,126.8671,125.1197
371.4582,217.3869,126.3303,126.2438
372.6022,212.7381,125.4838,128.4544
373.1927,215.8817,124.2812,128.6387
375.0841,215.5881,125.1911,127.6974
376.1738,214.8645,125.2390,127.8697
377.1762,212.8499,125.5891,126.7423
364.9348,212.8028,135.1854,123.9363
364.9270,216.5102,139.7188,119.3962
363.0511,217.5323,144.2798,116.0815
359.5646,218.3271,148.7677,114.3480
356.8282,218.1343,150.5186,114.1457
352.8664,218.0416,151.2588,115.8238
350.8105,217.4945,152.9803,116.9236
350.2252,217.2900,153.2213,117.2696
351.2583,217.3437,153.8071,117.4500
349.3839,216.0973,155.2848,118.3616
345.2642,215.8882,154.8088,118.5372
349.3738,217.7200,154.7216,118.0581
353.5381,218.2743,154.5594,118.3683
353.6051,218.4759,154.4495,117.8733
351.0540,218.0152,156.1826,117.3810
348.8006,217.5552,155.8154,119.3257
349.5463,216.9672,154.7538,119.2620
351.6414,215.8318,154.1790,120.0378
351.6647,215.9557,154.4184,120.7366
350.5469,215.5591,154.8565,122.3421
350.2222,214.3263,154.6699,123.6257
346.5332,213.5711,155.8582,124.0301
341.6287,213.4302,159.4143,123.6722
341.1054,214.1468,160.3301,123.0015
337.6909,213.9859,163.1516,123.1160
335.7582,211.8257,164.4697,123.0667
334.9535,212.0916,164.5568,122.4492
331.8574,212.5115,164.8069,124.5157
330.1494,213.0460,166.5774,125.1368
328.3227,211.2226,168.4324,126.1849
326.8353,209.0602,167.4788,126.4225
326.1003,210.2699,168.7462,126.6320
327.1088,209.5889,169.1387,125.6625
325.5028,208.0148,168.7334,125.8142
323.2882,210.8235,171.2103,125.8265
323.1817,212.7504,173.6403,124.2684
320.6070,215.7810,176.8991,122.9103
318.6759,216.6738,179.1249,122.1881
317.4306,220.9259,180.4757,121.5141
313.8947,221.6595,181.1306,121.7572
310.2763,222.7591,181.5807,121.9523
305.3266,222.9871,182.7725,122.9721
297.2019,222.1174,184.3017,124.7198
293.5285,222.5857,183.7647,125.4046
286.0900,222.0472,184.2551,127.0596
279.2211,222.0383,187.0166,126.9615
270.4804,223.3245,189.0621,126.6925
264.9825,222.6319,191.7227,127.3019
260.7485,225.5698,193.3837,126.7000
260.2280,225.6750,191.2325,125.8352
257.2643,225.4325,191.5089,124.5947
256.0476,225.4338,191.3472,124.2332
256.5216,226.1179,191.2411,123.4912
254.4365,225.5063,191.4037,123.7221
253.2169,225.6259,190.5302,123.2701
250.3093,224.6934,188.8691,123.9121
249.7678,224.4360,186.8945,123.6235
247.7361,224.6039,186.2119,123.3344
247.3495,225.2972,185.4901,122.7658
245.5964,226.4708,185.8038,121.6962
243.6925,226.6000,185.6467,119.5899
239.8698,225.7630,187.6937,119.7376
237.6529,225.0978,188.6723,118.1508
233.8932,223.6433,192.1920,116.4061
229.0851,224.6213,194.8776,115.0499
217.7228,226.2709,197.7458,113.1438
208.0065,227.5613,204.5545,111.7570
199.3129,230.2993,210.9954,111.4926
187.0435,232.8497,216.2191,112.7154
176.7919,235.1267,220.7929,114.9238
166.6443,236.4040,225.0635,116.5892
156.6026,234.4978,229.2051,118.7924
152.9330,233.8987,231.2349,120.5622
154.8573,233.5136,232.8290,121.4132
148.6438,234.3981,233.8294,122.1169
141.2272,235.5482,235.2042,123.7521
134.4495,233.0308,236.7603,125.1509
127.5215,232.2491,238.8741,124.1700
123.8930,233.1590,239.2014,126.7130
121.9721,233.5762,239.5672,128.3853
120.1864,231.8208,242.1848,130.1264
116.3688,229.0243,244.7784,131.6770
112.9184,227.7168,247.0835,132.5052
107.5223,227.7543,252.5392,134.3697
104.4310,229.2879,253.0999,134.3971
106.5273,229.8507,252.7651,133.3887
108.1926,230.2779,251.1003,132.8770
103.9687,232.1113,249.5158,132.1669
102.5594,231.6914,248.1276,131.5733
96.8730,231.0905,249.8939,133.6879
92.5826,230.9113,251.6696,133.4329
97.0810,230.0687,252.4257,136.5262
92.3680,227.6936,255.6359,136.7363
92.7974,226.1012,254.5357,139.9035
95.3247,224.9237,252.6391,141.5852
89.7432,223.5737,255.3458,140.6441
89.7452,224.6930,254.7710,141.6128
88.1062,223.9000,254.3919,142.5221
83.7815,223.2200,257.8268,143.2207
77.5065,222.1734,262.6424,143.2329
73.9312,221.5593,265.2898,144.0791
72.2549,218.4368,268.1370,144.1711
69.0505,217.2949,274.3499,144.7624
70.6178,217.4331,279.8163,144.5875
71.8756,216.7648,281.0391,145.2755
67.0013,216.1769,284.1273,145.9319
64.5280,217.1034,285.2541,147.2452
67.5882,217.2357,284.9284,147.7033
67.6272,216.5100,285.3123,147.9111
70.0140,217.4347,285.0454,148.5559
69.5650,218.6396,285.9093,145.5978
68.1939,222.4137,286.1279,146.7769
59.3418,222.7570,287.9063,147.5942
51.8329,220.7890,290.8548,148.1111
45.4908,221.5426,294.0961,148.4160
40.1615,221.2316,294.6880,149.6233
36.5433,220.3521,293.6653,151.4381
30.2017,220.8490,294.8749,152.5756
29.8842,219.3826,291.7087,154.1516
29.7560,220.1810,290.2145,154.7168
30.4645,220.7440,289.5468,155.2880
29.6032,223.7694,288.7791,155.2271
29.1271,224.9937,288.3015,156.0360
33.7693,224.4902,286.3895,156.0435
42.3370,225.6902,284.9720,152.2743
48.6350,227.5781,285.4860,149.2234
55.7834,228.0732,285.7802,148.0327
60.9535,229.5726,281.9050,147.3466
64.5032,230.3977,278.3173,146.9949
67.4566,230.5891,275.5339,146.9638
69.4709,230.2924,273.3161,146.3695
72.6525,229.5522,270.9812,145.4927
74.6952,230.5099,270.0686,144.6485
75.6105,229.9693,270.8356,144.2690
77.0663,228.0384,268.8227,143.3594
76.4949,226.0084,267.8802,142.6571
78.9517,226.7166,266.6970,143.8335
78.8299,225.8534,264.7372,143.3104
78.5470,224.8637,263.4678,143.3157
79.0863,225.2328,260.8146,143.1801
79.2022,225.6387,259.3438,142.3253
78.5810,225.9492,259.6108,142.4960
78.4239,226.9841,260.3359,141.6888
79.7380,227.6045,259.0478,141.3401
77.5635,227.9409,258.5407,140.9981
67.6333,227.8971,259.3765,140.3593
55.1951,228.5933,263.6340,141.0125
49.3390,227.8163,264.6692,142.7238
47.6686,228.6590,267.5641,143.2000
42.2102,227.9074,272.1667,143.5332
32.6432,226.1861,278.7548,143.9712
26.5144,225.1615,283.1513,144.6520
18.8415,225.2163,286.1353,145.0557
12.7825,224.2167,291.4818,147.4268
7.9424,221.2452,297.4483,150.4327
9.5996,219.4134,300.6098,153.2856
9.3524,217.6059,302.2204,157.0147
11.3191,215.4529,303.4046,160.6425
9.8428,215.2486,307.2552,162.7928
9.5297,216.3332,309.5601,163.4492
10.1115,214.3003,313.9091,166.0247
8.0396,212.8679,317.7121,168.2604
8.6014,211.0660,317.3868,170.7175
7.9202,208.9880,317.6531,172.7315
8.1785,207.3100,318.0204,175.4335
8.0415,205.0718,318.3852,176.0028
6.1409,203.4954,321.2556,177.1240
6.5869,203.0860,322.0261,177.4650
6.1222,203.1081,323.7425,177.7014
4.9014,204.9630,324.5271,178.6275
7.8020,203.1109,326.0285,179.6740
5.9509,202.5514,329.6640,180.7824
5.5755,203.7915,329.2259,180.8503
6.2843,204.3532,331.5859,182.2120
4.9633,202.4066,332.4228,183.4530
2.1487,198.1758,334.7600,185.9782
-1.8898,193.8909,334.5173,188.5366
-3.0649,192.7509,334.7772,189.4566
-5.5203,191.8790,336.6599,190.3834
-6.2064,194.4461,339.6297,190.3661
-6.6079,198.5329,339.6935,190.1604
-8.1953,198.5437,337.3881,191.6232
-4.7648,200.4315,334.1765,192.6116
-4.1592,199.1133,335.3887,192.7793
-4.5984,200.5044,334.7076,192.7915
-3.3549,199.1957,333.8720,193.0417
-2.0852,197.0837,333.1010,194.2068
-3.4800,194.0133,331.9510,194.8152
-2.0848,190.6585,332.5204,195.9177
-2.7327,185.8763,332.8400,197.0453
-0.3584,182.1572,331.9922,196.4897
-3.1645,178.6187,334.8230,198.9601
-1.1270,175.7057,336.3220,199.0429
-2.1138,174.8305,336.0683,199.2883
-1.8507,174.0093,337.9436,198.9327
1.2075,174.6857,340.1525,198.3671
-1.1899,175.3799,342.1881,197.5687
-2.6513,173.2786,343.1153,198.3806
-1.8154,176.1140,344.3407,198.8727
-3.9656,176.1362,344.7329,199.2691
-4.8716,175.4037,342.2162,199.9636
-4.9847,173.5788,341.1512,202.0574
-1.8409,173.4570,338.5363,202.3915
-4.0957,171.3894,338.1095,203.1582
0.0898,174.6575,337.2036,202.7622
-1.0023,173.7925,337.6524,201.4070
-1.1048,173.2134,339.8883,201.5747
-1.9492,173.9482,338.7151,201.6658
-2.9041,173.8430,341.1000,202.3744
-3.0428,172.7267,340.6107,202.0582
1.3108,172.5030,339.6264,201.7430
10.4580,171.7764,336.2390,202.3080
10.7144,167.0787,334.1153,202.7514
12.2430,169.6107,334.6873,200.5911
11.1264,167.7102,331.8911,202.0918
12.6937,167.7223,329.0673,201.9676
10.5521,165.5948,327.4379,202.3867
11.8666,167.9250,327.0175,202.7018
12.7307,166.7319,325.7100,203.3453
13.7312,170.4755,323.5132,199.7706
11.2780,168.9958,320.2465,200.9065
14.7722,169.7979,318.1655,201.0829
14.3878,168.6893,317.1084,202.2304
14.1073,168.1489,319.0428,201.3953
15.7677,168.9609,317.2537,201.1190
14.5992,167.8847,317.5231,201.7505
17.6243,167.9732,316.4659,203.0489
15.2508,167.8039,315.4142,202.0309
17.1666,168.0663,315.4714,202.8085
16.0410,168.2310,312.5173,202.5340
21.1767,171.0770,311.2376,200.1793
33.2212,183.0613,303.6791,196.1267
36.9477,191.5417,297.5239,191.4932
43.6295,201.1236,294.4273,186.9757
47.0180,209.2560,292.1822,183.6562
49.6303,211.8305,290.4118,180.7118
50.7950,213.1002,289.4563,176.9641
51.9171,214.1305,288.0170,174.2595
53.7169,215.4435,285.4781,172.1753
56.4038,216.2291,285.3980,169.2543
59.8908,217.0113,281.3027,168.5217
62.5346,216.3846,279.6998,166.6625
64.2842,217.1481,278.0091,163.6874
66.5353,218.2682,276.3087,161.1293
65.7459,217.9451,276.2900,159.8947
65.7655,219.4052,273.8541,159.1288
68.8600,219.9521,271.0268,159.7235
67.9476,220.1586,269.0798,161.0703
70.7264,218.9202,268.6461,160.1284
69.5035,218.2547,268.7366,161.9280
71.6236,218.5625,267.4373,161.4571
71.2366,219.5091,267.6565,161.6890
71.4416,219.7811,267.0927,161.1007
71.6601,220.6506,266.9716,160.8647
72.8184,222.3508,264.5465,158.2344
72.7845,221.1134,262.9054,157.4483
73.5692,220.6075,265.8557,155.9191
72.4485,220.7735,270.0219,155.9121
70.3722,220.4578,273.0015,154.9101
69.4445,219.9252,274.5053,154.8397
69.4738,218.4758,273.8559,155.4276
70.2932,218.0668,273.6458,154.6789
67.0858,217.6291,275.2525,154.7306
65.6534,217.7316,274.2892,153.4892
65.1748,217.1631,273.4999,152.8640
62.8222,215.0974,274.1128,152.8997
59.7504,215.4397,278.5606,152.6058
58.1034,216.4796,279.0136,152.8593
55.1312,215.5798,280.9557,151.6092
53.9920,215.7892,280.3351,152.3415
52.9027,217.3960,280.8228,152.1727
54.7701,219.3759,281.1181,151.4368
60.0778,220.2741,282.4122,152.5167
60.8350,219.5681,283.5763,154.2306
59.0817,219.9781,281.4893,155.3349
60.2198,220.2451,282.3817,154.9431
59.1133,221.9811,284.0099,154.4109
57.6086,223.1022,285.8564,154.5186
60.5300,221.2110,285.9025,154.8374
59.2729,221.6742,287.1327,155.8493
56.6513,221.5022,287.7366,155.8661
57.9480,222.4211,290.5899,156.0124
60.4931,222.0009,289.7776,156.2079
58.7086,221.5869,291.6314,156.2535
56.2327,220.2557,291.2258,157.2800
54.4376,221.4721,293.6980,157.5793
54.0918,221.5808,293.9729,157.9962
54.5852,221.6874,293.8129,158.4460
53.2877,222.8913,293.7808,159.3150
55.6692,220.3433,292.8896,159.7858
57.0658,221.4903,292.3061,159.9842
58.2108,220.9073,292.6305,159.5314
58.4389,221.6646,291.0107,159.5465
59.5686,222.8399,289.9226,159.2587
61.7589,220.7518,288.4103,159.1264
57.2247,220.3387,289.3339,159.0201
58.9873,223.2045,288.7075,157.6483
55.9865,223.6328,286.9617,157.9974
57.1008,224.1832,283.1057,156.6086
57.2056,224.8327,281.6870,155.4035
58.1684,225.3394,279.6540,155.6098
61.7436,225.4928,276.9022,155.4511
60.3114,224.9887,276.8633,154.1989
59.8683,225.6804,275.4752,153.3271
62.2597,226.2898,275.5758,152.8713
63.6426,225.6197,274.7554,152.1633
65.2441,224.9460,275.5493,150.4740
65.6917,224.9751,276.5009,149.0641
62.4161,225.2480,274.8378,149.7411
63.7127,225.7071,274.1828,147.4913
62.5342,223.2791,275.1246,146.9496
57.5297,222.5860,272.8512,147.0499
51.7862,223.6143,272.3613,144.8972
49.7655,223.4405,271.1705,144.5756
43.3267,223.7627,271.4585,143.6387
40.2612,223.8295,271.3315,142.6449
33.6671,223.3314,273.2892,141.8284
38.5036,225.5117,274.0963,141.2639
35.2136,225.5202,276.1976,142.9863
32.6146,227.2733,276.8026,142.3775
22.3603,226.3997,281.0887,141.0090
22.4784,227.5282,278.4356,139.6928
24.3052,229.9176,276.2833,136.2974
27.6539,232.4904,276.1526,134.3229
32.7985,234.7229,281.0745,132.0659
34.6951,234.0087,284.7543,129.6108
36.1824,235.8301,288.1689,129.2176
30.3820,238.8743,291.1889,129.0232
27.0605,238.9518,291.6601,129.5904
27.4869,239.7682,293.0661,129.7843
30.1438,239.7269,292.8220,130.7931
31.3550,240.4924,294.9689,130.8839
27.8579,239.3305,296.8382,130.0859
25.0874,240.4531,301.0652,129.7600
25.7687,239.7134,303.3912,130.1191
30.3305,238.9384,303.8226,130.6134
33.5635,240.7551,304.3146,131.5803
35.7780,239.6354,304.1935,132.7313
29.8789,235.8395,303.9304,133.1139
27.8243,236.5126,305.9547,133.0700
32.4777,235.9194,306.4883,134.0566
33.8656,234.6283,306.5305,134.5526
36.7096,233.3502,307.5089,134.9782
40.3388,231.2973,307.3754,136.0547
35.8848,229.3359,306.4858,136.5212
40.9447,229.4929,304.8984,136.3844
38.2984,230.7549,304.2548,137.0681
43.4636,229.7947,301.9403,137.7264
46.6329,229.8416,298.9856,139.0797
44.8935,228.3248,298.3584,141.0247
47.2141,227.0106,296.4976,141.6702
46.2733,226.0713,296.3614,142.8578
48.0992,224.0914,295.1037,142.7249
45.5559,223.1433,296.3176,143.0740
45.2364,220.7515,297.9663,143.0892
46.8192,219.9303,297.1800,142.1006
47.4817,222.0449,297.8371,140.7205
45.9354,221.2876,302.1099,139.2582
52.0095,222.7064,304.9005,137.9162
53.8329,220.3432,308.8674,138.2151
50.7811,220.8018,309.4678,138.8424
54.9783,220.0406,310.6879,139.2072
58.9544,223.0006,308.2869,139.6706
71.9222,225.7298,301.6785,139.3944
82.7399,226.0912,294.2935,140.0417
95.4925,225.2913,288.2718,139.2929
101.8094,225.6284,286.0278,138.7370
115.4142,224.5737,285.6489,138.2010
122.3117,221.9739,284.5926,137.5607
124.5033,221.3559,285.0226,137.1745
122.4732,221.3375,286.8890,137.9086
126.9722,221.7205,286.1905,137.5252
130.6879,223.1249,284.1535,136.4525
132.5327,222.2499,283.3468,136.2508
132.7847,221.9462,282.9972,136.0545
132.4833,221.6248,281.8205,136.0373
135.6421,221.1430,280.4385,135.1482
147.1362,219.7991,282.4283,139.4391
149.0995,217.7342,281.4783,140.5246
149.8042,217.0493,281.0307,142.5510
152.0051,215.6334,280.6464,144.7292
153.5874,214.9438,281.2820,145.4511
153.1631,215.2657,283.7509,146.9074
151.2560,214.0150,284.9433,147.3058
150.1776,211.8327,286.6011,147.1179
154.3190,212.5898,285.8022,147.1456
153.3740,212.8685,287.4955,146.7417
155.6390,212.5777,286.3134,146.3587
155.5852,212.2569,286.3362,145.7749
159.1898,211.9989,285.5273,145.2227
160.3290,211.3046,285.2177,145.0170
161.3143,210.4346,286.5751,144.7714
163.1246,213.8310,283.8196,145.2115
165.6979,212.5388,284.4933,144.4484
167.6151,211.5039,284.9658,144.5449
171.8878,208.2159,285.8658,144.4017
175.1097,207.0922,285.0527,145.0018
177.0295,207.0172,284.0845,145.4592
177.6783,206.3701,283.6186,144.9945
179.1412,205.5522,283.2703,144.4980
181.9928,204.6398,283.8466,143.7420
181.2802,205.6899,283.9054,143.9258
179.1574,204.2530,282.5245,143.0582
183.3614,204.3925,280.4835,141.7755
185.4680,203.3669,279.8604,140.7698
184.4547,203.6807,278.4014,141.6377
185.2923,204.0395,278.8449,140.6872
190.8616,203.0109,281.7538,141.4934
195.8979,202.1975,282.2556,140.8535
199.1263,202.7562,281.5130,141.1715
201.3009,202.7786,282.8454,140.9012
199.5279,203.3102,283.8821,141.0032
203.7316,203.3224,285.7207,140.5248
204.6089,201.3511,285.9970,139.8288
203.3870,202.6562,285.5783,138.7265
203.5210,201.9510,283.6053,137.9459
201.2624,202.7894,282.1142,138.7183
203.9685,200.5930,281.8924,139.3400
204.9586,200.3173,282.9662,138.5277
206.8220,201.5381,282.4277,137.9718
205.7656,201.4227,281.1433,137.3876
206.8232,202.0647,280.5015,136.9669
207.5501,203.0072,281.3483,137.5363
208.5567,204.1499,282.6828,137.9164
208.1544,202.0936,282.4117,138.1493
208.6619,202.9605,281.0325,138.0975
208.2736,203.2820,279.6940,139.2577
208.6413,203.8945,278.1018,140.6177
206.3021,202.4310,276.8408,141.8416
209.0905,202.1325,277.0095,142.5726
208.1378,200.9138,276.3286,143.2560
206.8896,202.0197,277.1178,143.3207
208.6681,199.7850,278.6548,142.9028
210.9832,199.9987,281.2814,142.4083
210.8719,197.9003,282.1900,142.3073
209.9209,196.8171,283.1538,142.5969
211.0243,197.1110,285.0846,142.7629
210.0880,196.9321,286.6260,143.5127
209.9660,196.5665,288.7603,143.6868
208.9614,198.1422,290.4024,143.6516
207.1943,196.9678,291.7103,144.5313
206.7962,197.5796,293.0182,143.4619
207.2668,197.7884,293.7662,142.9781
206.0426,196.9763,295.9987,143.7596
207.6372,196.6541,297.2318,144.3761
207.8514,195.6376,297.0145,145.9620
209.7190,195.1971,297.5151,148.0610
208.0024,195.1846,298.1269,149.5735
206.8902,192.7670,299.5171,151.0264
205.5919,192.7224,300.0792,151.6032
202.2149,191.5406,298.9277,152.4610
205.6061,191.5299,299.8455,152.3813
202.8260,190.5351,301.5244,153.2639
199.9280,189.0156,301.4632,153.7880
200.5934,187.1626,301.6548,154.0791
200.2610,187.2445,301.2480,153.8923
198.9599,188.9205,302.5625,152.9936
200.3149,190.5533,303.4129,152.4024
203.3759,190.7554,303.5912,153.9389
205.1889,190.4879,305.4019,155.1213
202.1429,190.7372,305.3360,155.0944
202.9389,190.7259,305.9066,155.3915
203.0459,190.4440,305.4308,155.6512
203.9788,189.6123,305.2370,155.7309
205.4412,188.5841,303.3377,156.4381
207.3443,187.1376,302.2317,156.4367
206.0593,190.2311,302.3460,155.6566
208.2139,189.9681,303.8124,155.2274
205.1224,191.4600,305.7036,154.8640
211.4734,187.9702,306.9600,154.8617
213.1364,188.8373,307.6326,154.6796
213.5248,187.5980,309.3094,155.5576
215.1676,188.7816,309.6701,155.1340
216.5675,186.6990,311.5152,154.4396
213.3559,189.6392,312.5882,154.1566
213.7294,185.7203,312.1926,153.8149
213.4443,187.7405,312.0569,153.9363
211.2648,190.6725,310.5753,152.7911
211.6828,192.4584,312.6705,151.9851
214.6750,192.2963,312.8830,152.3731
214.8078,190.1677,316.0304,153.3873
214.9017,188.6186,315.4187,152.7809
210.3187,187.6839,311.6740,152.1546
203.6252,181.1929,307.2722,154.6948
204.6264,175.2538,302.5128,155.6084
199.3842,172.2947,299.8870,156.5343
199.8170,169.3561,299.6364,157.5520
200.0770,169.7109,299.7347,157.8688
202.2631,170.8358,300.0533,158.1073
202.0547,168.0810,299.7701,158.2071
203.1697,167.8103,300.2404,157.5542
201.3878,168.0542,300.0302,157.1113
204.5761,168.4195,300.8300,157.4486
203.5948,170.5378,297.0101,156.6724
201.7614,170.1659,296.0378,156.5456
200.6652,170.0203,296.0528,157.0267
198.6526,168.7120,296.0841,157.7247
201.5727,167.3051,296.2221,158.3880
196.6258,166.3341,295.4206,158.0404
196.6315,166.4357,295.5815,158.4511
195.7442,166.3330,295.3253,158.6187
192.9793,167.0078,295.7365,158.8376
190.5957,166.3182,296.7289,159.6088
189.8514,166.1232,296.9998,159.9897
191.5639,165.1965,296.6464,160.0218
192.6735,163.6062,296.7745,160.1755
192.6133,163.4945,297.6222,160.5477
193.9239,163.5248,298.3206,161.3668
194.5799,164.2057,298.8903,161.4494
193.5116,166.4877,300.0804,161.5546
197.2491,167.3239,300.1616,162.5592
198.9467,168.1747,300.5931,162.8580
198.4562,167.1596,300.4335,161.9690
196.5587,166.3436,302.4657,162.3255
197.6360,165.9710,302.8470,162.7043
197.2964,164.8770,303.8968,162.7679
196.0527,166.7679,303.9091,162.8485
192.3353,166.0385,304.0474,162.8453
195.1232,166.1811,304.1659,164.5084
194.4018,166.8374,304.1277,164.5470
196.7283,166.8863,304.3191,164.6037
199.1412,166.9064,305.2510,164.1310
199.4584,166.7064,306.3407,163.9143
196.5235,166.3977,307.3840,163.9415
200.2031,164.8697,306.9330,163.8179
196.6169,164.6814,306.4203,164.0160
199.5249,164.0419,305.9583,163.9028
198.4545,163.7290,305.3880,163.4771
199.5994,164.2731,306.5211,164.1784
199.8743,163.9608,305.6010,163.9307
199.7892,165.6697,305.3316,163.0413
200.8213,163.7994,305.0850,163.2728
201.6545,163.7028,305.1028,163.1487
200.7818,164.5662,305.8297,163.9878
197.7554,163.9038,305.9706,163.7172
199.7826,165.0678,305.1445,163.8165
200.0592,163.7605,304.6045,163.7001
197.1905,163.3438,305.0886,164.0850
198.2311,165.5036,303.6915,163.7773
199.7667,162.9024,303.4436,163.8121
196.7468,163.7076,304.1954,163.8853
194.8350,164.6911,304.0653,164.4290
198.0284,165.2333,303.6360,164.7589
204.2013,163.1415,303.8663,165.0375
197.5445,162.9651,305.2147,164.9563
197.5410,161.4108,305.1293,165.4973
197.0985,160.9281,304.6436,165.1501
198.6917,160.0027,303.8159,165.0804
195.9913,160.2950,303.9132,163.9012
192.9165,162.9489,304.1736,163.7330
188.6539,163.0771,304.1333,163.6906
188.5537,162.3455,304.7293,164.1241
185.5950,162.0027,306.4878,164.9958
190.8038,160.6178,306.2908,165.5257
189.4403,161.1225,305.8599,164.8919
190.1377,160.8271,306.7699,165.7045
191.8404,162.3715,306.4313,165.2103
192.2096,161.7241,305.6085,165.2395
189.3680,161.8144,305.4772,165.1071
188.9809,161.3646,305.2787,164.9660
192.6998,160.7529,303.8170,164.3387
198.5651,160.6736,303.0592,163.9328
199.0228,161.6087,303.3886,163.4301
198.0778,167.1103,303.0468,161.5161
203.1109,173.0475,303.2990,161.1652
205.6516,177.0345,304.0327,160.0503
204.5919,180.0076,303.5674,158.8866
207.1954,182.2149,303.0415,158.5902
210.7878,182.1397,302.1589,158.0240
211.7174,182.4950,301.3122,157.3943
212.8358,182.6717,299.5332,157.1117
214.3596,182.7128,297.2133,156.5850
216.0609,183.4946,295.5369,156.1648
216.8766,183.1846,294.4850,155.6263
218.1918,184.0005,293.0512,154.2701
218.4588,184.3400,293.2390,154.2843
221.7022,186.3394,291.9927,153.4785
225.3012,189.3685,293.0874,152.6308
235.1872,195.5286,294.3882,151.6212
237.4693,199.8829,295.6338,151.6776
238.8596,202.9573,295.0725,149.9872
240.8276,202.0031,295.2530,149.4247
240.9515,201.4719,295.9927,148.5887
242.6113,199.0524,295.9854,149.2470
242.3952,201.0209,295.8112,148.0025
243.5968,199.2088,295.6766,148.5854
245.0168,199.9586,296.5672,148.6042
247.9958,200.6432,295.5871,148.9978
254.4189,193.0250,292.2388,151.9085
253.8703,195.7714,289.3851,151.4935
253.6763,201.6151,289.6112,151.3219
255.4568,202.2399,288.0956,149.5863
257.2590,202.0484,287.2271,149.1193
259.4253,202.6073,285.8921,148.2617
263.5033,203.6185,285.2703,147.2356
268.6085,203.7109,285.7636,146.5551
273.6812,203.8596,289.3045,145.8545
279.9878,203.8271,294.5607,146.3867
287.1129,202.5926,298.2191,146.6511
290.8488,200.2220,304.4955,146.5974
290.7787,199.6989,306.3265,147.1063
293.9232,198.4660,307.3473,147.3443
297.9620,197.6089,309.1525,147.7700
302.7975,196.7636,310.0487,149.1042
310.5513,192.8651,313.8973,151.1109
316.0943,191.9412,315.5946,151.6912
322.4737,191.4956,318.1103,152.8735
330.1540,190.1734,323.2453,154.1232
336.5275,189.4512,327.7359,154.3777
342.9732,186.9629,336.6606,155.2628
349.1418,185.5470,342.6591,157.0944
355.1620,179.0323,349.8111,158.6147
364.9638,174.9819,354.1470,158.9418
375.2291,172.7175,357.0446,159.9004
379.2184,170.1714,363.9133,161.8541
391.1136,169.2211,366.8051,164.1194
399.6039,169.2181,367.3555,168.3518
405.3625,174.0459,367.2856,175.0067
409.3118,178.4683,366.0704,181.7784
421.0035,181.1668,359.1015,186.1235
425.2219,183.1215,355.0402,188.4895
430.7631,181.9693,349.8829,189.2447
434.2385,181.1223,347.4784,190.6679
440.6261,181.7199,345.2581,190.2158
448.8287,183.4607,341.2363,188.8316
453.6890,184.5728,338.9571,188.3513
455.0125,185.1135,338.1116,188.2321
456.6617,185.0990,338.2088,188.2366
457.3898,184.7233,338.3837,188.2456
458.5554,184.5152,338.9045,188.3962
461.9577,184.6180,339.6329,188.3486
466.3647,185.2035,341.1336,188.6973
469.0725,185.0081,343.7043,189.1635
472.3315,184.7041,345.4362,189.1978
470.3174,184.7401,347.4258,189.8878
470.7003,183.4753,351.2058,190.9057
473.8470,182.6095,355.2350,190.9344
471.8814,184.1156,360.3105,190.6849
473.6727,185.1348,367.5603,190.6100
468.2212,185.8102,374.8450,192.1053
468.7773,186.2850,379.5211,192.8258
466.9305,185.9284,384.2008,195.1456
469.3027,186.2583,385.9670,197.2537
468.7920,186.5405,387.5600,198.8074
471.0556,184.1459,390.0912,199.4257
473.2507,184.6050,394.0878,199.6816
477.1175,182.9694,398.9704,199.6374
477.0256,182.8637,400.4104,201.0808
478.1102,183.8387,405.0162,203.1183
479.1636,180.8785,411.1229,203.8871
484.7225,184.2316,413.2144,203.5002
485.0894,184.7912,422.0963,204.4732
490.0515,185.7170,429.4680,206.6147
496.7598,185.1489,431.0948,209.4137
509.5898,186.3528,431.0511,210.6766
512.7191,184.1234,430.3098,213.1796
513.8065,185.8929,429.5603,213.6382
509.2087,185.3669,426.3466,214.9383
503.7904,185.4809,426.4964,214.6498
502.2323,184.1484,429.6971,214.8520
505.4628,184.1961,431.8561,215.9183
505.0609,184.6666,433.7964,217.2104
503.5168,184.5373,440.2823,218.0749
505.1534,187.0441,445.8112,217.5409
508.1150,187.8642,451.4969,218.5396
513.9061,189.1448,447.0337,219.3875
518.0820,191.6939,445.4964,220.5469
519.1720,190.1624,440.6020,221.0281
520.6335,191.2102,440.7365,220.6047
517.4034,190.5684,436.0531,220.2719
521.4825,191.3218,437.0630,219.9963
