1
650.0992,272.1410,27.4876,136.6794
648.7931,274.0301,30.4329,136.7258
648.3536,277.4374,33.4329,134.2545
647.8598,279.1719,35.8565,132.4806
643.9725,284.0925,37.7778,130.9758
638.0594,288.8297,38.9681,129.5617
634.9454,288.3988,41.3896,130.5176
636.2084,286.3560,42.3444,133.3135
636.9954,286.8688,43.0702,135.4056
635.0004,287.3517,44.1623,136.6753
631.2623,288.8307,45.1493,138.1486
627.6521,295.8548,43.7584,139.4327
625.1866,303.9471,42.4694,140.5545
620.9571,310.5182,42.2943,140.8961
617.8967,311.4596,42.1376,141.3466
618.1942,312.8466,40.7149,140.3336
623.1334,309.9890,40.5139,139.7145
628.5933,305.1649,40.2508,139.9087
631.6193,299.4161,39.9640,139.6788
630.5551,302.0641,39.8118,137.7433
626.0712,303.7204,40.7312,135.7352
626.2256,304.3419,40.8906,134.8836
632.9053,302.8656,41.5054,133.1822
638.1039,300.1034,40.7200,135.8764
638.2950,298.3649,42.0032,135.7669
638.4508,297.0164,43.0624,136.2018
640.0703,295.9213,43.3332,135.6726
641.0492,291.6351,43.2580,137.2648
643.0228,288.0007,44.2921,136.2798
645.6174,282.3612,44.9114,136.9321
647.4868,278.2374,45.3136,136.9119
649.3026,273.8145,45.6400,137.0276
652.6781,269.3799,46.0904,136.6920
653.4667,263.4884,47.5772,136.9515
648.8472,259.2524,48.7223,137.3857
643.5732,256.8591,48.9606,136.7026
638.3802,254.5972,48.6976,136.5896
637.0626,249.9528,47.6025,137.3405
636.1555,248.3451,47.0270,138.2312
633.7762,246.5609,46.1830,138.3143
630.5964,244.9439,45.4229,138.6341
622.7625,249.1723,46.0076,136.9676
616.0114,250.9358,46.0471,135.5672
617.1257,246.0423,47.3474,135.9087
622.2957,244.1360,47.4463,133.6604
624.4852,238.7643,47.4782,133.8124
624.3445,236.0058,46.4254,134.6375
623.0453,236.8344,44.7781,134.3117
624.5795,237.4633,44.9905,134.1527
628.8228,237.5421,46.8455,133.4350
633.2922,237.7574,48.4429,131.9602
636.2960,238.0659,50.8980,129.6535
636.9304,238.0329,53.4918,126.8407
634.3159,238.5741,55.2196,124.0173
633.1046,238.4162,55.8346,122.5168
633.5114,239.9021,54.8574,123.2910
635.7560,241.3024,55.1881,123.6252
638.0979,240.3834,54.8336,124.2914
640.1317,238.8809,54.4622,125.0178
641.6589,239.5727,54.4706,126.4941
644.7780,239.6594,55.1263,127.3443
648.4603,237.9458,55.0806,128.4505
652.7397,234.0669,55.7386,129.8541
657.5432,231.2667,55.6562,132.5096
663.1618,230.8385,54.8548,133.7527
667.7445,227.7075,55.1828,134.6569
673.8655,224.2253,54.1320,136.2043
679.0877,221.3579,52.5360,137.9655
683.3148,219.2390,50.8875,139.4490
686.0858,216.2710,49.2176,140.1398
687.1530,214.3150,48.0468,140.5069
687.8548,209.9921,47.4183,140.2787
690.0748,206.9328,46.0762,139.8558
692.0582,204.2546,45.1125,139.3646
693.5390,203.0078,44.3959,139.0308
695.3164,201.7977,44.1394,138.0281
696.9583,198.6109,43.7558,136.0494
698.3554,196.3124,43.4948,134.0663
701.2693,196.5302,43.0927,132.9966
706.3072,198.1561,44.4911,130.6714
721.4557,196.3170,44.5242,130.1956
737.1631,192.8163,45.6672,130.1866
744.0255,187.7055,45.5567,130.4073
740.4101,190.1732,45.6149,130.3969
737.2872,198.0077,45.7168,129.9778
739.4222,205.2331,46.7377,129.3836
744.7006,209.5771,47.2429,129.7692
743.6571,213.5745,47.2586,130.1327
741.6108,217.3493,47.1175,129.6956
741.3026,218.7602,47.3747,128.8183
737.1693,218.9276,47.2365,128.2902
734.1837,222.4003,47.0126,129.0746
733.0151,225.3487,46.7364,129.4906
732.2135,224.4372,46.6084,129.3765
733.1616,221.0148,46.8577,129.4072
732.0774,217.8196,47.6186,129.6768
725.7036,214.3104,47.3059,127.9029
724.9827,211.4156,47.3363,127.8067
727.9521,208.6405,47.3633,128.6654
731.2396,205.9325,47.1656,129.6602
733.9993,201.4804,46.7070,129.8089
735.6786,197.1553,46.1920,128.8703
736.0165,193.9035,46.0368,128.9135
737.4493,191.1782,47.0016,130.5056
742.3674,189.9333,47.2426,130.4042
746.7196,189.4318,47.2953,131.5615
747.3344,189.7107,47.0209,131.4547
747.8922,187.6505,47.0211,130.7369
749.9028,186.2236,47.1210,129.8253
753.4071,187.9742,46.4130,128.4024
756.4363,190.9167,45.6131,126.7210
757.3983,194.0405,45.6038,124.6602
758.4283,197.8983,45.6213,121.8890
760.7082,198.3525,46.1233,119.4611
762.9239,195.3960,46.4829,118.5552
761.0501,194.7362,46.1023,118.8331
758.3800,195.3604,45.9854,118.5817
757.1852,198.1199,46.3655,119.9741
755.9395,199.6402,46.9195,121.9396
754.8895,197.6201,46.1691,121.8411
755.2446,194.0010,46.3403,121.6849
759.0594,190.6866,47.0631,121.0885
762.3342,193.5059,49.2239,121.0721
763.3821,195.4781,49.4986,123.8757
761.8551,198.5530,51.0861,124.2331
762.6082,200.4523,52.3545,123.0251
765.0669,203.5899,53.4706,123.3240
764.1670,204.8512,52.7877,124.1195
762.5327,207.6630,50.9818,126.2971
762.5423,209.3330,49.7877,127.0743
765.1375,209.9798,48.8179,126.6936
767.4019,210.1614,48.1761,127.6734
768.6169,211.2103,48.2022,129.0872
770.2762,211.4130,48.8769,129.7634
773.7645,212.4992,49.9895,129.1278
786.8987,209.2953,49.5388,130.6294
802.7586,204.2935,48.8838,130.9377
808.2719,203.1021,47.4080,129.7802
811.9275,205.6908,46.4691,127.4122
824.1094,210.8644,48.6005,125.8998
846.0634,208.7651,50.7780,129.7615
860.4827,202.3976,51.9554,136.1760
874.6469,193.4473,53.6478,138.2398
877.0583,187.1872,54.0264,142.6418
876.9937,186.1761,55.2629,148.9622
874.7685,184.3752,54.8290,154.8661
871.9648,179.3262,55.6389,159.5949
868.4700,181.3729,57.6881,162.1881
865.5255,175.2989,59.1220,165.0170
863.9519,171.0430,59.2840,168.1260
861.4633,168.0794,60.0884,171.4205
856.1244,166.1486,61.6597,175.5059
853.1166,166.1740,62.0369,181.6433
851.5040,164.6971,63.3465,184.9962
853.3630,169.5275,63.4951,186.5750
855.2312,175.4640,64.2373,190.1319
856.2219,183.9421,64.0840,192.8235
849.9199,190.7414,66.2811,191.2806
841.4462,201.9759,72.1249,183.4915
838.1874,219.9650,76.1579,173.7849
835.6744,228.2689,77.5714,167.3866
832.8914,234.9461,77.1060,162.5750
829.5294,238.9987,77.2538,156.8046
832.5009,232.6743,77.8058,152.2137
835.4285,230.3686,76.7929,150.2485
838.6960,235.8726,76.2664,148.9504
840.3155,236.5854,77.0057,150.6602
843.2817,233.5776,75.7763,154.2119
846.6692,230.2796,73.7306,157.1361
848.7136,231.1661,75.2598,156.9799
848.6764,230.4200,76.3619,157.2958
849.7245,228.0209,76.6471,154.4524
852.4023,221.0037,75.2882,155.1718
854.3073,219.5189,75.6779,153.0028
852.7658,216.6505,74.2507,150.8669
849.1135,212.2689,74.0533,149.0854
833.4801,210.6722,70.7952,154.2945
801.3727,231.0630,71.2190,157.4228
814.7696,218.6531,70.6658,163.0762
815.6711,186.2423,67.9069,171.4079
829.6898,194.4126,66.8285,173.3065
826.8823,203.9187,72.1084,165.8755
836.4948,207.1903,77.4376,160.8493
827.1884,208.3834,79.1791,157.1096
831.9680,212.9404,77.8304,157.1709
850.0075,233.1482,74.5773,164.8416
866.7887,249.9351,74.4302,168.8638
882.3867,261.0623,74.6749,173.0991
883.8295,277.8726,75.2025,172.5324
882.8954,287.5657,78.4709,171.3140
883.9847,290.5074,77.6710,170.5255
860.4966,292.1065,86.4458,161.5387
841.1385,298.5054,90.8318,158.6444
808.7321,299.6081,89.6827,159.8541
768.7302,309.7730,86.0087,164.5344
752.8174,307.1285,80.6833,174.6370
741.8456,284.4808,74.6643,191.1484
724.4428,229.6658,75.7416,191.7461
702.1464,189.8051,81.0413,183.0760
669.1251,180.3939,99.0208,159.7372
653.7061,200.7387,121.0380,140.3109
632.7721,211.4387,141.5938,122.8563
574.3306,228.5653,144.1739,118.7942
572.0420,224.0729,142.0360,117.8981
570.9077,226.4651,135.0257,122.7730
569.6670,236.5413,131.3036,127.4031
568.5839,255.2185,128.4904,129.4576
574.2603,276.1031,110.0659,147.1982
608.3401,300.7517,98.5513,153.3767
643.5144,300.3842,86.7564,163.2684
633.8553,275.7734,97.9557,150.7789
631.7602,281.1375,98.0995,146.2144
645.1334,296.3673,97.9184,143.8533
640.0154,299.9946,115.6081,130.4885
640.0002,305.1626,128.3866,117.6968
632.6781,314.3010,133.8637,110.2904
645.4880,295.4668,139.2189,109.0234
657.0433,278.7216,138.6070,114.9403
657.4872,263.4711,132.7367,121.8687
657.6559,258.5835,126.8560,128.8230
663.3196,251.2960,109.3567,149.5753
664.3050,235.9315,93.8097,165.5423
665.5624,204.1111,83.7647,177.5986
655.7556,176.9801,74.8233,191.0058
657.6398,164.1492,69.3214,196.3409
640.5121,157.5787,68.2287,193.8595
631.6261,154.5135,67.4694,194.1560
613.6138,157.6198,68.8838,197.4675
613.0524,172.5349,70.3945,198.8372
608.3862,188.5810,70.8817,199.1040
593.0665,200.4301,70.0019,201.0389
592.3562,233.5427,69.7018,199.1232
591.0339,251.3939,69.8130,198.1025
582.5588,251.2769,76.3687,190.2768
574.5201,269.4108,83.4236,182.5455
570.2275,274.3768,85.6260,179.8868
565.6736,260.0246,86.1960,176.6248
564.4332,249.1684,84.7931,173.6062
566.6229,233.9510,81.8645,174.7144
