1
41.8825,602.6624,85.6554,52.7964
52.9132,606.9625,84.2851,52.0748
61.7200,611.9293,87.5719,51.6192
85.5082,614.0798,84.0344,49.9537
103.5043,613.7748,80.4196,49.1018
126.1026,612.3185,75.6360,48.2987
141.6262,607.4305,77.0645,49.1164
163.4206,601.4955,69.5201,53.2457
197.1456,598.4351,64.6210,53.8746
246.4249,597.7270,59.1132,57.0342
277.5021,598.3916,59.9564,55.0261
313.9319,599.2482,57.4511,54.4612
331.9435,598.5960,57.6133,52.9088
2
0
0
0
0
1
564.9937,595.2473,134.0575,49.7631
581.0753,595.1388,135.3311,52.5774
591.4766,594.6420,137.9362,55.2158
608.3720,593.4265,136.9427,58.1276
614.2980,586.4997,138.1580,60.0151
621.9894,584.2718,138.8419,60.3069
636.6883,578.5939,134.1963,64.4139
651.7041,566.0257,125.4350,66.7885
663.2562,561.1708,121.6795,70.6114
695.8616,558.0901,121.6063,70.5203
704.8650,540.5466,119.4135,70.7515
708.0580,511.0309,106.8790,81.2983
713.1407,494.6577,102.5693,86.7246
712.3309,485.0627,102.3318,90.1073
712.7818,471.6292,101.0736,93.5201
714.7698,463.0717,101.3170,96.3727
2
0
0
0
0
1
681.1041,379.7526,73.7297,42.8691
674.8124,379.3904,77.1749,44.0278
667.5750,377.9840,78.7788,43.6820
664.5196,376.1475,78.1547,43.9505
664.7668,376.3217,78.7055,44.3233
663.8723,376.1989,80.7440,44.5098
663.8935,376.0117,82.3288,44.2967
664.0274,375.5751,84.3174,44.4534
671.7170,374.7472,86.1416,44.2033
677.3896,374.2831,86.1510,45.2480
689.8094,373.5234,85.9643,44.8492
701.4967,372.6464,85.4924,45.1697
710.7748,372.0680,84.5864,44.5430
723.3781,372.4010,83.7433,42.9585
732.5483,372.4102,84.6637,41.9936
737.0466,372.1144,84.5682,42.2378
738.3353,371.4536,85.0666,42.6886
739.4483,369.9813,87.0129,42.9018
740.2590,370.4838,87.7651,43.0720
739.9199,369.8193,88.8417,43.7691
739.7520,369.7298,89.4483,44.8847
739.6066,368.6221,90.1770,45.5866
739.7911,369.1399,91.1112,45.9397
740.9240,368.4816,93.5517,46.2497
742.0607,367.9019,96.3220,46.6054
742.1226,367.8774,99.1857,46.8374
741.5085,367.3808,101.2855,47.5305
738.8742,367.1208,102.9756,47.9040
724.8781,366.4350,105.3752,48.6684
708.8962,368.5534,109.8881,48.1394
699.4000,368.1401,115.9808,47.9149
676.0788,367.7202,117.1529,48.0435
654.2779,368.5773,121.0145,47.8782
629.9881,367.6746,120.3249,48.0546
610.7637,367.6415,117.8849,47.4891
590.6820,367.4162,116.8303,47.5691
584.6989,362.7701,116.0392,49.2857
583.3171,365.9350,119.2216,49.5598
561.3177,375.1366,112.4000,52.6616
521.6261,376.8295,112.6836,52.2832
501.4203,372.4537,108.0523,55.0595
507.0615,367.5463,105.9197,56.1481
507.6432,364.6623,106.6883,57.2718
504.9723,362.4857,105.5687,58.6353
500.7987,360.8834,105.3106,59.3861
494.5286,359.4773,105.1445,60.0506
492.9644,357.5715,104.0627,60.8219
496.1976,354.0795,107.7149,63.4598
515.5034,352.2916,113.0301,62.6922
520.6182,352.2452,119.7994,62.4508
523.2295,347.1220,120.2813,64.8291
534.8264,348.1672,118.9782,65.9885
542.5463,347.1582,119.6506,66.8096
2
0
0
0
0
1
830.6168,336.9991,79.0116,68.4836
830.7812,329.0397,74.4202,73.6588
831.7073,318.5703,72.3639,77.4070
831.5098,307.7764,74.6888,78.5100
829.2028,285.8395,73.6052,75.7435
831.7061,274.3427,76.6030,75.9095
834.5009,253.2549,75.0633,74.0261
830.4593,243.4679,74.8536,72.0061
824.8199,234.0881,76.7887,68.9571
808.8912,222.5244,79.7834,65.7046
795.8817,220.8088,81.0355,65.5786
790.4748,218.1535,81.2059,63.6831
791.0016,213.4801,85.4531,61.0585
796.3523,211.8629,88.9054,58.2946
808.6341,211.4494,92.7463,57.7363
827.9630,213.3342,97.0881,53.6270
843.9589,215.6035,97.0926,50.4705
874.9344,212.3912,94.4877,50.2748
888.6030,201.2060,90.4557,55.3699
911.9550,187.4124,83.3601,65.7710
916.9576,188.2497,85.7937,65.5329
924.9974,192.4868,84.8040,67.0790
947.0519,197.7224,91.3364,61.9846
2
0
0
0
0
1
911.5049,114.2051,58.2977,41.6953
904.4408,114.4225,57.5553,40.6713
894.5994,116.4434,56.9905,38.2924
886.1418,118.0445,56.1573,35.9533
879.2946,118.3645,55.1481,34.6180
867.0518,119.8805,52.5044,33.2937
863.7512,120.2030,52.0060,32.4698
851.7462,121.8286,50.4128,31.2132
841.8339,122.3065,48.8232,30.2386
820.5327,123.0279,48.4726,29.0989
812.2320,124.2359,49.6282,27.9965
811.4352,122.8288,48.2502,29.5373
811.9437,121.7163,47.8164,30.4189
2
0
0
0
0
1
680.8292,124.7923,85.2082,24.0699
677.2083,124.6983,88.0036,23.7762
667.8360,123.7484,88.5307,24.2248
664.2389,124.2166,88.8273,23.8872
651.8112,123.9207,90.8459,24.2792
641.5539,123.6703,88.3484,24.5958
627.7668,123.6009,90.1715,25.0843
615.3192,123.0981,89.3026,25.1700
604.0291,122.3557,88.0677,25.3740
593.4252,121.4787,86.1481,25.9532
590.3210,121.3134,85.4979,26.3093
