1
445.0487,341.0598,41.0130,34.1507
443.9619,341.0757,42.6732,32.7052
441.9428,340.8566,43.4210,31.4449
441.9623,340.6678,43.6191,30.7509
441.1509,340.6002,44.3560,30.3920
440.7189,340.8853,44.8213,30.2105
440.5319,340.6200,45.4658,30.3836
439.0500,340.6338,45.6059,30.5182
438.3997,341.0138,46.2224,30.6373
436.0497,340.3518,46.8080,30.7543
434.6333,338.6795,46.9926,30.7979
433.5362,339.5542,47.8958,30.9167
431.5278,339.4890,47.6466,30.5750
428.7027,337.1710,48.2795,30.4167
427.5987,333.1859,48.1014,29.3074
423.3288,334.8720,46.1504,29.2898
411.5268,336.2482,49.4929,27.1243
407.7365,337.8217,51.8553,26.1737
414.9705,327.9791,48.4981,28.5768
422.7152,331.3399,47.4378,29.2493
419.2296,333.7177,48.8994,29.5448
416.0738,332.3857,49.7613,29.9535
413.8128,332.0366,50.6600,30.0837
413.1509,331.8958,51.0643,30.4138
412.4601,330.5095,51.4790,30.7910
412.8386,329.0179,51.2406,30.9822
415.7852,326.8501,51.9279,31.1483
419.1479,325.0446,52.1707,30.9623
422.5536,323.3165,52.5059,31.0132
422.2011,323.7613,52.8250,31.2944
425.6935,323.4453,52.7289,31.5095
429.7379,321.6768,53.0040,31.8919
434.0266,321.1395,53.2640,32.6699
436.6808,319.7292,53.1684,33.1102
438.9927,319.1173,53.2219,33.6197
438.9265,318.9094,53.2155,34.0048
442.7071,318.7205,53.8403,34.1424
444.5423,316.9706,54.2431,34.4567
441.9610,317.1452,52.3342,33.4906
427.9861,300.8273,53.4178,32.6835
410.3605,301.1481,53.7752,32.5052
403.6052,293.8277,53.5063,32.7576
450.0378,304.3094,54.0502,31.9147
452.2943,308.3145,56.8200,31.4169
460.3926,308.2835,56.7575,32.2956
462.5471,306.4541,57.2640,33.2388
465.6578,302.8495,57.4236,34.0475
465.1269,303.2764,57.7069,34.4826
468.3040,298.8297,57.2254,34.8627
470.5959,295.0779,57.2320,35.4532
471.7271,290.8741,57.4908,35.9476
472.2572,286.5923,57.9603,36.4740
473.0773,280.9644,57.2939,36.9545
473.5407,281.2686,57.0559,37.2580
472.5001,276.3701,57.5945,37.2449
471.4132,270.9438,57.7464,37.5345
468.4756,265.6877,57.7062,37.8416
465.9589,260.6539,57.6939,38.3863
465.1418,256.1771,58.0773,38.7763
465.2385,255.9355,58.1618,38.9569
465.1954,250.8665,58.3073,39.2915
464.8728,247.8323,59.2095,39.2321
467.2944,242.8575,58.6488,39.3710
468.0243,239.1372,58.7889,39.8006
467.7055,234.8382,59.2223,39.6197
468.5490,234.4704,59.3513,39.4999
465.9066,231.2895,59.4496,39.0718
462.7918,228.8247,59.6474,39.5036
459.7365,226.2788,59.5665,39.1981
458.1859,224.8633,61.1126,39.1822
455.1972,221.4898,60.9100,40.0711
454.6240,221.2545,60.8253,40.6766
452.8370,218.9202,60.7283,41.5337
453.5520,216.7661,60.3506,41.8802
456.1264,216.8958,60.4551,41.6407
459.8183,217.3791,60.7114,41.6904
467.9567,217.7444,61.0311,41.8750
468.0646,218.2527,61.3201,41.7367
479.4626,219.3193,61.5376,42.3546
491.2843,221.3847,61.9076,43.0089
504.7525,223.1275,61.7361,43.8304
521.5160,227.6374,61.6692,44.0683
536.5084,232.2231,61.9502,44.0062
536.2519,231.9208,62.0789,43.9972
547.4943,236.6818,61.7940,43.9909
556.2029,242.1256,62.1347,43.2833
560.9060,247.6624,62.0532,43.4799
561.5281,254.4490,62.0625,43.4801
565.2305,260.8545,61.6661,43.4896
565.0101,260.9902,61.6733,43.5863
570.9962,268.1480,62.0742,43.7175
579.9352,275.5554,62.1252,43.9384
589.0938,281.7952,62.0610,44.4412
595.6726,287.2458,62.5849,44.6731
601.2735,292.9835,62.4614,45.1259
601.3143,292.1863,62.3002,45.5862
606.4203,297.7210,62.1070,45.6772
611.6824,302.0806,62.1068,45.8340
615.7805,306.5496,62.6297,45.8700
619.3866,309.4048,62.4746,45.8922
617.8294,306.7796,55.1758,50.5934
618.9722,303.8083,49.9321,53.9001
631.2485,288.2572,50.1270,53.7124
630.8022,267.7095,50.1670,52.9286
634.5768,302.9091,50.2873,52.7742
634.4806,311.7498,52.9542,52.0395
633.8854,315.9030,55.6391,51.0541
633.4323,316.3467,57.0514,50.5705
633.0448,316.1317,57.9777,50.7929
633.5583,317.0102,58.7307,50.6618
633.5870,317.6611,59.3701,50.5266
634.8134,318.0874,59.6761,50.1597
636.1440,318.9324,59.8623,49.9469
636.0280,318.5844,59.8158,49.7091
639.1935,317.8693,59.3893,49.5784
641.1085,318.6171,59.5500,49.2587
640.2025,317.8983,59.3561,50.0318
638.1006,316.7639,59.5645,49.4448
634.6993,315.2128,59.4008,48.8719
634.9125,314.8242,59.3414,48.5001
630.2349,311.6437,58.5468,47.0518
631.2212,311.6237,57.4715,46.2809
627.9104,314.6934,58.1779,46.8298
625.8795,316.7838,58.5053,47.3228
623.4127,315.7333,57.9558,47.0277
624.0153,316.1967,57.5592,46.7124
616.2366,304.5766,54.3566,47.4395
622.0912,306.3690,53.7327,48.0125
619.0771,310.3092,56.5135,46.4014
617.8163,314.5876,57.3188,46.3599
616.8044,316.0549,57.7129,46.6551
616.2120,316.4821,57.8919,46.9161
616.0103,318.2966,57.9243,46.4818
615.6768,318.8572,57.9249,46.5519
614.0845,318.2061,57.7947,46.8778
610.9114,318.3496,58.0612,46.7554
607.7336,319.3703,58.0989,46.4890
608.3441,319.6767,57.7139,46.3582
603.9473,319.3916,57.8852,46.4920
598.5066,318.3572,58.6407,46.8697
594.3531,318.1253,58.5888,46.9365
589.5040,318.6938,58.2821,46.8789
584.2420,317.9381,58.5127,46.7439
584.8553,318.7107,58.5168,46.5438
581.6095,318.0794,58.0649,46.3347
576.9542,319.2093,58.0895,46.2066
574.6192,319.6664,57.8329,46.0674
570.2914,318.2005,57.3902,45.9807
566.6841,317.3051,57.5472,46.1254
566.7902,317.1322,57.7049,46.2451
565.3817,316.6989,57.5508,45.6909
563.4736,318.3047,57.3201,45.4686
562.2194,318.2312,56.6118,45.3738
558.0557,318.3216,56.7175,45.2024
556.8384,317.5977,56.4095,45.1570
556.4741,317.0533,56.1583,45.0641
553.0721,316.8812,56.5593,44.7481
548.4276,316.5624,56.7967,44.8919
545.2745,315.1640,56.2587,44.9140
540.5240,313.6561,56.6239,44.8462
536.2136,313.3546,57.2388,44.7911
537.0109,313.3984,57.2689,44.8987
535.1141,311.5956,56.7200,44.7297
530.6784,311.2479,56.9135,44.3592
526.7650,309.1831,56.5886,44.4619
521.9097,307.3943,56.5027,44.4464
517.1790,304.9108,56.1774,44.5355
517.7878,304.5993,55.6930,44.6547
512.6119,302.7233,55.5333,45.0337
506.2504,300.1198,55.4684,45.0890
499.2524,296.7997,55.8950,45.1810
491.7323,293.5597,55.8528,44.9634
485.3190,289.2947,55.7955,45.2359
485.6806,289.5112,55.6284,45.3310
477.7907,285.8315,54.9392,45.3435
471.1419,281.6573,54.7129,45.2123
464.3040,278.7185,54.7158,45.2711
456.8300,274.8167,54.2015,45.4630
449.3951,270.4817,53.5025,45.5839
449.5827,271.2819,53.3451,45.4513
441.7299,266.9090,53.2071,45.6260
432.4038,262.3652,52.9227,45.9231
423.6102,258.4412,52.5287,46.0280
415.4520,255.4112,52.4503,46.3620
406.2443,252.5878,52.7067,46.2454
405.8833,252.3184,52.7459,46.3205
396.7163,251.2406,52.6541,46.4027
388.5341,249.9474,51.9255,46.3230
382.2162,249.4826,50.7313,46.3816
376.3563,249.6327,49.9836,46.5796
369.7566,250.2463,49.7543,46.5325
362.3182,250.6929,49.0721,46.7809
363.1702,250.3143,48.4954,46.7856
355.8396,250.9926,48.1842,46.7648
351.0331,253.0889,47.9635,46.9170
346.0902,255.6166,47.8312,46.6444
343.2110,259.9843,47.4709,46.7249
340.6149,263.9781,47.1114,46.8859
340.7792,265.0581,47.1007,46.6233
339.2220,271.4602,47.0297,46.9297
339.6900,276.6294,46.4966,47.0981
340.6385,284.8824,47.0347,47.0924
340.1690,291.4656,46.0741,47.3176
340.4070,299.7896,45.8288,46.9729
339.8976,299.9022,45.5804,46.7084
341.2778,305.6353,44.8511,47.1040
342.4518,312.4727,45.0738,46.8087
343.2265,318.3279,45.0752,46.6335
345.6817,323.4705,44.8471,46.9176
349.0838,328.5824,44.8274,47.2572
348.3807,328.0732,44.6853,47.7380
351.4980,333.5529,44.9597,47.4831
354.6361,335.6356,44.7443,47.9414
354.5032,339.8722,46.4325,47.0724
358.1977,342.1256,46.3037,47.0228
360.4584,342.2562,45.6815,47.3601
360.8916,343.0949,45.2445,47.4257
362.4125,342.8174,44.9156,47.5141
365.1949,344.3101,44.5826,47.0506
366.3829,343.0890,44.8205,47.1840
366.9762,343.0943,44.5691,46.9364
368.4046,342.3975,44.0871,46.9227
368.9085,342.4579,43.8993,46.8914
369.4494,341.3759,43.8696,47.0000
369.3120,341.4605,44.1067,46.6652
370.8558,340.5953,44.0313,46.4055
371.0997,337.3968,44.4211,46.6875
372.3985,337.1382,44.4969,46.2279
372.5650,336.5710,44.4064,46.2257
373.4417,336.0244,44.3604,45.8383
374.6227,334.3958,43.8259,45.6481
375.4071,333.5973,44.0591,45.4451
375.8658,331.1296,44.4763,45.6198
375.3915,329.6032,44.1776,45.4588
375.6406,329.6417,43.9348,45.2726
374.8564,327.4767,43.6351,45.4009
373.5335,326.6988,43.5033,45.1067
371.8769,324.2358,43.5733,44.8887
370.6180,322.5273,43.3978,44.6975
369.3275,320.0030,43.5535,44.9274
368.4930,320.4969,43.8965,44.9728
368.4976,319.3624,43.4302,44.6304
365.6149,317.1490,43.1192,44.3380
362.9616,315.2907,43.0757,43.6717
359.2585,314.1898,43.0420,43.0940
355.7451,311.2447,43.0399,43.3195
356.2735,311.0476,43.1447,43.5418
353.0182,309.5632,43.0732,43.1507
349.9353,307.6406,42.8913,43.0035
346.5518,307.4641,42.6588,42.6645
343.1990,305.7732,42.3427,42.2200
339.9397,305.6920,42.3678,41.6248
340.0751,304.8557,42.2391,41.3300
338.9565,304.2270,42.2856,41.2448
338.7848,305.6175,42.7781,41.3363
337.5337,305.4679,42.4728,40.9808
336.6832,306.0556,41.6564,40.7518
335.2572,306.2453,41.1750,40.5775
335.7226,306.0580,40.9213,40.3608
333.4228,305.9377,40.6997,40.3279
333.1232,306.2162,40.6039,40.0893
330.8316,305.3985,40.8110,40.4063
330.4822,306.7545,40.6863,40.3351
329.2899,307.3340,40.4126,40.0503
329.1774,307.1105,40.1528,39.9642
329.0475,307.7825,39.9549,39.7489
328.3522,308.0674,39.8725,39.4392
329.0438,308.7260,40.3711,39.3976
326.9814,309.5337,40.1155,39.3285
326.9105,309.0725,40.0462,39.1900
326.6623,308.7220,39.7972,39.0532
325.4586,308.7457,39.8385,38.9853
324.1195,308.4720,39.4422,39.3960
324.5100,309.3521,39.5894,38.8071
323.7382,308.9999,39.7683,38.7597
325.1378,309.2447,40.3013,38.6790
324.9237,309.0068,40.4198,38.8752
327.1111,308.4062,39.0511,38.5399
325.7337,309.9062,39.2340,37.9472
326.2433,310.1889,39.6928,37.3788
327.2913,310.7470,40.2964,36.8765
327.1415,310.7370,39.9337,36.7416
326.2842,310.3279,39.8137,36.5331
327.9544,311.3352,39.5967,36.2429
329.1162,310.8083,39.0289,36.1846
330.6785,308.9768,38.4277,36.5138
331.8480,308.6774,38.0399,36.4058
331.7379,308.9744,37.9143,36.0855
331.9255,308.8059,37.7017,35.7935
331.4947,307.8379,37.8799,35.6026
330.1065,304.8164,38.1532,35.4877
328.2646,302.3823,38.2537,35.2202
329.8883,300.8783,38.0748,34.9384
329.7441,297.3780,37.8028,35.2166
329.2912,297.6656,37.7499,35.1493
328.4662,292.9490,37.9201,35.6003
325.4601,288.2281,37.2522,35.9317
322.1507,283.5288,37.0644,35.5418
319.8927,279.1725,36.7067,35.7157
315.9038,275.5500,36.5085,36.1099
315.3532,274.9485,36.1873,36.6213
311.1756,269.6774,36.5483,36.1715
306.3809,264.7314,36.6369,36.0817
302.9580,260.5587,36.2610,36.3036
298.6444,256.8418,36.0278,36.2992
295.0872,253.2335,35.6686,36.1950
295.8903,252.8146,35.3575,36.0494
292.2797,249.4208,34.9879,36.1857
288.6295,247.7649,35.0826,35.8562
285.1409,244.3894,34.8620,35.7787
280.9967,241.4859,34.5514,35.6168
275.9355,240.0542,34.6602,35.3598
276.3710,239.4555,34.6350,35.1559
271.5836,238.4084,34.5675,34.8858
265.8944,235.1922,34.5988,35.5578
260.1571,234.3561,34.7066,35.3202
254.5716,232.4272,34.3409,35.3648
248.3397,230.4153,34.4025,35.3648
248.4813,230.3243,34.5227,35.0677
243.3906,230.1153,34.7793,34.8428
240.6780,232.0276,33.9960,34.9624
237.7370,233.4177,33.7404,34.7045
231.9297,235.5187,34.2849,34.6628
230.1420,237.7971,33.8128,34.7390
229.9991,237.5744,33.3748,34.8086
227.9978,240.6821,33.9109,34.5208
228.7531,246.4970,34.0719,34.3666
226.8738,251.0350,34.8125,34.1327
228.6387,255.6396,35.1260,33.9596
230.0419,259.2573,35.7297,34.0585
230.2520,260.9851,35.7706,34.0556
232.1767,268.7207,35.7480,33.6527
234.4378,275.5099,36.3477,33.3642
239.8412,282.1815,36.3400,33.7735
245.1651,289.6405,36.8666,33.6019
250.5452,298.3126,37.4744,32.9797
249.7129,298.0929,37.9043,32.3789
256.0374,304.5452,37.8419,32.1491
259.4572,310.0709,38.4442,31.8062
261.8713,314.5391,38.7651,31.1856
263.6702,318.0868,39.2102,30.5809
264.6041,321.7108,39.9189,29.9258
264.4912,322.2431,40.3411,29.4539
265.6969,323.7434,40.3907,28.8093
262.8438,323.7032,40.7948,28.5578
258.3843,322.3962,41.3863,28.3272
250.3130,320.9225,41.9969,28.0749
244.2879,318.6723,42.1803,28.2865
244.4639,318.3388,42.3195,28.2933
236.8242,315.9108,42.7345,28.1916
230.5666,313.9920,42.8620,28.4150
224.6635,311.7082,43.3390,28.4337
218.9253,310.8266,43.4761,28.3780
212.7548,308.0920,43.3508,28.1692
212.6628,307.5687,43.3982,28.0592
205.9035,305.5718,43.8075,27.9840
198.8398,304.3114,44.1430,28.3793
191.9751,303.1510,44.7955,28.5486
184.2071,301.0144,45.1637,28.5348
176.1241,298.7747,45.2384,28.0483
176.4387,299.6403,45.1685,27.8601
169.0994,299.1383,44.7593,28.0573
161.9632,296.8479,45.0389,27.8184
153.9727,295.9319,44.9956,27.8497
147.1739,294.7026,45.0277,27.8445
140.6170,293.6211,44.9083,27.8609
140.6528,292.8879,44.8240,27.6625
134.1429,292.6009,45.1845,27.6260
128.1708,292.4405,45.4876,27.4387
122.6001,292.0930,45.5244,27.4587
118.5379,292.5367,45.5488,27.5688
118.6720,295.1280,45.5907,27.6432
118.8777,295.6613,45.6021,27.7311
124.9352,300.0839,45.4037,27.5894
134.7638,305.0445,45.3889,27.3566
145.0994,311.6099,46.5013,26.1380
160.5433,321.4912,48.0552,25.2025
178.2419,327.6336,47.6473,25.7764
181.2338,329.4748,47.4788,26.6456
194.4362,337.3993,47.6749,26.6918
207.0782,343.4662,47.2241,26.4757
217.1557,348.2831,46.8907,26.4358
224.0581,353.0830,46.4563,26.4383
228.3749,357.0865,45.8569,26.2709
229.5124,356.9809,45.2784,26.1278
234.4409,359.0153,44.7230,26.2139
237.7368,362.5874,44.8143,25.7778
242.0155,364.3145,44.5288,26.0643
247.0851,366.3343,44.0098,26.2388
252.7998,369.1189,43.8479,26.3479
261.2770,372.5547,43.6397,26.1645
261.4439,372.5070,43.4753,25.7093
271.4348,375.4695,43.7875,25.4469
281.5111,378.3568,43.8431,25.4991
290.6039,382.1535,44.1197,25.7070
299.0774,384.0230,44.1678,26.2823
309.5058,388.0792,44.5669,26.4456
309.6042,388.8308,44.6606,26.4266
318.7775,391.9916,44.7978,26.5358
326.6417,394.1435,44.5901,26.8928
331.4873,395.7338,44.7716,27.0182
338.3661,398.9329,45.1514,26.8454
344.1413,402.0170,45.7007,26.4494
343.9089,401.8427,45.9196,26.2042
351.0014,404.1623,46.5388,26.1849
359.1359,406.3946,46.6169,26.3232
367.9618,408.7849,46.4833,26.5594
377.4998,410.8943,46.5794,27.1194
383.5294,413.3173,47.4903,27.3965
383.3148,413.6767,48.2281,27.5630
393.2117,415.5815,47.7940,27.5565
402.0012,417.7619,47.5116,27.8535
411.7675,420.1821,47.5681,28.0789
421.6418,422.0479,47.6140,28.3328
432.9320,423.5919,47.6670,28.4391
432.9250,423.6906,47.8470,28.4882
443.8615,425.2873,48.3319,28.4284
453.1234,426.3896,48.5180,28.7762
461.4943,427.7645,48.4202,29.2502
468.9535,428.0981,48.3070,29.5137
475.6192,427.7480,48.3882,29.7259
475.7892,427.9045,48.4769,29.8128
480.7469,428.9778,48.9771,29.8105
491.8272,428.1413,48.8237,30.0553
499.1704,428.6734,48.0940,29.3211
512.1852,428.0003,48.4888,28.8968
525.9657,427.8946,47.0898,28.6050
527.6857,428.0679,46.6323,28.9331
541.0136,426.9081,46.5224,29.0518
554.6980,426.1927,46.3454,28.8630
567.4191,425.0971,46.9159,28.8670
578.3134,424.1555,47.7130,29.0490
590.6964,422.8345,48.1332,29.2240
590.8636,422.2442,48.2294,29.4713
601.9911,419.8529,48.3638,29.7388
611.6622,419.1895,48.5882,29.8066
617.2834,416.6373,48.8002,29.6776
620.4213,412.9031,48.7618,30.4372
620.7737,411.7016,48.7587,30.7925
621.2294,411.3658,48.4402,31.0792
620.4959,410.0226,48.6476,31.0165
619.7865,408.6954,48.4019,31.1910
617.9186,405.7429,48.4046,31.3644
615.7648,404.9686,48.5275,31.4928
614.1683,404.3303,48.1587,31.2146
613.6794,404.7956,48.3456,31.0828
610.0558,403.4988,47.8434,30.7314
605.3184,402.8030,48.1292,30.3667
600.4786,401.1781,48.6242,30.2864
595.8267,399.5656,48.1562,30.4472
591.1055,398.2196,48.0858,30.7510
590.8413,397.9854,48.1065,31.0133
587.7272,396.7917,47.2827,30.9313
582.2590,396.2673,47.3132,30.5131
577.5906,394.9181,47.3051,30.3235
571.5665,393.8383,47.5146,30.2126
568.6227,393.7377,47.0735,29.9531
568.7159,393.4208,46.7412,29.8273
564.3176,392.7012,47.4336,29.7333
562.3784,391.1512,47.0647,30.2924
558.0767,391.5897,47.6400,30.1923
554.2999,391.2137,47.6758,30.0581
551.3793,389.8408,47.4297,29.9832
550.4308,390.5233,47.7300,29.9686
547.7427,389.4591,47.4790,30.0033
545.6016,389.2604,47.6745,30.2053
543.0391,388.0101,47.3973,30.2140
540.9548,387.3425,47.0866,30.1966
539.0860,386.8977,46.8565,30.2085
539.5605,387.4222,46.4700,30.1845
537.6180,386.4825,47.1334,30.0150
535.8520,386.2489,47.9119,30.6489
533.0685,384.5491,46.5760,32.5411
531.6005,384.2824,46.8468,32.8386
529.2450,384.0028,47.2315,33.1465
529.1193,383.7065,47.3929,33.3365
528.2809,384.5623,46.7595,33.5490
528.0956,384.7669,46.8550,33.5825
529.3503,385.0007,47.0069,33.8142
529.7693,385.5410,47.8166,33.6965
532.9004,385.9398,47.0533,33.6997
532.5271,386.0175,46.9195,33.8434
533.7799,386.3249,47.0755,33.7531
535.6577,386.0037,46.4456,34.5326
538.9627,385.2875,46.7964,34.4035
541.3231,385.8926,46.7864,33.9537
544.1626,386.4541,47.1697,33.7638
544.4073,386.0262,47.4105,33.5977
549.1276,386.0308,47.1246,33.4065
554.7986,385.8712,47.2917,33.1890
559.7951,386.3042,47.4020,33.3034
566.0580,385.9175,46.8912,33.5980
572.5925,385.6609,46.6164,33.0924
572.7714,385.9224,46.4188,32.7499
579.0298,383.8444,46.9463,32.2671
585.7891,383.0259,47.3236,31.9793
593.5612,382.0322,47.4825,31.6894
602.0438,381.9701,47.3634,31.6703
609.7391,381.0842,47.5627,31.4847
609.6951,380.9770,47.6751,31.4057
615.9091,380.0211,48.3415,31.3359
623.5437,379.1759,48.4381,31.4643
629.9561,378.1449,48.2260,31.5130
634.3217,375.4297,48.2664,31.2877
638.2710,373.5316,48.1776,31.2502
638.7465,373.8384,48.0919,31.1989
641.6951,371.0070,48.2561,31.0326
643.9436,369.0577,48.3495,31.0102
646.7170,367.7362,48.4561,30.9385
648.8436,365.1100,48.9810,31.0135
650.8416,363.8883,49.0908,31.3805
651.2325,363.3726,49.1123,31.5868
652.8698,361.6410,49.3537,31.4996
654.4872,358.7975,49.2599,31.5099
655.2029,357.1969,49.1479,31.5637
654.2832,356.0009,49.1990,31.7326
652.6881,354.0834,49.2013,31.8288
652.4594,353.9601,49.3054,31.8842
650.4523,350.9904,49.1690,31.4814
648.4764,350.0435,49.1126,31.1608
645.2601,348.1579,49.1167,31.0327
641.6357,346.1356,49.5116,30.9616
637.4473,344.2969,49.5950,31.1325
637.6401,344.3237,49.7154,31.2462
633.7485,343.4032,49.6823,31.3400
629.2360,342.6360,49.5940,30.5434
625.5651,340.2948,49.3483,30.4068
621.6221,338.2883,49.9107,30.2692
617.7827,337.2987,50.0775,30.0547
617.8917,336.9722,50.1959,29.9261
614.4904,335.4625,49.9805,29.8828
612.7808,334.4725,50.0468,29.7232
612.2822,332.7891,50.0410,29.6603
610.5460,332.1625,50.1405,29.6899
610.3814,332.1749,50.1158,29.7138
610.7335,331.8932,50.1613,29.6191
610.5285,331.0284,50.0212,29.5493
611.1534,331.0908,50.0436,29.8134
612.7602,331.0612,50.3859,29.8997
614.7216,330.9198,50.3042,29.8755
616.4935,331.5758,50.3410,29.8721
616.6296,331.7151,50.5547,29.9370
618.9421,332.1224,50.3573,29.9591
620.7761,331.8883,50.3087,29.9747
623.4639,331.3138,50.4008,29.9855
625.0316,330.6891,50.1935,29.9333
625.5025,330.3766,50.5267,29.8616
625.9448,330.5762,50.7874,29.9515
625.7843,330.1228,50.8216,30.0051
626.9958,328.6948,51.0154,29.8699
627.6216,326.8633,50.7888,29.8983
626.2461,325.2595,50.9675,29.8664
625.7170,323.5099,51.3338,29.7809
625.9925,323.6387,51.5558,29.7474
625.4988,321.6348,51.5986,29.7834
624.2035,319.1143,51.2989,29.9250
623.4634,317.8785,51.2342,29.9870
