1
445.0363,341.1094,41.0130,34.1507
443.9705,341.0613,42.6732,32.7052
442.8285,340.9315,43.2382,31.4157
441.0525,341.2379,43.8603,30.8081
440.1949,341.2291,44.5739,30.4719
440.6309,341.0927,44.6898,30.2012
440.5600,341.3383,45.3521,30.3567
439.3249,341.1129,45.6022,30.5313
438.2987,340.2902,46.2215,30.6048
436.7562,339.9769,46.6950,30.9039
433.8978,339.3570,47.0181,30.9018
433.6804,339.7595,47.4439,30.8957
431.9662,340.1592,47.3311,30.6074
428.6212,337.3473,47.6860,30.4493
426.3694,336.1358,48.4848,29.3492
422.5041,336.0564,46.2806,28.8396
411.2213,337.1825,49.4496,26.8689
407.3814,338.6475,51.6258,26.0652
2
0
0
0
0
1
415.5046,326.5811,47.3101,39.3225
415.0269,327.0490,49.3019,36.7466
416.8184,326.5004,51.1308,35.2066
419.9293,324.3447,51.8947,34.0769
423.0692,322.5990,52.4466,33.5897
422.9434,322.6539,52.5202,33.3039
426.8581,322.7541,52.6892,33.2764
430.7664,322.7689,53.3863,33.4758
434.3279,321.7582,53.9061,34.0964
437.1018,320.4661,54.0049,34.4580
439.7341,319.9600,54.1100,34.6992
439.6618,320.3277,54.1694,34.8531
443.0222,319.4821,54.8962,34.9814
445.6996,318.3271,55.7027,35.0097
442.7402,318.4832,53.7934,33.9060
433.8648,299.0868,55.2182,32.5496
2
0
0
0
0
1
469.1707,293.3847,50.9556,42.7502
469.2049,293.4659,50.9066,43.3444
471.9890,289.4182,50.3287,43.5113
473.0864,285.7885,50.2945,43.8302
474.8772,281.5724,50.2310,44.3987
475.0705,277.0486,50.6590,44.9989
476.6750,272.2479,50.6820,45.3044
476.6245,272.2180,50.7315,45.4774
475.7558,267.6747,51.4818,45.4575
473.8249,261.8768,51.7702,45.6169
470.8369,256.5363,52.0682,46.0742
467.7030,252.5256,52.5257,46.5810
467.4420,248.2365,53.1432,46.7180
466.6022,248.4337,53.6007,46.7484
466.3098,244.2868,53.6965,46.8273
466.6592,238.8193,53.2160,47.5795
469.5399,235.2131,53.4663,47.3384
470.4831,231.0920,53.5269,47.5613
470.0016,226.5618,53.6665,47.5469
470.2490,226.4518,53.4373,47.9295
468.1667,222.4161,53.1662,47.7413
465.2620,220.1989,53.3753,48.5678
462.3062,216.2967,53.1521,48.4286
459.9829,214.3179,52.8587,49.1572
456.9044,212.3070,53.6330,49.4864
457.0835,211.9562,53.9269,50.0792
456.3924,209.8783,54.1028,50.9744
457.1426,207.1268,54.1990,51.4015
459.0128,207.2861,54.1760,51.2230
462.8781,207.3335,54.3167,51.7769
471.2352,206.4143,54.6224,52.6926
471.1336,205.8039,54.7656,53.1583
482.5917,207.2342,54.2869,53.8315
495.0949,209.9075,54.7297,54.3565
509.0142,212.2502,54.7536,55.3293
524.9581,215.2971,54.5926,56.1052
540.0462,219.9498,55.0814,56.1719
539.6512,220.2674,55.1962,56.1549
551.2659,224.8654,54.9735,56.0892
560.2627,229.1486,55.2522,56.0626
564.5269,235.5930,54.9127,55.8502
566.0707,243.0336,55.2248,55.4370
569.3613,248.6639,55.0760,55.7980
569.1591,248.7298,54.9015,55.7984
576.0602,255.4376,55.1353,56.5550
584.7006,263.0144,55.4109,57.0654
593.4003,269.3194,55.7128,57.4209
600.4919,273.6944,56.0003,57.7678
605.2131,279.0990,56.0546,58.3559
605.2357,279.1152,56.0644,58.7434
610.4139,284.7558,56.1000,58.5659
615.3091,290.0419,56.7151,58.3450
619.5845,294.5924,57.0254,58.1651
623.8586,296.7767,56.9332,58.6191
620.3892,297.0524,52.0194,60.9448
620.5411,295.9465,48.2434,62.3001
632.0648,285.1299,48.3648,62.1776
2
0
0
0
0
1
634.1281,314.4673,58.7842,54.5676
634.5354,315.5051,59.0279,54.0312
636.2136,313.8356,58.8227,53.7832
637.2610,315.6198,58.7942,53.0289
638.2964,314.8655,58.3515,52.7545
641.0510,315.4799,58.2872,52.3567
641.7705,315.1800,58.5782,52.3278
641.2906,313.7973,58.1903,53.4770
639.6154,313.8036,58.1016,53.0350
636.4103,310.9993,57.7686,52.7774
635.9125,311.4861,57.5600,52.3120
632.0028,308.0675,56.5961,51.0886
631.1315,307.6186,56.2714,50.0118
628.2928,310.7944,57.0828,51.1028
626.6457,311.5512,57.3454,51.7602
625.3702,311.8332,56.5461,51.1872
625.2486,311.6201,56.1754,50.7631
620.9186,301.4842,54.4571,50.7917
624.2516,304.9310,52.7162,50.3838
620.1132,304.8932,51.6571,52.4798
618.6888,310.5263,53.8512,51.8575
617.9943,311.6940,55.2379,51.6231
617.3374,311.2556,56.2484,51.6885
618.1307,313.4244,56.3622,50.9687
616.9051,313.9368,57.1811,51.2820
614.5713,314.0686,57.3234,51.3685
611.6593,314.4825,57.6677,51.4589
607.9964,315.2331,57.5348,51.2879
608.5725,315.5475,57.3789,51.2510
603.9279,315.3333,57.3295,50.9827
598.7949,313.8115,58.1661,51.3745
594.6650,314.1971,58.3235,51.3928
588.9625,314.9510,58.0164,51.3639
585.5653,313.6739,57.7809,51.1205
585.6772,314.3983,57.8343,50.8794
581.7645,314.3692,57.4109,50.6713
577.8179,313.9175,57.0494,50.5998
575.6021,314.2098,56.4207,50.6176
572.2024,313.5624,55.8854,50.5824
566.9716,312.8698,56.1940,50.6805
567.7126,313.4625,56.1030,50.4260
565.9783,313.2069,56.0772,49.7729
564.5870,313.9961,55.8596,49.5821
562.0140,313.7949,55.7489,49.3911
559.2579,313.0835,56.0200,49.4770
557.1836,312.5677,55.9145,49.6748
556.8156,312.2435,55.9531,49.8403
553.3644,312.0493,56.2037,49.6645
548.5677,309.9920,56.4052,50.4177
544.7753,310.0562,56.4857,50.3803
541.1288,309.2541,56.4340,50.0749
537.0218,308.1828,56.3524,49.7226
537.2595,308.5712,56.2920,49.5195
534.7214,307.3318,55.9562,49.1360
531.4536,306.8165,55.7873,48.8867
526.6281,305.3675,55.7378,48.8113
522.4836,303.0429,55.3163,48.7336
518.0089,301.0703,55.0312,48.8408
517.9592,300.8636,54.8554,48.9313
512.3515,298.8613,54.6981,49.1301
506.7048,296.3376,54.8025,49.2368
499.4157,292.0508,55.0791,49.5039
492.5427,289.1452,54.9234,49.1573
485.9305,285.1568,54.7041,49.2182
486.3416,285.1232,54.5063,49.1893
478.4477,281.0058,53.7194,49.3134
471.7070,277.8917,53.7060,49.1755
464.6814,273.8542,53.6553,49.3154
456.8211,270.7372,53.3259,49.5002
449.7140,266.9796,53.0452,49.6856
449.6994,266.8345,52.4995,49.7073
441.6670,262.6631,52.5881,49.7703
432.1789,258.3423,52.2596,50.1325
424.2829,254.8634,51.7903,50.1647
415.0157,250.8134,51.6696,50.9475
406.3847,248.0683,51.9969,50.9482
406.6623,247.7950,52.2365,51.0538
397.8271,246.7994,51.9869,51.0378
388.8696,245.4392,51.5482,50.8801
382.0358,245.7923,50.4363,50.4876
376.2299,246.1213,49.6161,50.4997
369.1741,246.1723,49.3573,50.3679
362.4684,247.1825,48.5269,50.4437
362.7487,247.1601,47.8237,50.6011
356.1116,247.5576,47.4149,50.4096
351.8215,250.2355,47.2202,50.5732
346.8367,252.6585,47.0950,50.3299
343.5995,255.8584,46.4110,50.4575
341.7605,260.7523,45.9614,50.1225
341.8132,260.7603,45.5823,49.8833
340.7224,267.3303,45.1428,50.3102
340.3414,273.1124,44.8069,50.1389
341.4430,280.8215,45.0667,50.5177
341.6797,288.2885,44.6325,50.5317
342.0786,296.4900,44.3822,50.2897
341.5323,296.7448,44.1659,50.2325
342.6449,302.8340,43.7406,50.0847
343.9548,309.6641,43.7268,49.7904
345.0595,315.5738,43.4535,49.4957
348.2287,321.2272,43.3199,49.4703
351.0307,326.3002,43.3103,49.9250
350.3630,325.6673,43.2802,50.3250
354.2067,330.7108,43.1061,50.1636
356.2646,334.0359,43.5251,50.1197
357.4979,335.4616,43.4719,51.7467
360.7575,337.3868,42.8181,52.4449
363.4643,339.2352,42.5947,51.3922
363.5451,340.3031,42.3630,50.6100
364.8072,340.6797,42.5706,50.0127
367.4223,342.1092,42.3481,49.3367
368.2989,341.5739,42.6882,49.1997
369.2352,341.0204,42.5167,48.7915
370.0048,341.1248,42.3087,48.5591
369.8287,340.9766,42.2270,48.4637
370.9462,340.4863,42.1007,48.1554
371.3712,340.1889,42.1074,47.7980
372.6905,338.9123,42.1165,47.3641
372.7519,336.7267,42.7298,47.1058
374.2924,336.4425,42.7944,46.5610
374.3148,335.3503,42.6482,46.7163
375.5988,335.5794,42.5081,46.4462
376.6743,333.5174,42.0286,46.1799
377.6732,333.1563,42.3051,45.6582
377.8671,330.6831,42.5660,45.7233
377.6335,329.3106,42.0778,45.5564
377.8503,329.0708,41.9650,45.1686
376.2605,326.5089,41.7209,45.2507
375.5500,326.3424,41.5427,44.9756
373.8574,323.5010,41.6066,44.8529
372.7788,321.4788,41.4045,44.7490
371.0790,320.9838,41.9492,44.7212
370.4398,320.3714,42.1987,44.8929
369.6505,319.3747,41.8285,44.7798
367.0358,317.3511,41.6114,44.4976
364.9934,314.8842,41.4912,43.6987
362.0286,313.9375,41.3316,43.2457
357.9940,311.2398,41.2979,43.5368
358.1270,310.6103,41.2867,43.6410
354.3675,309.4279,41.0692,43.0924
351.0403,308.3139,41.0742,42.7775
348.0116,306.9455,40.8636,42.3663
344.7154,304.7725,40.3797,42.1234
341.5938,305.6288,40.3241,41.7758
341.7289,304.4669,40.0951,41.4539
340.6243,304.7561,40.3582,41.4549
340.2776,305.0775,40.8741,41.8815
339.5321,303.9944,40.4475,41.8338
338.9881,305.3122,39.7120,41.4906
337.6740,304.9181,39.1983,41.2898
337.3583,304.9662,39.0279,41.0166
335.9700,305.7975,38.6945,40.8598
334.7141,306.1816,38.6782,40.5803
333.0499,305.2256,38.8904,41.0053
332.2756,305.1146,38.5962,41.4569
331.3856,306.0654,38.3322,41.2036
331.2843,306.0219,38.1074,41.1477
330.5036,305.8480,37.9464,41.0056
330.4571,307.5287,38.0312,40.6124
330.7609,307.1536,38.4884,40.6755
329.3489,307.5380,38.1319,40.8233
328.4527,307.7385,37.9620,40.5153
328.5770,308.3338,37.7683,40.2854
327.5387,307.9815,37.9135,40.4738
326.1112,307.5085,37.5386,40.9109
326.1424,307.7643,37.5660,40.4062
326.0929,307.8116,37.7526,40.0058
326.6526,308.4162,37.7479,40.1071
326.7603,307.9239,37.8366,40.4115
329.0449,307.1602,36.5592,40.1520
328.0768,308.3420,37.1324,39.4211
327.7648,308.6076,37.6362,38.7355
328.2523,309.3816,38.1083,38.3232
328.7175,308.6318,37.8422,38.2036
328.0558,308.8966,37.6559,37.9034
329.8145,309.8028,37.5682,37.3550
330.7330,309.3656,36.9034,37.3157
331.5975,308.0328,36.4666,37.5566
332.7059,307.5506,36.0969,37.3143
333.3846,307.0984,35.8038,37.0882
333.6722,307.7195,35.7165,36.7732
333.5932,306.3848,35.9520,36.4962
331.8298,303.8883,36.0845,36.5105
330.6223,301.5445,36.1429,36.2528
331.8536,299.3703,35.9534,36.0659
331.2747,296.4086,35.7953,36.3373
331.6203,296.2672,35.6018,36.2314
330.3658,292.5106,35.9256,36.4974
327.6332,287.8701,35.3935,36.7832
324.1082,281.4675,35.1907,36.5486
321.8208,278.0927,34.5838,36.7262
317.4588,274.2068,34.5144,36.8931
316.9217,273.8502,34.4917,37.2248
313.3473,269.2537,34.7586,36.6986
307.9630,264.5340,34.7850,36.5661
304.5215,260.3134,34.4809,36.5206
300.4441,255.9568,34.1536,36.4323
296.9660,252.8913,33.7219,36.2667
297.0902,252.6377,33.3847,36.2115
293.4760,249.7796,33.0981,36.1013
290.2141,247.2598,33.2592,35.7142
286.0935,244.1779,33.0388,35.5569
282.3390,241.7233,32.7253,35.3583
277.9625,239.9282,32.6982,35.0842
277.6792,239.8141,32.6906,34.9579
273.2005,237.3884,32.2113,34.9392
268.0291,235.2977,32.2433,35.3752
262.3327,233.5321,32.3488,35.1953
256.6142,232.2727,32.1422,34.9993
250.0992,230.6814,32.2334,34.9111
250.3991,231.2097,32.4194,34.4415
245.6512,230.2155,32.7724,34.0641
242.4278,232.1506,32.2294,34.3177
239.1252,233.6191,31.8293,34.2586
234.2172,235.6023,32.1694,34.1542
232.2689,237.5994,31.7492,34.2097
231.8620,238.1969,31.4625,34.3652
229.3729,241.2602,31.9364,34.1842
230.0726,246.2990,32.0427,33.9810
229.8199,251.5306,32.3594,33.6828
230.3662,256.2590,32.3236,33.6341
231.6079,262.5088,32.8301,33.4698
232.0658,262.0975,32.7497,33.5489
235.1147,269.2385,32.8672,33.3241
236.5284,275.9557,33.2437,33.0797
242.3509,283.3841,33.2980,33.0326
247.1373,289.9064,33.7005,32.8116
252.5850,297.8946,34.3837,32.0604
251.9570,298.3983,34.9099,31.6596
257.9641,305.7256,35.0612,31.4479
261.4085,310.6453,35.7244,31.2247
263.4864,315.4615,36.1584,30.6029
264.8800,318.9790,36.8668,29.9190
266.1116,322.2221,37.6185,29.2697
266.1606,322.9938,38.1547,28.8132
267.0227,323.5180,38.5598,28.5109
264.3022,324.0661,39.1681,28.4117
259.3870,322.6804,39.9598,28.1993
251.8737,320.7263,40.6489,27.9531
244.5983,318.4789,40.8572,28.1142
244.5398,318.6528,41.0676,28.2847
237.7375,316.3138,41.3357,28.2233
231.6521,314.0862,41.5452,28.4603
225.0341,311.9430,42.0562,28.4270
219.5555,310.1064,42.0790,28.3853
213.2376,307.4500,42.1597,28.1548
213.0984,307.6147,42.2799,28.0599
206.6337,305.5403,42.6929,28.0049
200.0822,304.4182,42.9303,28.4623
192.6201,303.1703,43.6946,28.5774
184.3680,301.3072,44.2737,28.5538
177.2229,299.2104,44.3036,28.2138
177.6283,299.6620,43.9649,28.0007
170.0473,299.2542,43.7748,28.0973
162.6379,297.1698,44.0242,27.9368
155.3070,296.1526,43.9028,27.8952
148.1444,294.3695,43.9786,27.7022
141.6004,293.7071,43.9796,27.6483
140.7086,293.0746,43.9280,27.6096
134.9653,293.4854,44.1729,27.6436
128.7924,292.7356,44.3972,27.5095
123.4303,292.0774,44.6255,27.4974
119.2182,293.0713,44.5305,27.7073
119.6621,295.6805,44.5447,27.8077
120.1657,295.6568,44.6461,27.7990
125.4781,300.2319,45.3795,26.7785
135.3749,305.8917,45.2577,26.8985
147.8000,313.1424,45.7948,26.1674
161.1174,320.8270,46.8675,25.7550
176.8172,330.7614,45.9907,25.6069
182.0759,330.3238,46.0035,26.3901
195.7340,337.3441,46.1633,26.7585
208.5812,343.2425,45.8070,26.6057
219.0394,348.9104,45.4589,26.7556
225.1269,353.0456,45.0451,26.6730
230.4000,356.0634,44.3481,26.5920
230.1512,356.9081,43.7083,26.3667
235.4279,359.1339,43.2489,26.3608
238.5340,361.8138,43.2254,26.0261
243.3136,364.4891,42.9209,26.2114
248.1238,367.1431,42.7543,26.3844
254.3719,369.3783,42.6501,26.4642
262.8557,372.3813,42.2684,26.1834
263.2171,372.4132,42.0909,25.9953
272.8234,375.5591,42.3980,25.8363
282.6240,378.5508,42.8006,26.0305
291.3922,382.0720,43.3436,26.2468
301.8694,385.7322,43.0525,26.4049
310.9035,388.5567,43.3113,26.2591
310.7805,388.2179,43.3824,26.1777
320.4129,391.5716,43.5781,26.5424
328.3224,394.5274,43.4206,26.8535
334.9603,396.5039,43.5695,26.9375
339.5688,398.8200,43.7966,27.0672
346.3244,401.7587,44.2852,26.7677
346.0653,401.3965,44.5691,26.6552
352.9959,403.8079,44.9724,26.7707
360.7607,406.3012,45.3068,26.9470
369.4460,408.2888,44.9522,27.2807
379.0547,410.2202,45.0147,27.9307
385.0017,412.3493,46.2543,28.4070
384.6692,412.1782,46.8828,28.7087
393.6771,414.5761,46.3164,28.8321
403.2451,416.4781,46.1765,29.2347
413.1053,418.3886,46.4280,29.7048
423.0620,420.4462,46.5061,30.1291
434.2093,422.7307,46.7131,30.1703
433.3852,422.1614,46.9863,30.4337
445.2648,424.1842,47.0797,30.1718
454.8108,426.0087,47.1242,30.3243
463.2646,427.0175,47.0206,30.6220
470.5669,427.5349,46.9762,30.8886
476.6243,426.5550,47.4225,31.1771
476.8595,426.9614,47.6780,31.2764
481.7694,428.7718,48.5422,31.1747
492.1165,427.4719,48.2766,31.7153
500.3675,427.9751,47.6400,30.3635
513.4290,427.4505,47.4824,29.7854
528.4794,427.1169,46.4327,29.3795
529.6968,427.0789,45.3441,29.6695
543.4189,425.5851,44.7167,29.9118
556.2205,424.2751,44.6361,29.7172
569.4739,423.9610,44.7412,29.7098
580.1595,422.5180,45.3365,29.7616
593.0961,421.3095,45.7492,29.9271
593.0090,421.8291,45.9211,30.1268
603.8983,419.1085,46.4128,30.4485
612.4926,419.2851,46.6408,29.3511
618.6990,415.4001,46.8665,30.0057
621.7205,413.0183,47.1668,30.7491
622.7239,410.8983,46.8691,31.1785
622.2538,410.8084,46.9141,31.4190
621.9924,408.7591,47.1156,31.6013
620.9435,407.3334,47.1183,31.8272
619.0040,405.7631,47.1910,31.9286
617.1869,404.2526,46.9995,31.9774
615.3533,402.8259,46.5295,31.7919
614.9116,403.3106,46.4524,31.7071
611.3074,402.8085,46.1069,31.5256
607.6365,401.3707,46.1066,31.2655
602.7638,399.1386,46.4861,31.0384
597.4652,398.1391,46.2112,31.0579
592.9766,397.2988,45.9425,31.2959
593.1179,397.7650,45.7321,31.4537
589.7925,395.7527,45.0863,31.4901
583.9622,395.0402,44.9096,31.1143
579.2195,393.4799,44.8973,30.9060
574.5977,393.0727,44.7968,30.7507
570.6078,392.0406,44.3611,30.5097
571.2972,391.9931,43.9525,30.3850
567.2935,392.2463,44.3250,30.1849
564.5233,390.8430,44.2666,30.4385
560.7448,390.3260,44.5328,30.2952
557.0885,389.8215,44.5560,30.1364
553.1812,389.9580,44.5734,30.0275
553.6920,389.5852,44.4159,30.0170
550.0108,388.8610,44.8221,30.1852
547.9449,387.5894,44.4571,30.3562
545.4281,387.4024,44.2389,30.2289
543.5029,387.0250,44.1349,30.2439
541.7692,386.6558,44.0607,30.1836
542.0966,386.9727,43.9353,30.1291
539.8163,386.8647,44.6870,29.8963
537.6406,387.2059,46.0594,30.5046
535.4833,384.1705,43.8881,32.8197
533.8353,383.7930,43.8517,33.1467
531.9894,383.3625,43.9519,33.6114
531.6775,383.4604,44.1885,33.8780
531.0138,383.8074,43.8233,34.0468
531.3589,384.4620,43.7772,34.0716
531.0641,384.8308,43.7789,34.3883
532.9996,385.1951,44.5122,34.2080
535.0424,385.7443,44.2245,34.2648
535.1471,385.1710,44.1609,34.2062
535.3893,385.7071,44.0241,34.1689
537.8874,385.3146,43.5788,34.9144
540.8492,385.0479,43.8679,34.4804
543.5262,386.0335,43.8337,34.1583
546.9155,385.3767,44.4613,33.8578
546.4128,386.2110,44.6962,33.7810
551.2608,385.5954,44.6570,33.5752
556.8832,386.0424,44.6702,33.3743
562.6445,386.5586,44.5288,33.5211
568.2174,386.0577,44.4079,33.4035
575.2539,384.6879,43.9912,33.0538
574.6588,385.0254,43.8301,32.8392
581.3836,383.6601,44.1517,32.2236
586.9265,383.3670,44.9907,31.9066
596.0062,382.1190,45.0361,31.6634
603.8848,381.7953,45.2232,31.7207
612.0081,380.7310,45.2455,31.6294
612.3954,380.4526,45.1992,31.5921
618.8134,379.2694,46.0107,31.4663
626.0107,379.2871,45.8185,31.6298
632.0516,377.5500,45.9704,31.5811
636.3379,375.8819,45.9664,31.4684
640.1339,373.4675,45.9992,31.4398
640.4454,373.5052,46.0607,31.4043
642.6453,371.1392,46.5128,31.1221
646.3026,369.2239,46.1622,31.1341
648.6940,367.4632,46.4123,31.1003
651.2080,365.4360,46.8500,31.0665
652.8004,364.2084,46.9932,31.4713
653.3779,363.3595,47.0865,31.8667
655.6318,360.9608,47.2062,31.7801
656.6989,359.4961,47.1405,31.6271
656.1577,357.1721,47.3110,31.7031
655.5869,355.4439,47.3598,31.9605
654.5854,353.8180,47.1048,32.1134
654.3336,353.7054,47.2264,32.1978
652.7818,351.2082,47.1550,31.7675
650.5870,349.5251,47.0778,31.4269
646.9196,348.1934,47.0686,31.3817
643.8173,345.4923,47.4974,31.2975
639.3961,344.6699,47.7451,31.5911
639.3730,344.4116,47.7837,31.6952
635.6146,342.4922,47.6416,31.7948
631.0187,341.5565,47.6178,31.1710
627.2804,340.4534,47.4285,30.9454
623.2155,338.2302,48.0087,30.7380
619.1082,336.7879,48.2861,30.4297
619.9021,336.9485,48.4001,30.1366
616.5832,335.5755,48.3913,30.2115
615.2263,334.5977,48.3935,30.0680
614.1653,332.8375,48.2907,30.0131
612.5457,332.3149,48.5996,29.8899
612.3864,332.1033,48.6918,29.8775
612.1532,331.9535,48.5895,29.8725
612.5248,331.5319,48.5274,29.8508
613.3207,330.7781,48.5538,30.0461
614.3428,330.8504,48.6523,30.2057
616.7402,331.1416,48.7247,30.1767
617.9671,331.4518,49.1109,30.1308
618.2779,331.8227,49.1521,30.0737
620.3336,332.0500,49.0031,30.0538
623.0790,331.7292,48.9583,30.0776
624.9769,331.4122,48.8177,30.0935
627.2424,331.0990,48.7721,30.1583
627.4482,330.2730,49.0378,30.0384
628.1577,330.5422,49.1989,30.0691
627.2141,329.7137,49.5570,30.1006
628.8370,328.5105,49.6027,29.9325
628.8173,326.9226,49.6280,29.8518
627.7106,325.1850,50.0230,29.7843
627.6180,323.5226,50.1646,29.7736
626.9789,323.9619,50.5105,29.7069
626.3962,322.0123,50.4454,29.5197
625.1137,319.5679,50.2432,29.4687
624.4251,317.6736,50.1460,29.3415
