1
592.0436,201.2021,44.1582,37.0793
589.3056,200.1630,45.1686,36.3944
585.1846,199.5123,45.7786,35.7764
583.6162,198.5400,46.2416,34.8065
580.9910,198.2830,46.2504,34.4811
579.3842,198.0052,45.8130,34.1608
579.1600,196.7740,44.3811,33.8856
578.6785,196.5250,41.1387,34.9921
581.2546,196.1749,36.0769,37.7765
580.7181,199.8560,30.6168,41.8202
584.0218,196.4094,27.7456,43.7102
582.7775,193.2571,26.7759,43.7355
578.9547,188.7327,27.6565,41.0370
577.5582,188.5422,28.2190,39.1819
576.0947,186.4799,28.9954,36.9114
574.7905,186.6362,28.7708,36.3523
574.6325,186.3724,28.3242,35.9663
573.8993,186.1293,27.8043,35.7518
573.3047,185.6156,27.5048,35.4603
572.8647,185.6656,27.3463,34.9716
572.9119,184.6598,27.0557,34.7523
572.6675,184.3174,26.9324,34.2895
571.4551,183.8887,26.6701,33.9511
571.5368,183.9441,26.5509,33.5490
570.7830,183.8593,26.4335,33.0944
570.7672,184.1926,26.4365,32.6036
570.1766,184.6832,26.4301,32.0891
569.7936,185.0158,26.3283,31.7093
569.8306,184.6161,25.9743,31.6382
568.8893,184.1361,25.5715,31.4009
568.1193,184.1324,25.3081,30.8031
568.0366,183.6665,24.9627,30.5971
567.1715,183.0476,24.2874,30.4604
566.2359,184.7070,22.1727,32.2008
566.2948,185.5353,20.9145,33.8684
565.5325,185.4194,23.0834,32.2960
561.5890,186.9519,26.0637,30.7857
559.5284,188.0131,28.8024,29.8967
556.9158,188.9455,31.2023,29.4481
555.0735,189.4659,33.0531,29.5554
553.7013,189.1271,34.5359,29.9391
552.5347,188.9623,35.6865,30.6960
550.6465,189.1017,36.7645,31.3448
549.1016,189.1099,37.7087,31.7603
548.1815,189.0338,38.3824,32.3051
548.5117,188.7219,38.6879,32.5732
547.7515,189.4775,39.0228,33.1679
547.9348,189.0623,39.3812,33.4481
547.9741,189.1272,39.5226,33.5830
548.1185,189.6212,39.5881,33.9015
548.1544,190.1571,39.7841,34.1761
549.5208,190.7566,39.8336,33.8750
550.3406,191.2796,39.7758,34.0285
550.9825,191.9890,39.4340,34.1738
552.8608,191.2205,38.7092,34.2847
555.2718,190.7398,36.5552,35.1444
562.1140,198.7519,30.3397,41.4098
564.1697,190.3957,30.5367,39.5593
568.1102,189.4303,34.1921,36.6177
570.3264,188.4640,39.7528,32.3988
572.1307,190.7551,44.0453,29.7512
572.9969,192.0056,46.8530,28.3708
573.0585,193.2430,48.9374,27.6063
574.9257,194.3455,49.8083,27.3485
576.3259,195.1200,50.2448,27.4705
578.3978,196.0737,50.6855,27.4564
579.9933,196.5440,50.8183,27.6245
581.9094,197.1348,50.8540,27.6067
583.5667,197.2970,51.0251,27.7840
585.2585,197.7067,51.1434,27.8808
586.9293,197.8945,51.1984,27.9146
589.2038,198.3979,51.6978,27.8978
590.5423,198.7891,51.6215,28.0255
592.3202,198.8964,51.9038,28.0561
594.7499,199.6443,52.0296,27.9989
596.4536,199.9718,52.0812,28.0772
598.5813,200.4818,52.3877,28.0885
600.1144,200.7198,52.2859,28.3080
601.5217,200.8940,52.1315,28.4298
603.2045,201.6301,52.4372,28.4491
604.4656,202.3884,52.7889,28.4678
606.0050,202.7990,52.8124,28.5584
607.9698,203.1644,53.0614,28.6028
609.6508,203.8635,53.2861,28.5649
610.5690,204.4431,53.5704,28.6700
611.3393,205.2426,53.6940,28.7727
612.7969,205.5820,53.8603,28.8155
614.6221,205.9610,54.0380,28.8353
615.8674,206.4328,54.2601,28.9325
616.7648,206.9841,55.0084,28.8980
617.3761,207.4736,56.9472,28.4608
617.2734,208.4751,59.4317,28.1908
617.5616,209.3401,61.6393,28.2442
617.9971,209.4061,62.8424,28.6375
618.0632,209.7599,63.6747,29.1693
617.6839,210.2363,64.4343,29.7371
617.1348,210.6236,65.0010,30.1743
616.7061,211.2089,65.4076,30.5351
617.6014,211.3962,65.6165,31.1897
618.1610,211.6429,65.6747,31.8056
617.8176,211.4734,64.9878,32.4454
615.6010,210.7967,62.4654,33.4530
614.0980,212.6998,55.8963,37.1952
613.3059,218.3255,46.4385,45.0721
617.2843,216.0806,40.2623,49.7974
616.0671,209.4119,38.8240,48.3994
615.3395,208.9087,38.1120,46.9617
614.0649,209.3229,37.7453,45.4663
612.5229,209.4779,37.2502,44.3127
612.3740,208.8663,36.2012,43.9341
611.1485,208.3125,35.4191,43.2740
609.8325,207.4354,34.6452,42.8051
608.8696,207.3088,34.0347,41.9849
606.6046,206.5930,33.6134,41.2038
604.9567,206.1763,33.2337,40.4325
603.4651,206.4291,32.9024,39.3709
601.8058,206.0717,32.5128,38.7129
600.5590,206.0496,32.1792,37.8118
598.8765,205.7486,31.7120,37.3406
596.8930,205.3120,31.2855,36.9829
595.1952,204.5845,30.9577,36.7399
594.1924,204.1222,30.6120,36.4314
592.6728,203.8227,30.3870,35.8354
591.3837,203.5538,30.1182,35.3613
589.6501,203.2442,29.9117,35.1123
588.9458,202.4601,29.3177,35.3884
590.4418,203.5879,26.8873,38.0166
590.1606,205.5589,24.3220,40.8883
590.2773,198.6572,27.3524,37.0984
593.6119,196.1874,30.1546,33.9395
596.7205,196.2872,31.6232,32.0859
596.0370,196.6431,32.5384,30.7371
595.4968,197.3248,32.8285,29.3905
595.3683,197.6587,32.9338,28.4406
594.9145,198.0570,32.9818,27.5857
594.1968,197.8793,32.9797,26.9393
593.1030,198.1085,32.9647,26.4452
593.1950,198.1591,32.4518,25.8467
593.0406,198.0706,31.8974,25.3317
593.2531,197.8795,31.3660,24.8143
593.0446,197.9830,30.9028,24.2198
593.5617,197.6828,30.3655,23.7251
594.2803,197.7693,29.8106,23.3231
594.3910,197.7333,29.3230,22.8583
594.8788,197.8940,28.7456,22.4521
595.8270,197.1742,28.1754,22.2648
596.7650,197.3773,27.5557,21.9876
598.4540,197.3580,27.0657,21.7740
599.4585,197.0386,26.8727,21.5137
600.1891,196.7871,26.7575,21.2215
601.2095,196.5831,26.5712,20.9977
602.4821,196.6529,26.4456,20.8385
604.1913,196.9221,26.6430,20.6915
606.6573,197.0370,26.9950,20.7120
611.4539,196.6427,28.1077,20.6781
616.3681,197.3222,29.2569,20.9471
620.7550,197.2461,29.8980,21.4454
623.0089,197.4413,30.3950,21.8801
624.2440,197.3593,31.1181,22.1412
623.7393,198.3168,33.0683,21.4733
623.0007,198.9575,34.7336,21.1323
622.1186,198.6269,36.6037,20.8679
623.8112,198.7579,37.6446,21.0199
625.2928,198.7098,38.3700,21.2181
626.9698,198.2857,38.6547,21.3406
626.2620,198.5255,39.6856,21.2975
628.2401,198.0093,40.3368,21.3459
627.6265,197.8914,41.5084,21.2099
626.7632,197.5860,42.3621,21.2612
629.4540,181.8483,38.5786,25.1541
616.4434,177.1590,38.6662,23.9338
2
0
0
0
0
1
621.4397,197.6524,49.0406,33.3259
620.3997,197.8922,51.0646,33.5586
619.4318,197.6172,52.8497,33.7616
618.3956,197.9960,53.8189,34.0515
617.8563,197.8308,54.9393,34.6010
617.3088,197.8011,55.7443,34.9984
616.3491,198.0344,56.5533,35.5168
615.7173,197.8816,56.8790,35.8812
613.3464,197.3027,56.2748,36.4052
609.6003,196.8546,53.5519,36.0479
609.9791,204.4056,45.1249,44.1234
612.3253,207.4769,37.6222,52.7994
611.2586,203.2709,33.7144,57.9900
610.4127,198.6203,33.1139,58.8807
609.1130,196.5139,33.2478,58.4238
607.9444,197.9993,32.9040,58.9029
606.9445,196.3145,32.9157,58.4375
606.2783,197.8567,32.3774,59.3531
606.2946,196.2370,32.0135,59.4016
606.1923,195.6903,31.6452,58.9788
605.2827,194.8257,31.6170,58.1904
604.3086,197.1481,31.3871,58.5564
603.4852,195.9371,31.4384,57.9669
602.8604,197.7512,31.1535,58.4651
602.3298,196.0036,31.0982,58.0803
601.5284,195.2849,31.2607,57.0996
600.4833,197.5250,31.0946,57.4969
599.8198,196.4192,31.3203,56.6196
598.1740,197.7601,31.2839,56.9063
597.4238,196.3763,31.4516,55.9991
596.3581,197.6880,31.3880,56.3334
595.3994,198.4207,31.1327,56.9571
594.7729,196.6850,31.0696,56.4524
593.6401,197.9550,31.0703,56.7506
592.9553,196.3487,31.1893,56.3075
592.1423,198.2286,31.1347,56.6339
591.8217,196.4535,31.2286,55.7818
590.4286,198.7314,31.2564,55.8580
589.9347,196.9097,31.3598,55.3866
588.8765,198.3433,31.3785,55.7784
588.5056,196.7497,31.5453,55.1368
588.2620,198.3195,31.3569,55.6876
587.3787,197.0562,31.6700,55.1050
587.2517,198.2360,31.4955,55.6893
587.1012,199.3523,31.4545,56.2276
587.2572,197.0514,31.7459,55.6263
585.4661,194.5491,34.0641,51.9163
580.7033,196.4913,37.2504,48.0563
572.5765,198.9212,41.7439,44.4780
563.4496,200.9961,44.8027,42.1222
557.8828,202.5588,46.3667,40.2114
556.5403,203.9255,51.0866,36.1529
554.1332,205.2836,54.8968,33.5990
550.3876,207.0298,57.9583,32.2265
548.2180,208.4276,60.0998,31.2829
544.5064,209.7988,62.3532,30.9469
542.1262,210.2115,63.8556,31.0042
538.6415,210.9615,65.7778,31.2396
533.8077,211.5955,67.2771,31.5789
528.9429,212.0197,68.4981,32.2528
525.1705,212.5194,69.3529,32.9322
521.8744,212.6945,70.1971,33.5904
516.7866,213.3229,71.0200,34.1083
512.2996,213.5051,71.4096,34.5983
507.5685,213.8622,71.2709,34.8397
504.3152,215.4263,71.2121,34.9458
500.5038,215.9140,70.5681,35.5911
496.7408,216.1898,70.4852,35.8449
492.9387,216.5168,70.2996,36.0305
488.2495,217.5159,70.7026,35.9584
482.6642,218.0193,71.0804,36.2382
479.1983,217.9615,70.8599,36.6071
473.1844,218.6277,70.8374,36.8117
469.0564,218.9160,70.5395,37.0464
463.9342,220.3321,71.0934,36.9745
459.9521,221.3151,70.8734,36.8428
455.7312,222.1445,71.0817,36.8245
450.7268,222.9982,71.7178,36.7089
447.5041,223.3598,71.3703,37.0933
442.9426,223.9301,71.3796,36.9676
439.7596,223.9685,70.8140,36.9791
436.6649,224.3293,70.2301,36.7958
433.4434,224.0698,69.5790,36.7891
431.5238,224.1196,68.6445,36.6612
430.5092,224.9276,67.2009,36.4542
431.6784,226.2193,64.8648,36.1342
432.9375,231.0490,59.1584,39.3882
432.9301,231.3553,54.2768,41.5609
434.2263,231.8483,50.0877,43.2295
434.0270,231.9502,46.8703,43.8524
433.8741,231.9658,44.7168,43.9031
433.3392,231.8598,43.0604,43.5338
432.5707,232.2093,41.7275,42.8693
431.8780,232.5884,40.7272,42.0510
431.4113,233.5167,39.9691,41.0569
430.9207,234.3305,39.3080,40.0606
430.6432,235.4503,38.7751,38.9587
430.5159,235.6185,38.3107,38.0356
430.2681,236.5621,37.9608,37.0089
430.2208,237.2697,37.5994,36.1735
430.1478,237.8220,37.3848,35.2204
429.8906,238.2127,37.1056,34.4297
429.2971,238.9498,37.1055,33.5225
429.1028,239.6670,37.2675,32.8321
427.0875,239.9248,38.5416,32.0342
422.0537,240.6105,42.9675,29.9761
414.7055,241.0113,47.9508,28.2871
410.4601,241.2812,52.1876,27.3948
407.6611,241.6636,55.5887,27.0748
406.0316,242.7179,58.1347,26.9967
404.9172,243.6400,60.3072,27.5358
403.8673,244.8117,61.8892,28.2676
403.6750,245.7543,62.7662,29.0803
402.9789,247.4585,64.0975,29.6459
401.3679,248.9150,64.9208,30.3770
400.0802,250.1012,65.4349,30.9768
399.2349,250.5170,66.0087,31.4527
398.1217,251.1739,66.3001,31.8038
396.4511,252.9024,66.7353,32.0615
396.4515,252.7020,66.4250,32.6307
397.0373,253.5393,65.6733,32.7707
400.0262,254.2642,63.7237,32.7597
403.3292,255.5853,60.8026,32.8416
407.2443,259.9489,55.2488,36.0427
410.2649,259.1117,50.8675,38.2080
412.7261,258.8706,47.7328,39.0018
414.5529,259.0076,45.5917,39.0335
415.7349,258.8036,44.0841,38.5658
416.9536,258.8318,43.0566,37.9120
417.2264,259.4912,42.4645,37.0701
419.0421,259.9684,41.6063,36.2634
419.9839,260.1754,41.3105,35.4295
420.4015,260.5945,41.2044,34.4734
420.9435,260.9802,41.0136,33.6086
422.5307,261.0263,41.0074,32.8542
421.5468,260.3252,42.1140,32.1369
416.5438,259.4908,46.3584,30.0562
407.9823,259.1537,50.4904,28.4264
407.3937,258.4678,52.8942,27.8351
408.2903,257.9110,53.8284,27.8932
410.2128,258.1279,53.9763,27.9509
410.8301,257.4252,54.1797,28.1456
411.1649,257.8307,54.3265,27.9053
411.2342,257.4624,54.8568,27.9596
411.6418,256.8607,55.3371,27.8986
410.9930,257.0846,56.1979,27.7497
412.3218,257.2899,56.4757,27.8177
412.9275,257.9076,56.7826,27.8225
413.9507,257.7208,56.8025,28.0772
415.1444,258.1087,57.3821,28.0185
417.0667,258.3761,57.2733,28.3296
417.9383,258.2846,57.8085,28.6078
420.2770,258.3224,57.9207,28.8395
421.8710,258.4507,58.2353,29.0729
424.3541,257.6884,58.3533,29.3091
426.9238,257.3424,58.6258,29.4386
428.9792,257.1223,58.4362,29.6092
432.4316,256.9743,57.7655,29.8183
437.0753,255.8499,56.0823,30.0656
445.3174,258.4398,51.1307,33.5177
453.8694,260.4805,44.8764,39.7508
462.1224,257.2793,38.6392,45.0149
468.2430,257.7324,32.6246,51.5184
473.6758,254.5921,28.4877,56.0353
477.9867,252.2657,25.7565,59.0887
482.5603,252.0807,23.9626,61.8587
486.8604,248.7901,23.0874,63.3302
489.6994,246.5525,22.6849,63.8520
493.8397,245.0574,22.4279,64.0697
497.4092,245.2942,21.8922,65.1443
500.1046,242.7810,21.8305,65.0868
503.8311,241.3990,21.7553,65.1079
507.2347,243.2742,21.6128,65.6116
510.7856,240.4440,21.6573,65.6719
514.3325,238.8531,21.5574,65.4493
516.9907,239.8887,21.7929,65.5501
520.7799,236.8524,21.9309,65.0310
524.2512,236.9955,22.0813,64.9451
527.3405,233.9387,22.3247,64.4637
530.9918,233.9970,22.3456,64.6509
534.7769,231.4744,22.1233,64.7691
537.4128,229.2666,22.2551,64.6303
540.5688,228.0093,22.2366,64.4864
543.5030,227.9773,22.1445,64.7893
545.6220,225.4801,22.6068,64.2138
548.5073,225.3424,22.7890,64.4297
551.2006,224.6126,23.0733,64.3189
553.0941,220.6828,23.9258,63.6269
550.2530,215.8902,26.8805,59.6178
547.1345,211.6347,32.5474,52.5833
541.4920,212.7614,38.0617,47.2150
536.7473,213.3897,41.9000,43.6580
537.4595,212.9002,48.5183,38.6553
533.2680,213.1058,49.7448,37.8195
534.7660,211.4879,50.6950,37.4097
537.8957,210.0641,54.6692,34.5614
538.1800,209.0298,57.6670,32.7912
537.8519,208.0808,59.6748,31.9214
538.8073,206.6518,60.7863,31.6415
539.2051,205.2009,61.6269,31.4778
539.6233,203.8751,62.0376,31.6365
540.1823,202.2690,62.5437,31.7927
540.8411,200.8451,62.7633,31.8869
541.4847,199.4866,63.0098,31.9866
541.3804,198.0829,63.2944,32.1735
542.2452,196.8758,63.4250,32.3139
542.1192,195.8035,63.2812,32.5403
542.3497,194.6898,63.1755,32.6987
542.5223,193.2981,62.8955,32.7542
542.9907,191.4449,62.7392,32.7678
542.4554,190.3327,63.0088,32.6226
543.3518,188.1279,63.0115,32.6662
542.6617,186.6666,63.2138,32.6646
542.9783,184.4048,62.9871,32.7535
543.8043,182.8421,62.6979,32.7955
543.9445,180.5868,62.6463,32.9520
543.6293,178.4356,62.6313,32.9962
545.2776,176.0621,62.0497,32.9690
547.9116,173.9757,60.7432,32.8580
553.2379,175.6267,54.7345,37.0262
560.9196,177.3458,45.6004,44.7558
565.9065,178.8309,37.0969,54.1230
568.9929,173.6086,31.8259,59.9224
571.3597,168.2755,29.1785,63.0851
571.0688,165.4402,27.2683,65.2183
571.6077,163.1028,26.0617,65.9625
572.2158,161.0914,25.3395,66.2523
571.8489,159.4273,24.8389,66.3443
571.9127,158.1402,24.3863,66.2310
571.7695,157.0142,24.0120,66.1398
571.7493,155.9277,23.7159,66.0178
571.3251,154.7262,23.3856,66.0851
571.6440,153.9105,23.1092,66.2356
571.0396,152.5324,23.1074,66.0910
570.8979,151.6009,23.0309,65.8359
570.1985,150.5219,22.8744,65.6540
569.5911,149.6312,22.6381,65.6411
569.7664,148.7630,22.4825,65.6626
568.9378,147.9722,22.4386,65.5151
568.4653,146.8136,22.1238,65.6748
567.2250,145.5515,21.9057,65.6206
566.4681,144.6967,21.7738,65.4328
566.0961,144.0503,21.6537,65.3657
565.8038,143.2389,21.5387,65.3168
565.5265,142.6259,21.2528,65.5030
565.0148,141.8328,21.1653,65.3238
564.3389,141.1788,21.0953,65.0903
563.7659,140.6435,21.0675,64.7446
563.4801,140.1321,20.9420,64.7246
563.5264,139.2841,21.0471,64.1550
563.4733,138.8875,20.9560,63.9573
562.6686,138.8679,20.7513,63.9427
562.4062,138.1829,20.8640,63.6051
561.9133,137.7404,20.7188,63.4848
561.3913,137.6135,20.4437,63.7561
563.0037,136.9646,20.5049,63.6965
561.1445,136.6747,20.6854,63.3850
561.3145,136.4048,20.4189,63.4883
561.2417,136.3430,19.8849,63.9996
561.0764,136.5885,20.7247,63.1622
551.6474,126.6566,26.9718,55.4520
540.6858,128.7122,34.1876,48.5268
531.2271,131.1304,39.9725,43.7262
529.4338,133.0077,47.3999,38.4613
526.8140,134.6733,52.9899,35.2752
523.5807,135.8909,57.2256,33.5744
521.7556,136.2334,60.0103,32.8318
519.7258,136.6143,62.3740,32.3401
518.1548,136.6541,63.7641,32.2723
516.5529,136.5458,64.8785,32.4029
515.9713,136.1687,65.6152,32.5393
514.3613,135.7238,66.5116,32.5927
513.9542,135.9218,66.6997,33.0998
512.8954,135.6682,67.0490,33.3875
513.5394,135.5721,67.1461,33.5184
512.7796,135.2331,67.2029,33.8154
512.5146,135.2120,67.3852,33.9759
512.8707,134.8950,67.2487,34.1234
512.9138,134.3976,67.3840,34.2631
512.4999,134.5500,67.4970,34.4204
512.0710,134.2157,67.4936,34.4707
511.5604,133.7560,67.7921,34.4762
512.0037,133.7415,67.4738,34.4539
511.5490,133.3459,67.3431,34.6747
512.3090,132.6665,66.3493,35.0495
517.4053,131.7503,63.8047,35.3543
524.6481,136.3623,56.8017,40.2505
531.5703,140.5367,47.1042,48.9718
536.4708,142.0459,38.5723,58.0411
540.3893,138.9430,32.8830,64.1149
540.5939,136.1294,28.8196,68.3536
541.8394,134.7773,26.4064,70.4137
542.4218,133.4532,24.5819,71.8582
542.9399,132.5811,23.4348,72.4766
543.3668,132.5146,22.5798,72.6662
543.7155,132.3175,21.9265,72.6784
543.0595,132.0760,21.3525,73.0455
543.2226,131.6350,21.1141,72.5385
542.8059,131.1964,20.7352,72.3705
542.8463,130.9035,20.5226,72.0161
542.6870,131.3338,20.5250,71.5256
542.8696,130.7238,20.3796,71.0715
542.8466,130.5604,20.1743,70.5580
542.2609,130.6906,19.8558,70.4858
542.2518,130.9011,19.6159,70.2510
542.0382,130.7746,19.4295,69.6199
544.1638,130.3526,19.4047,69.2535
542.6288,131.0088,19.0294,69.3069
542.0367,130.8043,19.0132,68.8558
541.8716,130.4929,19.0579,68.0507
543.8151,129.3819,19.1805,67.7022
542.5819,129.5834,18.8818,67.4435
541.9019,129.2485,18.8368,66.9832
544.0202,128.4251,18.8052,66.7817
543.1899,128.5806,18.7081,66.5616
542.5267,128.7879,18.7206,66.0909
542.6580,128.5601,18.7282,65.4291
541.4307,128.2394,18.8176,65.0705
541.7405,127.8469,18.7358,64.7675
541.2637,127.4658,18.6306,64.6630
540.8528,127.2853,18.6215,64.2823
540.9761,127.2600,18.5790,63.9185
540.3348,126.8493,18.7166,63.7587
540.4807,127.1447,18.7165,63.4114
539.8705,128.0171,18.5286,63.6333
539.5696,127.4251,18.6154,63.4494
539.0548,126.6422,18.5856,63.4511
538.8995,126.5245,18.6175,63.1462
540.6558,126.3012,18.4588,63.3648
539.4935,126.3958,18.4094,63.3998
538.7826,126.1879,18.4941,63.4530
538.3643,125.6038,18.6050,63.3272
537.6863,125.4657,18.7019,63.1535
538.8018,124.7782,18.7492,63.3300
537.7913,124.7913,18.5084,63.5899
538.1420,123.1846,19.1518,63.1101
537.5061,120.6053,21.2904,60.5487
537.2380,119.1855,25.1180,55.8809
537.3267,118.2674,30.9618,49.7758
537.3802,118.9438,35.4438,44.8904
537.2605,120.5458,38.6492,41.3587
537.6472,120.7506,40.6135,39.1221
537.6113,121.4259,41.9227,37.6116
537.7148,120.4785,42.6660,36.5700
538.1448,120.4832,42.8767,35.8153
538.5219,121.3956,43.0383,35.0708
538.1205,121.2082,43.0699,34.6867
537.8606,120.0921,42.9661,34.6147
537.4779,119.6862,42.8044,34.5258
537.0306,119.3968,42.4309,34.4957
536.4910,119.0668,41.9972,34.5410
535.1865,118.5272,39.9124,35.3049
532.2726,123.1120,33.7456,41.8021
533.0909,118.8111,31.5484,44.3093
525.1646,113.9359,35.1805,40.5664
516.8214,113.4372,41.4588,36.0376
512.9400,113.3367,46.9679,33.0503
510.2234,113.3038,51.2750,31.3344
508.3936,112.8687,54.0343,30.4740
507.2594,113.1990,56.3901,29.8083
507.0266,113.1141,57.8334,29.7144
506.0509,112.7499,59.0496,29.6756
505.4130,112.1516,59.7775,29.6711
505.3936,111.8788,60.0478,30.0023
504.9275,111.6411,60.5531,30.1553
504.5696,111.3939,60.7626,30.5434
504.3893,111.2843,60.8599,30.8551
503.2949,110.5577,60.3762,31.3878
503.6669,109.5923,60.1513,31.7165
502.4959,109.3455,60.5346,31.6567
502.0573,109.0365,60.5709,31.5627
501.4736,108.6234,60.6190,31.5997
501.7562,108.4900,60.9101,31.4828
500.3200,108.1466,61.0378,31.5453
500.2213,107.9965,61.0176,31.5473
500.5650,107.5690,60.8297,31.6667
499.2353,107.5920,60.6260,31.6093
500.6607,107.6148,59.6593,31.8033
503.7163,109.8448,54.9646,34.9719
511.5681,115.8886,46.7414,42.9008
515.5969,117.1790,39.0432,51.1893
519.4050,108.4410,35.7340,53.4134
523.3691,102.0944,37.7661,49.0745
523.2393,102.3695,39.6782,44.9573
522.5814,103.4294,41.0492,41.7481
521.6475,104.9482,41.6855,39.4673
520.4302,105.3149,41.8947,37.9202
519.9576,105.5649,41.8781,36.7489
519.5287,106.3968,41.5771,35.6751
519.3041,106.4372,41.1943,34.9020
518.7993,106.1461,40.7734,34.4347
518.3533,106.7242,40.4824,33.8258
518.3072,106.2868,40.0231,33.4048
517.8692,106.6040,39.7036,32.8710
517.8607,106.2673,39.3403,32.5022
517.5753,106.6816,39.0001,32.0949
517.5375,106.4693,38.7381,31.7919
517.4394,107.0048,38.5245,31.3674
517.3317,106.8940,38.3074,31.1116
517.3779,107.0345,38.1399,30.7914
516.9218,106.9609,37.9378,30.5666
516.6455,107.3386,37.6560,30.1760
516.5157,106.8819,37.3264,29.9927
516.6563,106.8971,36.9686,29.7893
516.3688,107.4496,36.5990,29.3842
516.3848,106.8674,36.2111,29.2359
516.1030,106.9285,35.4553,28.9916
513.8784,106.8226,32.7156,30.4193
515.0360,115.2656,27.9526,36.0380
505.9119,102.7107,30.3141,33.0508
494.0614,104.5809,32.9613,30.6592
490.5420,106.3521,37.4984,27.4890
488.5015,108.3647,41.5643,25.6810
488.4997,109.4985,44.9372,24.5830
488.4732,110.4247,48.2198,23.9537
488.9806,110.9711,50.5983,23.9556
489.0473,111.1157,52.6198,24.4635
489.5371,111.0122,54.6144,24.7320
489.2823,111.2962,56.3019,25.1017
489.7168,111.2875,57.7786,25.5665
490.2458,111.6192,59.3508,25.9219
489.2860,112.1670,60.8511,26.0416
489.8901,112.3743,61.8841,26.3388
489.7359,112.5957,62.6062,26.7621
490.1261,112.2932,63.2872,27.2748
490.1936,112.2947,63.8591,27.7408
491.0076,112.6690,64.2426,28.1279
491.3702,112.8078,64.5146,28.6572
491.6738,112.8699,64.7018,28.9312
492.9928,113.0104,64.6138,29.4598
493.4279,113.5622,64.9016,29.5180
493.8460,113.7825,65.1958,30.0298
494.2240,113.6810,65.4716,30.7510
495.1821,113.8078,65.3679,31.1416
495.7697,113.9230,65.5617,31.5964
497.2291,113.9134,65.5792,31.9963
497.8773,114.5945,65.6190,32.2119
499.6031,115.1035,65.7785,32.4883
500.2666,115.4340,65.9222,32.8816
501.4145,115.5258,66.2051,32.8780
501.3163,116.5781,66.1670,33.0661
501.2217,117.3243,66.2131,33.2037
501.5070,117.6309,66.3520,33.5010
502.9657,118.3121,66.4619,33.2483
503.3844,118.6865,66.7794,33.2621
502.7812,119.1627,67.3493,33.1656
502.9292,119.5844,67.3251,33.3413
503.1317,120.2500,67.3212,33.3704
503.6505,120.3281,67.1213,33.5136
503.8126,120.3192,67.0834,33.7094
503.9054,120.1645,66.9184,33.8999
504.6320,120.4904,66.6632,33.8881
505.1219,120.7059,66.7648,33.8726
504.9919,121.0291,66.6445,33.9243
505.7539,121.5647,66.8565,33.9493
506.6350,121.8888,66.5720,33.9118
507.4471,122.1199,66.5034,34.0550
507.7032,122.2742,66.3742,33.9223
508.2212,121.8696,66.2039,34.0294
508.2719,122.3704,66.2357,33.8385
509.1163,122.8489,66.2049,33.7412
510.2183,122.7630,66.3464,33.6227
509.6379,123.9225,66.8716,32.9442
510.7587,124.5744,66.8637,32.8845
511.3000,125.3665,66.9214,32.7722
512.5350,124.8532,66.6400,33.0805
512.8585,124.9537,66.8299,32.9896
514.6026,125.7537,66.7199,32.9664
514.3026,126.6539,67.0721,32.9787
515.9319,126.2638,67.0758,33.2996
516.6769,126.5786,67.1019,33.3565
518.1597,126.6574,67.1167,33.5647
519.1752,126.6833,67.4469,33.5235
520.2044,127.1296,67.6936,33.4709
520.2988,127.3442,67.7078,33.5115
521.4595,126.1594,67.5729,33.7489
525.4539,124.4397,65.2764,34.1335
532.9294,128.7080,58.5663,38.8821
543.2267,137.2968,48.1849,48.6806
546.9113,133.0894,39.7916,57.1688
552.7993,125.4739,36.4924,59.4403
555.3616,121.7717,35.4851,58.4140
556.4269,122.1950,34.9636,57.6318
557.0097,122.2399,34.3224,57.0048
557.4583,122.5824,33.9664,56.1897
558.1127,122.8573,33.3430,55.9820
558.3391,122.7617,33.0485,55.5170
558.7419,122.8533,33.0028,54.6856
559.2357,123.3553,32.8674,53.9772
559.2922,123.2862,32.6067,53.4478
559.3463,123.2255,32.3831,52.9996
560.5339,123.6893,32.3855,52.2841
560.3699,123.6416,32.1031,52.2345
561.0851,124.2393,31.7071,52.1264
561.2424,123.3849,30.9985,52.3964
562.3439,123.5893,30.1931,52.5859
562.6235,125.8988,27.7213,55.1115
567.0742,127.0307,25.0754,58.9924
556.6205,114.5716,31.1068,52.1402
545.3923,117.7963,37.7752,46.4756
542.0052,120.0940,43.1257,42.2870
542.1873,121.0972,49.9014,37.8290
541.5328,122.3875,55.0059,35.0504
540.3258,123.1042,58.4356,33.6806
539.9221,122.9185,60.8416,32.9788
540.4865,122.3064,62.4577,32.5874
540.4070,121.7617,63.4734,32.4402
540.9362,121.1956,63.9765,32.4431
540.9062,121.6990,64.3787,32.5375
540.3124,121.6673,64.6892,32.7527
540.3007,121.2021,64.7426,33.0936
540.6412,121.0053,64.8043,33.2703
540.2944,121.0648,64.8975,33.4039
540.6074,120.7714,64.9329,33.5421
540.9700,120.5210,65.1757,33.5506
541.0305,120.4325,65.3587,33.5270
541.1389,120.3846,65.4053,33.4574
541.2599,120.3761,65.4251,33.5171
541.3814,120.7536,65.3955,33.5092
541.2202,120.5701,65.3331,33.7272
542.6863,119.9613,64.2582,33.7839
546.1825,119.4292,59.3135,36.5998
556.8637,126.9850,49.3922,45.1790
561.0540,126.2679,41.3823,52.2141
567.3908,115.9177,41.4185,49.6774
567.9274,115.0846,43.3125,46.1135
568.2609,116.6995,44.9252,43.1376
567.8690,117.3467,45.9280,40.8112
566.6826,117.6237,46.1267,39.1733
566.6475,118.2898,45.8659,38.0035
565.8527,117.5379,45.5750,37.2855
566.0726,117.5781,44.8450,36.5559
566.4241,117.7808,44.2972,35.9086
566.3099,117.4192,43.9578,35.3161
566.9423,118.1387,43.5054,34.8501
566.3843,117.6036,43.4199,34.5252
566.3616,118.5151,43.1456,34.0935
566.6600,118.0282,42.7010,33.9905
566.7922,118.7236,42.4465,33.6414
567.3806,118.0569,41.9650,33.6712
567.6160,118.6483,41.8121,33.2506
567.8607,117.7795,41.7759,33.1456
568.1709,118.1175,41.5783,32.9764
567.9681,117.6134,41.5981,32.9272
567.7056,118.2865,41.6172,32.8041
567.5359,117.9114,41.5737,32.9177
568.5066,118.1527,41.3198,32.9503
568.6735,117.4352,41.3105,32.9797
568.5140,117.4779,41.3619,32.9022
568.9481,117.0105,41.3071,33.0836
569.6534,117.5035,41.8880,33.1514
570.0333,118.5921,43.4475,33.3173
571.3454,119.7104,45.0494,33.6158
571.0692,120.2711,47.2407,33.4416
571.1593,120.4800,48.7398,33.7522
570.9830,120.6328,49.6812,34.0125
571.9973,119.7335,49.8299,34.6297
572.7345,119.4175,50.4068,34.6548
573.0231,119.4053,51.0437,34.7393
574.5488,119.2017,51.3256,35.2254
574.4337,119.1408,51.8331,35.3525
575.0283,119.7813,51.6176,35.4909
576.2291,118.5445,51.5368,35.7236
577.0355,118.6720,51.4429,35.9164
577.6370,118.9666,51.3360,36.0439
577.3495,118.2641,51.6371,36.0791
578.5993,118.5387,51.3941,36.1309
578.3637,117.8073,51.5364,35.9504
578.2025,117.8575,51.6192,35.7690
578.0869,117.9390,51.6668,35.6158
578.1254,117.7845,51.6035,35.5782
578.9951,118.0446,51.5168,35.6148
578.5212,118.1456,51.5906,35.4927
578.1078,117.6481,51.4637,35.5190
578.7063,116.6243,50.0162,35.4394
575.2991,116.9062,44.7265,38.3058
577.3558,124.2727,36.7235,47.1615
571.4105,112.0526,38.5754,44.6542
564.6325,109.4448,44.9773,39.4241
560.8807,110.4774,50.2602,36.0374
558.9619,111.4987,53.9094,33.8825
558.1641,112.3496,56.3225,32.6511
557.4600,112.3438,58.1026,32.2458
558.0807,112.5187,58.9460,32.0327
557.8250,112.5433,59.7653,32.0676
558.1409,112.3620,60.3456,31.9756
558.1259,112.8196,60.8434,32.1601
557.6105,112.6182,61.0543,32.4832
557.4728,112.9021,61.3872,32.5647
556.6552,113.3104,62.2680,32.8329
555.4998,113.7320,63.1037,33.1513
554.4260,113.9787,63.8607,33.2275
553.1172,114.6030,64.5462,33.5912
552.0623,114.8120,65.1714,34.1428
551.4836,114.6122,65.8221,34.4722
549.9020,114.3899,66.2274,34.9260
549.4300,114.3278,66.8227,35.3395
549.1744,114.0460,66.6534,35.3310
548.5314,114.2215,66.7351,35.4301
548.0670,114.0498,66.8105,35.5397
547.7847,113.8500,66.8484,35.6070
547.8931,113.6252,66.9001,35.6268
547.6815,113.7718,66.8387,35.4263
547.4450,114.1750,66.8281,35.3337
547.0190,114.1920,67.1402,35.5308
547.2413,114.5216,66.9378,35.7213
547.5930,114.2949,67.0892,35.9515
547.5765,114.4086,67.2268,36.0053
547.7541,114.4264,67.3087,36.1602
549.7074,113.0065,66.3804,36.3977
554.2106,114.8757,60.6782,40.1112
564.5102,119.4524,50.6189,49.1956
568.5394,120.2510,41.5401,58.3988
572.7753,111.8944,38.4679,60.5615
574.5963,107.8577,37.6419,59.3510
574.5095,108.1125,37.0123,58.6572
574.5918,108.3335,36.5260,57.8405
573.4457,108.3855,36.0675,57.2085
572.7875,107.7162,35.7071,56.6259
572.6390,107.1917,35.5580,55.7321
572.6162,107.5346,35.4414,54.9180
572.0625,107.9931,34.9310,54.6820
572.0558,110.3094,32.2392,56.6587
572.3271,115.9630,27.4598,62.3788
562.3432,101.4772,32.8842,55.8730
552.3978,103.0671,42.2240,48.0331
547.5110,106.0770,50.2192,42.0729
543.4236,108.5711,55.9301,38.0239
542.0988,109.6144,59.3646,35.5039
541.4772,109.5256,61.6727,33.9787
540.5033,109.7894,63.2097,33.3700
539.7052,109.8168,63.9344,33.0369
540.4435,109.9344,64.4101,32.8730
539.5186,110.3102,64.7356,32.5473
539.8267,109.9389,64.6553,32.6256
539.8635,110.1206,64.8968,32.4866
540.1426,110.0675,64.8006,32.5175
539.1229,110.0041,64.8013,32.4242
539.9006,109.5106,64.6481,32.3989
539.5743,109.5651,64.8479,32.4321
539.8188,109.2048,64.7150,32.4560
541.3748,108.4239,64.2916,32.6797
545.3177,107.7302,61.2901,33.1766
555.2454,115.3411,51.8057,41.2633
560.4551,118.1416,42.7647,50.1615
566.9355,105.4141,42.4471,47.4983
568.4959,103.7931,43.0144,44.5034
568.3722,105.6614,43.4289,41.8861
567.9689,105.5670,43.6498,39.9034
568.2466,105.6851,43.5229,38.3812
568.0505,105.5868,43.3361,37.3425
568.0333,105.8226,42.9484,36.4061
567.6830,106.0345,42.7154,35.7285
568.0373,106.3555,42.3879,35.0891
568.2793,105.9852,42.0683,34.7352
568.2396,105.9681,41.7679,34.2431
568.1536,105.7663,41.5068,33.8364
568.2670,106.0016,41.3218,33.3720
568.6763,106.3849,41.0142,32.9277
568.3326,106.4153,40.9854,32.5820
568.7079,105.9553,40.7173,32.3894
569.0723,106.4535,40.4747,32.0344
569.4203,106.9412,40.2388,31.8540
568.7897,106.3818,40.1621,31.9223
569.5117,106.1535,39.8917,32.0034
569.3907,106.0604,39.6969,31.9291
569.7648,106.5175,38.9683,31.5479
569.5710,105.6703,37.8036,31.5964
569.1841,113.3055,31.0884,38.9842
565.4537,104.1996,32.0150,37.1748
552.0875,103.7907,35.1015,34.4346
548.8347,104.6847,40.3674,30.9117
546.9609,106.0589,45.5153,28.5785
546.3260,107.1002,49.5808,27.3394
546.5701,107.5115,52.2606,26.8426
547.5211,107.8122,54.5850,26.8074
547.8989,108.2850,56.3461,27.1542
547.4160,108.1306,57.9059,27.7660
547.2126,108.1678,59.3654,28.3967
546.7048,108.1324,60.6427,28.9072
546.2395,107.6237,61.4218,29.4799
546.2514,107.5588,62.4467,29.7321
545.0397,108.0314,63.2245,30.1163
545.4849,107.9626,64.0116,30.6228
544.4178,108.4401,63.7736,31.0084
544.9824,108.3750,63.7208,31.2888
544.0575,108.4679,63.9881,31.7000
543.4066,108.6862,64.2007,32.1183
542.8008,109.0030,64.6236,32.2452
541.6273,108.3290,64.5980,32.4164
541.4739,108.5015,64.8589,32.3988
540.1921,108.0447,65.3726,32.5644
542.3979,106.1630,64.0065,33.1184
551.3358,109.3557,57.6380,37.5467
558.5438,116.4945,47.3353,47.8861
562.8508,117.0490,38.4468,57.7560
564.6797,112.1554,32.3509,63.7635
566.5049,109.2872,28.0798,67.9806
568.4657,107.9618,25.0637,71.0245
571.5147,107.2674,23.1283,72.4069
570.7437,107.2246,21.3933,73.5774
570.9293,106.3261,20.3061,74.0980
571.1257,105.8867,19.6335,73.7630
573.4449,106.0128,19.3170,73.4001
572.0582,106.2667,18.6991,73.2531
572.2888,105.3648,18.6952,72.5353
572.4266,105.0538,18.4308,72.1318
572.3361,104.7071,18.3133,71.6982
572.8252,105.1716,18.2603,70.9614
573.4553,104.5365,18.1367,70.4035
573.9073,105.7683,18.0566,70.4426
573.6190,105.7086,17.8367,70.1822
573.9586,105.0180,17.8165,69.5704
574.5450,105.0305,17.8449,68.9251
574.9628,104.5955,18.1009,68.0330
576.1198,104.2919,19.6691,65.8635
579.3451,96.9123,25.9881,58.0414
579.1415,99.3104,33.0358,51.3451
579.1080,102.1344,39.1020,46.0017
578.5225,103.6677,43.0102,42.2316
577.1834,104.7352,45.6125,39.7920
576.7050,105.3299,46.9581,38.3893
576.5599,106.0105,47.9987,37.2135
576.6966,106.4835,48.6877,36.5451
577.3255,107.2326,49.0535,35.8901
577.1516,107.0248,49.5175,35.2944
577.8721,108.0103,49.5444,35.0669
578.8917,107.3653,49.7444,35.0595
578.9172,108.9544,50.0331,34.9432
579.4785,108.4444,50.1160,35.0143
579.7302,109.1398,50.4188,34.9938
581.1194,108.6585,50.3120,35.2701
581.1102,109.0156,50.6017,35.3382
580.5940,108.8356,50.9074,35.3702
581.0511,108.3610,50.7972,35.5067
581.5892,109.0026,50.8448,35.6122
581.1562,108.6153,50.9789,35.6733
580.9943,109.1563,51.1357,35.5540
581.2380,108.3033,50.9667,35.8093
580.8557,106.4104,49.3790,34.5510
577.9194,114.2681,40.7215,43.5770
577.6899,109.6367,37.6002,46.8302
571.4968,104.5364,41.4352,43.8281
564.5535,101.5475,48.2758,38.8830
560.7431,103.3591,53.4544,35.4647
559.7913,104.3687,57.0627,33.5492
558.9551,105.0871,59.5060,32.4201
559.3478,106.1363,61.3423,32.0950
558.6259,106.2783,62.6850,32.2802
558.3216,106.4304,63.4127,32.4791
558.6885,106.7112,63.8649,32.6332
558.9887,106.6801,64.2352,32.8458
558.7021,106.6133,64.6082,33.2045
559.1028,106.5196,64.8198,33.4165
558.2793,106.7983,65.0701,33.3890
558.7601,106.3991,65.1405,33.6120
559.0708,106.3042,65.3172,33.7595
559.3266,106.6146,65.6912,33.5913
559.3745,106.8880,65.7173,33.7003
559.4827,106.5856,65.4999,33.8938
560.2600,106.4726,65.3635,33.9989
559.8891,106.9448,65.2855,33.9369
560.1276,107.0370,65.1664,34.3164
561.4542,106.6890,64.9310,34.4579
565.4641,108.1962,60.2269,37.8481
577.0789,116.0235,50.0783,47.6960
583.6279,113.5931,42.4163,55.1726
588.1294,103.4676,43.5568,52.3277
590.2860,101.6155,45.2538,48.8804
591.0226,102.7086,46.9441,45.2015
590.4244,103.3006,47.6906,42.5447
590.5402,103.6139,48.0432,40.7148
591.2298,104.4355,47.9772,38.9498
591.2501,104.8607,47.9654,37.7822
591.2458,104.8431,47.8136,36.9444
591.4948,104.6707,47.4203,36.4882
592.4005,104.0803,47.1843,36.0024
593.2610,104.4231,46.8509,35.4505
594.1287,104.8525,46.6980,35.2214
594.2108,105.0072,46.5802,34.9982
595.3738,104.7246,46.2292,34.9462
596.4687,105.0295,46.3789,34.8371
597.0539,105.1985,46.8335,34.6604
597.4266,105.0224,47.4073,34.5367
598.3746,105.0102,47.8226,34.6456
600.3505,104.6618,48.1300,34.9481
601.5988,104.7775,49.1630,35.0011
602.0659,104.6874,50.8725,34.9619
602.7448,104.6832,51.8092,35.1799
603.3343,104.5802,52.7388,35.5047
603.9625,104.4699,53.2747,35.7527
604.5177,104.2450,53.7533,35.9405
605.0818,104.5937,53.9782,36.1093
605.4549,104.5394,54.3830,36.2944
605.8712,104.2590,54.5734,36.6377
605.6730,104.4287,54.7465,36.8936
605.9390,104.2778,54.8358,36.9455
606.4144,104.0620,54.8303,37.0471
606.3978,104.4272,54.9281,37.1543
606.5027,104.7498,54.9358,37.2911
607.7963,104.1973,54.8119,37.4490
607.4825,104.2994,54.8571,37.4032
608.2391,103.9463,54.4833,37.3375
608.2925,101.7157,53.8033,36.2678
604.7052,105.8762,45.4860,43.1624
605.0651,107.3842,39.6112,48.4187
598.6448,97.0070,42.7084,44.2719
594.5199,97.9502,48.6303,39.5079
591.5721,99.9264,53.4468,36.3400
589.6238,101.1999,56.8301,34.5163
589.5167,101.8387,58.7943,33.5304
589.3198,101.5229,60.0451,33.1746
589.1757,101.0509,61.0278,32.9739
589.0151,100.8190,61.5439,32.8684
588.8214,101.0903,61.9738,32.6394
589.3557,101.2096,62.5638,32.6096
588.7275,101.0882,62.9910,32.7802
588.3772,101.1018,63.2329,32.7761
589.4952,101.0147,63.4366,32.8056
588.5092,101.4270,63.6515,32.8590
588.9667,101.0343,63.9964,32.9275
588.7101,101.2040,64.1964,32.7932
588.4243,101.4542,64.3938,32.7808
587.7147,101.4305,64.3762,32.8851
587.7503,101.4930,64.4427,33.0027
587.7263,101.5802,64.4024,33.1611
587.6587,101.7541,64.5180,33.1920
588.3774,101.3669,64.4302,33.3787
587.7361,101.1730,64.6559,33.4104
586.8802,101.4895,64.9046,33.3008
588.1594,101.3411,64.2286,33.4481
590.2753,99.9712,62.6680,33.6219
598.5859,103.5181,55.6328,38.1658
606.6226,107.4380,45.8639,46.9919
612.2644,96.6111,44.5572,46.1420
613.6916,95.7568,46.4043,43.4509
613.8206,96.5048,48.3654,41.5667
613.0366,96.6287,49.7089,40.0862
612.5925,97.4435,50.3176,39.2020
611.6313,97.5619,50.4881,38.7249
611.3616,97.5669,50.5184,38.4949
611.3423,97.9218,50.6915,38.2411
610.9883,97.3057,50.9278,37.9425
611.0189,97.6310,50.9836,37.6264
610.6882,98.0198,50.9387,37.5814
610.5049,96.6080,50.3699,37.3751
607.5613,97.0295,45.5820,39.6004
606.7095,104.9667,38.3844,46.4714
595.0891,94.5270,46.2773,41.1840
591.1818,95.4190,51.9012,37.6585
589.5321,96.2567,55.9286,35.1997
589.0145,97.1673,58.3175,33.9051
589.2045,97.6449,60.2978,33.1938
588.9098,97.6003,61.2438,33.0200
587.8085,97.6685,61.9911,33.0851
588.0066,97.4702,62.5231,33.1658
588.0003,97.1941,62.7749,33.3773
588.4828,96.9197,62.9913,33.4792
588.2472,96.8407,63.5213,33.6963
588.2273,96.8604,63.8716,33.8764
587.8887,96.9673,64.0687,33.8013
587.9637,97.1409,64.3200,33.9555
589.0209,97.0795,64.3913,34.1993
588.7753,96.6979,64.5316,34.3628
589.0657,97.0890,64.9427,34.5301
589.2381,97.0585,65.0463,34.8388
590.4023,96.4530,64.7335,35.0914
595.7460,95.7430,62.3778,35.2820
608.1732,104.8019,51.7682,45.4647
615.5937,95.9199,46.5925,47.7745
618.6160,94.1548,48.0816,46.1065
620.5398,94.9438,50.1009,44.0170
621.0227,94.8076,51.6459,42.4260
620.8388,95.8373,52.6565,40.9092
620.4723,96.0423,53.4042,39.9020
620.9259,95.9037,53.6138,39.1502
621.7255,95.7985,53.5534,38.7430
623.0902,96.2828,53.2292,38.4243
623.4774,95.8605,53.2367,38.3286
623.9443,96.2077,53.2400,37.9227
624.5845,96.5978,52.9920,37.6411
625.3725,96.5543,52.8669,37.3379
626.4653,95.8759,52.7046,37.1940
627.4887,95.7032,52.4670,36.8473
628.4714,96.1054,52.1112,36.5562
629.0627,96.2619,52.1940,36.2554
629.8934,96.2420,51.8755,35.9873
630.2744,95.7595,51.9030,35.7831
630.7372,95.5009,50.7641,35.8848
628.9899,96.1428,45.6149,39.0232
630.1216,99.0685,39.3218,44.9946
621.7991,94.2488,42.6812,41.9415
615.5564,94.8017,48.6968,38.1112
608.9760,96.1995,49.7635,37.2863
610.7889,96.8504,53.7717,34.8819
611.9423,97.4146,57.0320,33.4956
612.0182,98.1347,59.5105,32.7322
612.2411,98.4866,61.0062,32.6551
612.7530,99.1547,62.5728,32.7040
612.8742,98.9957,63.7033,33.2540
613.3217,99.1432,64.6884,33.5114
614.0173,99.6079,65.3908,34.0008
614.7754,98.9888,65.8588,34.6508
614.7002,99.4254,66.3751,34.9368
614.8906,99.2180,67.0314,35.2262
615.4403,99.0084,67.2517,35.5670
615.0233,98.8709,67.2636,35.9743
615.1923,98.5292,67.3735,36.2517
616.4814,98.4855,67.2097,36.4191
616.1013,98.8242,67.5208,36.6805
616.5627,98.7692,67.5541,36.7410
616.4623,98.9879,67.7530,36.8278
617.5704,98.9752,67.6854,36.7647
617.4675,99.1848,67.9620,36.7009
617.3443,99.0811,68.1102,36.7243
617.0298,99.1375,68.1604,36.7780
617.1588,98.8236,68.2744,36.7428
617.1754,98.5116,68.4669,36.7072
617.7195,98.6023,68.3391,36.8243
620.6725,97.5603,66.5521,37.1962
630.7798,99.6799,58.9979,41.7936
638.8274,107.8146,48.7194,51.6628
644.6120,93.2846,47.3384,50.1087
647.2401,91.9770,49.1185,46.9123
648.3541,92.9632,50.9206,44.0887
647.9843,93.6172,52.3276,42.0136
647.6432,93.8716,53.3313,40.4442
648.3857,94.2853,53.3996,39.4253
648.8235,94.6717,53.6011,38.6170
649.4192,95.1477,53.5702,37.9581
649.9490,95.2684,53.6540,37.4965
650.1387,95.3319,53.6193,37.2604
651.0067,95.4372,53.3007,37.1911
651.6659,95.8633,53.0989,37.0469
652.4811,95.9886,52.7668,37.0229
652.8391,96.2365,52.5295,36.9475
652.6273,96.0515,52.7882,36.9475
653.2750,96.1649,52.9259,37.1127
653.9490,96.5579,52.8077,37.3353
655.3854,96.4068,52.9740,37.7027
655.2505,96.7447,53.4343,37.8139
656.4804,96.3692,53.6220,37.9208
657.5936,95.9495,53.7398,37.7908
657.8610,96.1194,53.8607,37.6011
658.9322,95.2076,53.1963,37.4939
657.1566,94.4609,48.3668,39.7567
659.0450,93.5434,45.2998,40.3425
659.7905,103.8420,37.2538,49.2486
646.8319,94.2312,45.8181,43.2476
642.8076,95.5889,52.2680,38.8310
641.6074,96.6299,56.6488,36.2115
641.3045,97.0259,59.1189,34.7237
641.5015,97.3528,60.6492,33.7859
641.3207,97.5422,61.7125,33.1650
641.4324,97.6182,62.2621,32.7390
641.2574,98.1063,62.9405,32.2919
642.2219,98.3167,63.1553,32.2280
642.4099,98.2466,63.4268,32.4277
642.6097,98.4143,63.5912,32.4943
643.3832,98.4884,63.7422,32.6223
643.2675,98.5805,64.2966,32.7725
644.1146,98.7909,64.6515,32.7324
644.0730,98.9305,65.1811,32.9396
644.1624,98.9689,65.3904,33.2598
645.9768,98.4951,65.3592,33.5793
646.1571,98.2585,64.9790,33.9310
650.3176,96.6838,62.5226,34.3483
660.5732,99.5696,54.9473,38.9482
666.7445,100.5972,46.5576,45.6913
671.8222,93.9875,47.0483,44.3195
674.3993,93.5550,48.8731,42.1050
675.5153,94.5734,50.1123,40.3071
675.1726,95.5465,51.1585,38.7851
674.2078,96.1548,52.2340,37.5999
673.6245,96.7994,52.7997,36.7512
674.2700,96.8304,52.6758,36.4810
674.9593,96.4504,52.4043,36.3809
675.5432,96.7820,52.2856,36.2027
675.5615,96.5996,52.4566,36.0126
675.7794,96.4870,52.5189,35.9463
676.6204,96.5342,52.4268,35.9487
677.5213,96.5946,52.4389,35.9735
678.8720,97.4206,52.2520,36.1219
678.5217,97.4428,52.5191,36.0035
679.5340,98.3971,52.2078,36.0305
679.2918,97.7708,52.4203,35.9011
680.4663,97.6802,52.1653,36.0294
681.0571,98.0581,52.2750,36.1429
680.3494,98.0301,52.4806,36.1570
680.9290,97.4777,52.0751,36.1870
680.0626,96.2472,50.7559,35.2580
677.6866,105.6546,41.6814,44.5183
676.0560,95.4004,40.9234,43.4308
667.1193,94.3209,46.5994,38.2824
663.3585,97.7848,51.7831,34.6934
662.3210,99.7324,55.3409,32.7024
663.0485,100.4944,58.0099,31.6452
662.7038,100.8186,59.6218,31.2569
663.3115,101.2750,60.6241,31.2372
663.6459,101.4969,61.0899,31.2464
664.1171,101.3287,61.0904,31.4216
663.6353,101.3533,61.3856,31.5558
663.7695,101.0660,61.4372,31.9352
664.4585,101.1000,61.5634,32.0636
663.8806,100.8957,61.9672,32.3091
663.5867,100.8214,62.0762,32.3633
663.6946,100.7745,61.8674,32.5033
665.0043,100.3274,61.1171,32.6564
668.1125,98.9626,58.6425,33.0405
679.3142,104.4225,49.8624,40.6054
683.8415,101.0612,43.9599,44.4609
687.1245,98.0412,44.8842,43.1511
688.7156,98.3520,47.3348,41.3891
686.7684,99.1496,49.8078,40.0167
686.2817,99.1668,51.6933,39.1967
684.7938,99.7543,53.0267,38.4234
684.6912,100.0435,53.2451,38.2586
685.1359,100.0558,53.2800,38.0307
685.2623,99.1225,53.2870,37.8761
685.2275,98.8299,53.4417,37.7354
685.2665,98.1807,53.2951,37.8524
686.3201,97.3357,52.9841,37.9396
686.5570,97.6380,52.6532,37.6093
686.7355,97.7521,51.8076,37.2848
685.5746,97.9075,46.8725,39.8212
684.3960,107.8794,38.5416,48.6459
678.5963,96.3423,40.8628,45.5280
670.4844,98.3438,45.0342,42.4468
668.1934,99.3215,50.8941,38.4006
666.6080,100.8982,55.3349,35.7452
665.3431,102.0898,58.4162,34.3865
664.9353,102.5024,60.1429,33.7839
664.6296,102.7288,61.2669,33.5434
663.9479,102.5431,62.2176,33.6079
663.2726,102.3901,62.9475,33.6978
663.7610,102.0916,63.3519,33.6402
663.6315,102.5186,63.8324,33.7431
663.0090,102.4335,64.3366,34.0840
663.3433,102.5997,64.5039,34.3615
663.4369,102.6950,64.8491,34.6152
663.2271,102.3579,65.0155,34.9190
664.0616,102.4180,64.9698,35.0939
663.2697,102.0107,65.0366,35.1514
663.8815,101.0448,64.0544,35.3345
667.4229,102.5284,58.3243,39.3152
677.9796,112.0518,47.8178,49.2866
684.2189,101.8689,43.8459,53.0890
687.2106,95.2861,46.3339,48.9476
687.1161,96.0652,49.2279,45.0463
686.2965,97.3810,51.1166,42.4964
685.0145,98.8447,52.3426,40.6363
683.6358,98.8521,53.2399,39.2979
683.7391,99.7855,53.2039,38.2777
683.0471,99.5745,53.5345,37.6609
684.1102,99.5684,53.1337,37.3074
684.0363,100.1000,53.1495,36.8622
684.8679,99.8855,52.8369,36.7673
684.7006,99.4377,52.9373,36.3477
685.1993,99.4330,52.7240,36.0112
685.4890,100.1741,52.5203,35.7452
685.4965,100.0118,52.5959,35.5457
685.7764,99.7842,52.4432,35.5122
686.6760,99.2919,52.2087,35.3585
686.8336,99.2739,52.4393,35.1348
688.0336,99.2632,51.8554,35.1220
688.4797,99.7324,51.6815,35.0871
688.7134,99.9539,51.7466,35.1011
689.1069,99.9356,51.9271,35.1714
690.3856,100.0685,51.9900,35.2559
691.3956,100.6513,51.9717,35.5311
692.1259,100.5827,52.4518,35.6904
694.2509,100.5599,52.2643,35.7211
695.3512,101.2367,52.4731,35.7437
695.9818,102.7535,52.8413,35.9105
697.0804,104.8456,54.4194,35.6744
697.9316,106.5892,56.4594,35.5534
698.7778,108.3317,58.2963,35.5905
699.2537,110.1705,59.7020,35.7452
700.4185,111.3932,60.9808,36.3632
701.3420,112.7434,61.7892,36.8820
702.8160,113.5737,62.2765,37.4688
704.2220,114.4515,62.9760,37.9084
705.7839,114.9483,63.3879,38.3674
707.7139,115.9791,63.7374,38.9469
709.7405,116.7864,63.9909,39.3066
711.5340,118.2738,64.2776,39.3667
714.3842,119.9939,64.2131,39.8038
716.8463,122.0454,64.2575,40.0649
720.1149,123.7399,64.1641,40.5345
723.1758,125.4365,64.0109,40.8711
725.1735,127.3838,64.2691,40.9442
726.2925,129.6148,63.9566,41.0758
728.2291,131.6642,62.9744,41.2985
731.1049,132.6527,62.3495,40.0227
732.7957,134.2566,61.7562,39.1000
734.9244,136.3576,61.4425,38.2728
736.9702,137.9857,61.1513,37.7460
738.9066,140.5540,61.0651,37.3156
740.4561,142.6454,61.1693,36.8714
742.1541,143.9661,61.2855,36.6563
744.1335,145.1283,61.1697,36.4305
745.5020,145.9203,60.9199,36.2825
747.3514,146.7928,60.6059,35.9457
749.5634,148.1117,60.0386,35.7444
751.5946,149.6027,59.2757,35.6501
753.4194,150.3313,58.0945,35.5226
754.6581,151.9876,56.7625,35.2312
754.9399,153.7215,56.0431,34.8158
755.1055,155.4454,55.6636,34.5828
755.1495,153.6259,55.1844,33.9923
754.8944,154.1868,54.0912,33.8081
753.1104,155.6018,53.1836,33.3037
749.9642,157.1245,52.1994,32.9557
745.4462,159.4875,51.7083,32.5687
740.1903,161.9657,51.4856,32.1368
739.7379,163.8531,52.6810,30.8037
735.5571,165.2655,53.8471,29.4753
726.6816,167.4476,52.2363,28.8161
719.8199,172.7448,51.2144,27.9533
712.4970,180.1505,49.5974,28.2092
708.2232,187.7758,48.1858,28.0515
706.0877,193.1213,46.5150,27.6496
707.9286,197.2057,45.0539,27.2493
711.1791,198.6069,44.2911,26.5161
713.2745,197.4824,43.0092,26.1142
715.8221,195.8945,42.2987,25.6148
717.9232,194.4361,41.5212,25.7286
721.4255,193.3274,41.1062,25.7824
723.2987,191.0373,41.0556,25.8642
727.1066,186.2615,40.2220,25.6584
733.6748,182.1130,40.6364,24.4242
742.0453,181.5575,37.1253,27.4355
746.3099,181.6589,35.1384,29.8612
748.3528,184.5373,34.0947,31.7505
743.5234,181.9530,34.5931,32.0377
733.5497,180.5826,35.1042,32.0258
726.4849,179.0719,35.5723,32.8635
721.6424,175.6130,35.8374,33.3845
718.2753,177.4392,36.0255,33.3375
715.0098,176.8606,36.2318,32.7185
713.0327,176.7019,36.6262,32.0862
711.6773,175.9135,37.0668,32.0963
715.5132,175.2134,37.0368,32.2029
715.8315,173.3627,37.1530,32.5299
714.9802,171.4316,36.9165,32.1283
711.4459,169.9383,37.3456,31.8169
707.4103,169.9545,36.4359,32.5069
708.3038,171.1318,36.5829,32.0693
712.0260,170.8943,36.2466,31.9418
718.3852,168.4866,35.4915,31.5734
726.2557,168.5224,35.5008,31.5197
729.5604,168.2053,33.6960,33.7536
2
0
0
0
0
1
739.2829,193.7555,27.5567,45.5491
2
0
0
0
0
1
748.9015,182.8394,17.1570,47.4626
748.6430,180.0549,16.8142,48.4900
746.7907,177.1668,16.9237,48.6726
745.2749,174.9784,16.9075,49.4035
743.0452,172.9895,17.0341,50.0443
739.8632,171.6158,16.9735,50.1759
736.8566,169.5471,16.9234,50.0720
732.3777,167.4157,17.1813,49.9693
725.9637,166.0905,16.9246,49.4483
718.9955,164.4414,17.3055,48.7487
715.7513,163.6569,17.5185,47.9617
713.9023,162.6450,17.3628,47.4005
712.1951,161.9513,17.3937,46.6732
710.0761,161.5063,17.3103,46.2865
707.0059,160.8815,17.3125,46.1818
704.6238,159.9996,17.1521,46.0352
702.8762,158.7180,16.7079,46.0457
701.3770,158.3362,16.4183,45.8101
698.9730,157.3311,16.2696,45.9530
696.4862,156.8659,16.0595,46.0149
694.4201,157.8097,15.9539,45.9027
692.7458,158.9378,15.7451,46.0678
691.7059,160.9379,15.5339,46.4059
689.9091,164.8986,15.4464,46.5632
688.0682,172.1926,15.8197,46.6895
684.8481,182.6278,16.3123,47.0350
680.7139,195.6114,16.9208,47.4680
676.8432,213.3986,17.5276,47.5597
671.5704,234.6097,18.6197,47.5143
666.4253,258.7957,19.9142,45.3578
670.3815,269.2980,21.4867,42.4391
671.2320,269.4572,20.8979,41.0484
667.9335,270.7383,20.1121,39.6809
666.7359,272.1970,19.2479,38.4336
