1
341.5625,216.8288,226.9500,156.7086
338.5364,217.9249,228.7307,154.1362
338.0928,217.0150,231.2547,151.8280
338.0724,215.7337,232.5152,149.2020
336.0836,214.6819,233.0318,149.1707
335.8275,212.7730,233.5638,148.9286
332.9521,211.5993,234.9361,148.8907
334.1562,208.6591,235.0668,148.4092
335.0966,208.2159,234.6593,148.2688
335.8927,209.0183,233.6373,148.7265
335.2168,207.1219,233.7947,148.8160
337.1987,205.3122,234.5910,147.6555
336.8434,207.1159,234.3699,148.8529
335.7946,205.5991,234.2265,148.1626
336.6228,204.6622,234.2903,148.1355
338.3670,203.7268,234.1528,148.0808
337.7907,202.5916,234.7399,147.7844
336.4771,201.0911,234.9431,147.9702
337.8001,202.1571,233.9503,148.9831
337.7936,200.6581,234.2625,148.2935
338.1314,201.7303,233.3771,149.1367
338.5352,199.7612,234.4073,148.3515
338.7536,201.7887,233.5542,149.8224
337.3902,201.1253,233.9972,148.4255
337.0358,213.9725,234.6353,148.4727
338.8158,214.6494,233.1581,149.1134
339.7429,224.5333,233.7532,149.0937
340.9051,222.7309,233.7384,148.5546
340.0303,226.1030,233.9106,149.6078
340.4340,227.9958,233.2910,149.6294
338.5699,228.3704,232.0777,149.6398
335.9987,227.4685,231.7679,149.3715
342.0522,226.8544,231.0679,149.1814
336.6261,227.5839,232.0968,149.6308
316.2710,225.1318,235.4938,149.5234
307.0512,223.9295,235.8382,150.5077
320.3531,223.7180,233.1213,147.4814
333.3161,223.9201,231.2402,146.3026
331.1663,223.8864,230.6748,147.4018
326.7532,223.0676,231.4137,147.8608
326.1582,221.6995,232.6648,148.6437
323.8454,221.2005,232.2124,148.3296
324.4174,219.9287,232.5121,148.6228
324.5985,219.6547,232.8498,148.9379
322.3560,219.4373,231.4700,148.4669
322.8185,219.9125,231.5410,148.9159
321.1291,219.2873,232.0819,148.9494
314.9369,221.9646,233.0595,149.8507
311.6075,218.8791,232.5710,149.2035
308.2477,219.0171,232.6325,149.2353
304.1434,218.4021,233.2540,149.2745
298.6245,217.3920,234.5034,149.0901
294.0963,217.4648,234.2373,149.3683
291.1388,217.7458,233.1785,149.2662
288.0031,217.5022,232.8112,149.0534
282.1427,217.1518,233.7620,149.4086
279.7759,216.1108,233.6034,148.0079
274.8459,215.8764,233.1565,148.9074
273.0977,214.3270,232.0795,148.7338
266.7943,212.6939,232.8459,149.5334
267.0316,210.0928,233.1984,148.3357
262.5699,210.0805,233.0097,149.6374
259.0984,207.0004,233.0952,148.4110
258.6543,205.8157,234.0391,148.4249
260.6094,204.1478,234.3836,148.3323
260.4328,202.3402,233.8542,148.3006
268.2685,201.6199,230.8297,147.4349
271.3867,202.1910,231.1987,147.5506
271.9780,201.7911,231.6957,148.9053
268.7357,199.8233,232.7482,149.1884
268.7149,201.2818,232.8570,150.2566
265.4659,200.6001,234.0641,149.4912
265.8963,201.4603,234.4758,149.6535
267.3748,199.2342,234.2218,148.0236
264.9299,199.9044,233.6799,148.1294
264.0823,199.5564,233.0500,147.9821
261.3844,198.0590,232.2303,149.4131
261.2533,197.1577,231.5313,148.7910
258.2990,193.4566,230.5985,148.9944
260.2945,189.3700,230.3447,148.4132
262.0302,185.6149,230.1023,148.2595
261.8020,181.5019,228.8771,148.6465
261.4655,178.5203,229.5008,147.9591
260.9050,176.6479,228.4769,148.1722
260.2446,176.1480,228.0256,148.3546
261.1797,173.5791,228.1960,147.5646
261.5594,172.8909,227.2732,148.0800
272.6644,170.0471,224.6890,145.5385
280.1582,169.0641,223.3003,144.6440
278.2872,169.2638,222.3624,145.8536
276.3350,167.7421,222.2420,146.6869
276.3898,166.3703,221.6611,147.0990
276.5416,166.7684,221.0191,147.0823
277.6119,168.8776,219.2008,147.2773
279.2598,171.6376,216.9870,146.7488
281.1874,174.3023,215.2289,146.4172
283.5422,176.5927,214.0139,146.6145
288.5549,183.7296,212.8743,145.7581
290.9824,194.7566,213.3071,145.5294
292.1178,205.5627,212.5198,145.9301
292.8919,213.1254,212.0692,146.7191
293.8558,222.2893,212.3788,146.6413
295.2472,232.2685,211.9042,146.5658
293.7271,234.5759,213.0936,146.9807
300.0834,241.4535,212.6019,147.0038
304.9616,250.9835,211.2708,146.8299
305.0730,257.7766,211.4273,147.5066
305.8498,259.6666,212.1678,146.8986
306.8118,260.0416,212.8107,146.6706
314.2042,263.3777,212.1211,146.8851
315.5364,268.0558,213.3752,147.7257
316.1552,272.7241,214.2965,149.2135
317.3602,276.1457,215.7019,149.3747
320.8033,279.9791,216.5552,150.8371
325.2364,279.6073,214.6613,149.7139
332.4643,283.6994,214.6959,149.3780
330.7668,284.6600,216.8969,149.9956
330.0943,284.7874,218.5708,150.5659
332.0066,285.2399,219.8204,150.5227
331.1602,287.5791,222.2488,151.2225
328.8888,287.2170,224.6123,150.9522
327.7681,286.9219,225.0454,149.6272
331.4403,285.9658,224.2825,148.5120
329.5114,286.3481,226.4409,148.1277
328.0824,283.3546,229.3655,147.7378
324.6121,283.9019,230.1183,148.7129
324.9575,282.0381,230.8510,148.4097
324.5516,281.5995,232.2753,149.1981
320.3722,280.5072,233.3291,150.2208
320.4035,279.1278,233.2638,149.1047
322.7623,276.5770,233.7681,148.1916
321.8428,277.0086,233.7828,148.6233
319.8075,281.2342,232.3963,149.7903
324.5573,284.4647,232.4267,148.8430
324.6767,288.6341,233.3354,150.2722
325.1068,288.0199,233.5203,149.1936
324.8281,288.0856,234.0798,149.3839
321.6411,286.5708,235.8269,148.8295
322.8011,284.9713,236.4447,148.9507
326.0930,285.3203,237.4594,148.8403
325.9164,285.7468,236.9488,149.1438
324.1610,286.1516,236.9499,150.3692
322.2576,285.9637,235.8692,150.0029
322.3677,283.7355,235.4027,150.4207
325.6391,282.4958,234.8970,150.2003
328.6093,279.4736,235.1600,149.7439
328.2704,277.9117,233.9197,150.7061
331.1888,273.8248,234.6698,150.6143
338.8816,271.1283,234.6629,149.5459
346.7149,283.0654,232.0559,149.3382
346.0471,296.4099,232.3305,151.3145
347.9286,299.9976,233.7292,150.6501
347.9743,300.3998,233.8328,149.7805
348.2280,306.5115,233.8314,149.9392
346.4175,306.8235,233.5016,150.4202
344.4125,307.9549,232.5995,150.7656
343.0688,309.7462,231.5479,150.1452
340.3293,309.2956,230.9168,150.6229
351.3467,311.5749,230.5558,148.4694
362.9876,312.9433,229.8892,146.8761
360.5731,308.7552,229.3039,147.4796
356.3541,308.7751,229.0516,148.4452
354.8359,308.7911,230.6122,149.5951
345.6620,306.1576,229.1617,149.5995
337.0197,305.7352,227.5966,150.0716
340.5870,304.5819,229.1187,149.8123
352.4505,305.3524,228.7531,148.1918
357.6475,302.6917,228.8214,147.0526
349.6203,294.6853,226.7986,147.2054
338.9420,285.7550,225.4278,148.0279
333.0023,277.3470,224.7646,149.2273
329.1050,268.1942,224.2249,150.0381
323.5523,260.7566,223.6588,151.2653
319.3985,262.2146,224.0434,153.2633
316.4990,262.9776,225.2313,153.9894
315.6124,259.9781,225.2830,155.0072
317.9529,253.6405,225.9073,154.7976
330.6680,243.1889,224.7441,154.0431
332.6546,221.4578,219.7450,157.6104
338.6677,197.0352,214.6993,161.9848
346.1862,175.9802,212.2227,163.2707
354.9303,155.8195,213.0027,164.2782
360.3658,135.3763,212.7099,164.9426
357.0432,120.7542,211.5346,162.9074
356.6509,121.0508,209.3328,164.0333
365.2887,124.2932,208.2670,164.3952
380.4854,118.7321,208.6865,165.5464
382.6931,104.9611,208.3849,163.7435
369.6917,91.0375,206.5836,164.6487
359.7556,76.6842,204.8576,166.2368
355.3072,62.5048,203.8115,165.2588
361.0579,48.4408,201.1765,165.2885
366.3220,38.7269,200.5770,164.3026
364.8826,34.7485,197.0914,164.5901
356.4725,41.5220,199.7544,162.5281
350.6127,48.8472,201.5365,162.0597
354.3661,54.3567,198.7595,161.2986
356.4727,53.7111,197.8085,161.9084
354.6405,48.6618,195.8734,163.6280
355.5357,51.5731,194.4855,163.6340
359.6307,52.1122,193.6517,164.5508
364.9883,56.9686,193.2323,163.6855
369.4022,67.7987,192.3541,163.7650
374.7982,86.2618,191.2195,165.0729
379.6962,104.1657,190.1544,166.4476
385.5815,122.3804,188.4897,168.3764
389.3735,141.0394,188.2652,168.5550
384.6992,154.7986,188.5837,171.7740
389.7094,176.5492,187.3548,169.8290
403.7653,186.3951,188.6630,169.6793
402.9291,184.2186,189.3497,169.9062
387.3485,184.7256,190.7457,170.2232
369.7679,186.0536,192.3056,170.7303
364.4401,186.8378,191.7702,172.2723
374.2938,188.9337,192.6753,171.7629
377.6169,185.2503,190.9389,171.3873
368.3344,188.0935,191.1418,172.3578
360.3019,192.0644,190.6087,174.1579
355.1725,194.9941,189.4049,177.4060
350.0447,201.0887,188.7300,179.0201
344.3748,206.3774,188.2382,180.7808
341.6328,214.9698,187.0369,180.2455
341.6988,222.0166,185.8456,180.2836
344.5854,229.0786,184.6193,181.1512
350.3733,234.2479,184.3325,181.1968
355.3866,237.4214,183.3111,180.9767
360.3897,233.6104,182.9409,181.2238
364.2336,231.3986,183.1019,180.8765
366.8191,228.8943,182.4230,181.0099
367.0531,228.4716,183.0201,182.6280
366.4111,232.7639,182.2822,184.0561
369.5601,236.0204,181.1321,185.2672
372.3135,239.3300,179.8624,185.9383
373.8535,242.4093,179.1860,185.5004
372.7894,248.4870,178.1933,185.3340
365.1226,251.6396,177.8414,186.1729
360.9717,257.7049,177.2485,186.1025
364.1475,261.8709,176.5814,186.3901
369.8871,266.5931,174.1301,185.9376
369.8087,272.6697,174.9086,184.1984
370.3277,278.4791,175.1660,183.2376
369.6684,283.8148,174.4879,181.9563
369.9109,288.2664,173.7831,181.1846
370.8504,289.7012,172.0360,179.9172
373.3231,292.8995,170.7139,178.8916
377.5114,295.0632,169.8122,177.1940
380.7365,293.5521,168.7031,175.8819
381.9922,296.7381,167.3729,174.8389
382.8263,294.3345,165.9557,174.8066
385.9984,294.7765,165.0018,173.5486
386.9586,296.0211,163.7593,172.5897
387.3445,297.5202,163.8501,171.8073
388.6910,299.1957,162.2813,170.9355
386.9660,295.6930,162.0869,170.1675
378.7010,293.6329,162.6572,170.6937
370.8763,291.5857,163.0949,169.5991
372.7305,283.2861,163.1579,167.4891
376.7133,272.3412,163.0295,165.0018
377.4903,262.6708,161.6358,166.5474
368.0980,258.4425,162.7465,167.2736
363.1068,254.6049,164.2221,167.7545
367.5090,243.8808,164.4251,164.2231
369.4546,233.8301,164.0468,162.7734
369.8234,225.2397,163.2702,161.8940
370.6801,216.9077,162.1947,159.0711
370.2325,211.0907,159.3306,159.2417
372.1016,204.5137,158.2919,157.3810
369.9213,196.4475,156.1051,156.5706
371.2039,191.4546,155.1667,154.3620
372.6316,187.6977,153.3515,154.5964
373.7531,187.1092,151.1434,154.1692
377.9099,186.2062,148.5764,154.4623
378.6212,185.4023,146.8089,154.3453
380.2026,184.2171,145.9182,152.1991
380.4640,186.2150,144.4872,150.2640
382.2334,183.8330,143.6581,148.7170
380.2336,184.9828,143.4100,148.6129
379.2586,184.1853,143.1838,147.1392
376.3891,183.7766,143.0076,146.5658
374.4950,185.4087,141.6865,145.4715
373.9594,184.3914,140.7549,143.9956
367.2335,182.4710,139.2903,144.2116
359.8950,180.7300,138.7162,144.0547
355.3689,180.1677,137.6484,143.8303
351.4058,180.7125,136.9342,143.1437
349.0760,182.4421,135.7018,141.9749
344.9447,182.0963,135.6973,141.5430
341.2403,182.2532,135.1766,140.8818
340.9181,181.9197,133.8673,139.8263
331.9262,180.1405,133.4614,138.6862
329.4127,182.0648,132.2049,136.7352
324.9813,180.9225,131.0269,137.2105
324.6849,183.2986,129.4448,136.2443
321.9508,183.9456,128.6182,135.1786
318.2577,183.8098,128.0045,133.4394
312.9688,184.1401,127.0556,133.2295
308.2624,186.7337,126.4085,131.7574
305.3424,188.5965,125.4538,130.3344
307.5689,192.3067,124.4525,129.4395
317.3456,195.8840,123.1887,129.0678
323.5695,199.0606,123.2547,128.3974
329.6481,200.9287,123.0319,126.7853
334.2781,199.8131,122.3594,125.9736
334.5341,198.9626,121.5144,125.2453
329.1188,197.5313,120.2719,126.0118
324.3978,198.5930,119.4490,126.2894
321.4457,198.3175,118.8259,126.0533
317.4272,198.2335,117.9592,126.7366
313.2854,197.6858,117.0596,127.2656
309.5343,194.5669,116.3971,128.3986
307.1926,193.9459,116.5730,128.2363
305.5256,193.1835,116.6909,128.4225
307.9532,193.9673,116.3851,126.6744
313.3186,192.8216,116.0068,127.0254
315.0603,192.7257,115.7712,126.9804
314.3457,190.6086,115.5507,128.3667
316.4086,187.8751,115.1468,129.1622
323.0473,186.4117,113.9696,129.2338
328.4810,184.2007,113.9973,128.8391
334.8185,182.3332,112.6374,129.1776
341.7242,180.6412,111.5384,130.2479
344.2489,180.4134,111.0680,129.8184
347.2263,180.5770,110.5585,130.5447
357.8363,181.4286,107.9482,131.4967
365.1664,179.0055,105.6283,133.0086
369.1633,178.5424,105.7756,133.1350
374.1677,176.3406,104.4528,133.6987
377.2244,176.1353,105.3890,133.0966
374.7047,176.8152,106.2662,131.9889
372.2128,176.1293,107.0000,132.0411
369.6697,175.1261,106.0811,131.7436
367.3524,173.8540,106.5581,131.1014
366.1865,172.1186,106.4047,130.0551
365.2249,170.7980,106.5385,130.6398
368.6785,169.8658,106.3056,130.7892
366.3397,169.5053,105.2972,132.7965
365.7032,168.4202,104.9356,132.5808
364.8261,169.3601,104.9831,131.7913
368.0674,169.1504,104.3857,132.0133
365.6700,168.9779,104.6742,131.0644
363.7573,168.7746,104.4193,131.8369
362.9879,169.6075,103.7774,130.7532
362.2014,169.3936,103.9153,131.1694
360.3624,172.1317,103.6720,129.5864
358.7881,169.3602,103.0562,132.2182
358.1705,171.3647,102.3622,131.4190
357.0907,174.3085,101.7383,130.8085
356.0706,174.9231,101.2832,129.9090
353.7994,177.9204,101.2565,128.7171
349.9952,181.0360,101.8121,127.3341
348.6735,182.8426,101.3978,125.5850
347.3406,184.4502,100.8352,125.7423
344.9529,185.7608,100.1099,124.6715
343.6794,185.0112,99.6197,125.6902
340.6573,188.3447,98.7596,125.1074
340.6130,188.6367,97.3455,126.7322
337.7336,190.9993,96.2276,124.9351
335.0107,194.3873,95.6017,125.1539
323.8512,194.6418,95.3094,124.9239
326.5059,197.9266,95.0224,124.5930
327.2544,203.1829,94.9968,124.2679
326.0416,204.2264,94.4513,122.9333
325.0753,207.2171,94.1819,122.0423
323.3620,209.1855,93.7465,121.0925
322.6053,212.1135,93.4670,120.9736
319.6028,214.2186,92.5900,119.7261
318.2886,217.5698,92.0472,119.2243
317.8556,218.5818,90.9282,118.0917
318.1879,221.8149,90.9732,116.7463
314.3835,225.7228,91.2573,113.7061
315.2933,226.5794,90.1289,113.7621
313.9300,231.5331,89.6124,113.2780
311.5622,236.8595,89.4179,111.2960
309.0161,239.8865,89.4906,110.5403
308.2126,243.9452,88.4767,110.1445
307.3020,247.6733,87.6529,109.6961
306.8130,251.5385,86.6934,109.1536
306.0878,256.0536,86.3817,108.7008
305.6552,258.2572,85.5517,107.6113
305.7292,262.5979,85.5581,106.5790
307.4327,265.5074,85.1352,104.4830
306.3970,268.9401,84.7461,101.4379
306.1895,270.3738,84.0802,101.6617
306.3376,274.6177,83.4280,100.2293
305.4102,280.1992,83.2422,98.9905
302.2981,282.0061,82.5223,97.2763
296.7148,284.9862,81.7401,95.5595
287.9907,286.9989,80.3175,95.3137
282.4948,291.7376,79.6775,94.0214
278.8271,290.9010,78.3598,94.4017
275.6490,295.3908,77.5801,93.3264
268.9367,295.7069,76.7597,93.4291
264.8718,299.4823,76.3170,92.3802
262.0539,303.6725,76.0569,90.5694
258.9658,305.1448,75.5180,88.9324
258.9161,307.1976,74.4211,88.4741
258.6826,309.2924,73.4927,86.6918
257.0043,312.2034,72.7496,85.7675
255.4932,313.9468,71.7879,84.3763
255.7427,315.9591,70.9352,83.5336
256.0456,314.7676,69.7442,85.0504
257.3450,317.9367,69.6172,83.5353
256.6556,318.8872,69.5422,82.8710
257.3748,320.6457,69.2000,81.6889
257.1637,322.6414,69.4861,81.0525
266.0982,324.7022,68.1540,80.5980
264.6889,328.2136,68.4432,79.9686
264.8094,328.8966,68.7988,78.7219
264.5971,331.8667,68.0233,79.0908
264.3035,331.8253,67.9939,78.4355
264.7704,333.3119,68.0066,78.2163
271.7215,331.7492,66.7041,80.0722
270.7119,333.2872,66.1663,79.8270
269.2570,333.6716,66.0856,78.9825
268.6226,335.6353,66.2319,78.4390
274.5983,336.8125,65.9596,78.8713
271.2427,338.2769,65.9214,78.4543
270.0756,339.0132,66.1506,77.7109
273.8351,339.9601,66.0302,76.1950
270.9847,340.1849,65.5826,75.6416
274.4468,336.6381,65.2231,76.7780
273.1654,338.9015,64.9112,75.7918
276.7000,339.1097,65.3607,76.0147
279.5052,340.5949,66.3217,74.5969
284.5183,339.7910,66.9122,74.3306
288.5337,341.1800,67.0858,73.5969
286.2971,340.9270,67.3293,73.4411
290.9941,341.9882,67.1029,73.2035
304.1388,334.4044,60.4612,80.1043
305.6913,328.3390,57.4947,84.8446
308.9583,325.9171,54.1514,88.7271
309.9796,320.8527,51.1790,91.6495
309.2481,327.8370,48.8479,92.3342
310.0680,322.7381,48.2715,92.9331
309.3370,321.2573,46.2957,92.5585
309.2240,315.0918,45.5611,91.9398
308.3777,317.1818,45.5057,89.7249
307.8655,312.9695,44.9557,87.9260
308.0781,310.8137,44.3751,86.7103
307.4769,307.8580,43.8903,85.6385
306.6355,301.6674,44.6713,85.1816
307.0764,300.1252,44.2907,84.3837
299.1706,298.2833,44.5288,83.9187
298.3170,295.5565,43.4535,83.4507
297.8827,293.2192,43.0500,82.4262
299.4685,293.1034,42.9253,81.2101
300.1174,290.1483,42.6384,80.8607
298.4534,287.9844,41.4251,79.7865
297.9424,286.3098,41.2156,78.3676
298.4474,283.2186,40.9904,77.6008
300.4629,282.9833,41.1390,76.0917
300.0815,279.6966,40.9095,75.3072
294.1161,279.6879,41.5495,74.5118
292.8977,276.2394,40.7856,74.7736
291.8195,275.9008,39.9852,74.0387
291.8474,274.5774,40.2137,73.7024
292.0984,274.4843,40.6459,72.4209
291.8479,272.9901,40.9990,72.0593
292.0678,272.0803,40.7997,71.5374
291.9728,270.8793,40.3518,71.2935
291.4305,268.6179,40.9905,71.2389
297.0283,267.1092,39.9756,70.9223
296.5082,263.3060,39.9869,71.0389
295.6642,267.5449,39.8015,70.3899
295.2726,264.5771,40.0450,70.2320
296.4747,264.4895,40.8723,69.4547
296.3718,262.3739,41.3872,69.9900
297.4766,262.0298,41.8562,69.3111
296.9653,259.8702,42.1247,70.1080
287.7165,266.3107,44.7141,68.1644
288.2357,259.3562,44.7724,69.1760
279.0157,258.9279,47.0135,68.6293
278.7750,255.3445,46.4374,69.9624
277.4513,249.7091,46.4998,72.0555
276.6170,249.7148,46.6309,71.7520
274.9035,251.0685,48.8808,69.1542
275.9848,249.6094,48.3621,69.2526
273.8866,248.2805,50.2852,68.3821
274.7520,248.5950,50.6616,67.7459
273.9958,245.4040,51.4070,67.6736
270.8326,244.8287,53.3501,67.7264
276.0783,242.0429,53.6923,67.8775
276.2219,238.8882,53.2015,69.0841
278.3571,239.6327,52.6530,68.3634
284.1717,234.9529,52.4802,69.4458
289.0456,235.0011,52.2266,68.6501
288.1636,231.3756,52.5769,68.4760
294.8011,231.2233,52.2359,67.8975
295.5648,231.2120,52.4108,67.3409
302.5937,228.2741,52.2210,68.0240
302.7213,226.1617,51.9039,68.2758
304.8826,223.9470,52.8550,68.1623
311.2644,223.5090,52.8383,67.9501
313.4560,219.9542,51.0035,69.4337
318.4345,220.2336,51.0386,69.1417
319.3513,221.4497,50.8714,68.1738
328.9184,222.7209,49.4814,68.8688
326.1776,223.9986,51.3748,67.5835
335.0193,227.8111,50.9219,67.8666
336.3166,227.5619,51.5255,67.1817
332.0033,228.7164,54.3398,66.1072
341.9126,233.6457,53.6135,65.2434
346.3424,225.1885,51.0868,67.6632
349.3420,229.9288,49.3070,67.7611
352.6105,225.9993,48.5336,68.8237
354.6420,229.4091,47.2273,68.4354
352.5227,230.6049,49.0982,66.6743
355.2736,230.0169,46.3094,67.6581
355.2900,230.3204,45.8191,68.2190
354.3608,234.5098,47.2182,67.0570
356.0256,231.9050,46.6139,66.5928
349.7143,232.9295,49.1259,64.8122
354.7195,234.0293,46.7729,65.1922
358.0882,231.5554,44.7471,66.3340
359.4313,239.5416,44.0474,64.8141
361.2243,235.7416,43.1882,65.4824
363.5883,240.3350,42.5999,64.6421
361.1133,239.4057,44.0116,63.7813
365.7524,238.8119,42.1419,64.2840
365.8146,239.5365,41.9898,64.5333
360.3538,242.0379,45.6154,62.2319
367.7988,240.0393,44.3118,62.6894
363.0283,240.2892,46.0954,61.2856
366.6809,238.3803,44.7926,61.2277
368.8424,236.0142,43.1848,61.9662
370.8435,238.4037,42.3197,60.9271
370.1947,233.1948,41.2194,61.5024
370.4684,235.2424,40.4979,60.2435
369.2714,233.4347,39.5272,60.5966
373.0058,234.2119,38.8439,59.3559
375.4775,233.5981,38.8107,58.9983
377.2043,232.0518,37.9024,59.1539
379.2589,232.2128,37.7113,58.2848
379.6837,231.5282,37.3067,58.4784
382.1700,231.5160,36.8572,57.4193
383.6825,230.2844,36.7633,56.7043
385.1710,229.4602,36.1123,55.6911
385.9296,228.7548,35.5983,55.0352
386.1179,229.0446,35.1991,54.7064
385.1163,226.7350,34.8260,54.7385
384.2903,225.9077,34.1873,54.2234
382.9092,225.8064,33.6099,54.6620
382.0146,228.8778,33.1434,53.9738
377.0027,229.1100,32.4467,53.6114
372.5444,229.2061,32.1910,54.0591
371.3143,230.5354,31.3453,52.7789
364.8383,231.4108,31.9781,52.3740
363.8300,231.1375,30.7863,51.6867
359.6689,230.0703,30.1724,51.3999
358.5458,232.5255,29.5317,50.9935
357.4491,229.1550,28.8340,51.3408
355.8376,233.1181,28.3047,50.1862
355.7455,233.4887,27.9878,49.4342
354.7515,236.8179,28.1035,47.9316
354.2046,236.3807,27.9187,47.0256
354.2646,238.6609,27.8466,46.1836
354.9914,238.9382,28.1380,45.4524
353.6792,240.3134,29.6417,44.5282
354.2158,242.1379,30.3756,43.1501
357.0820,240.0274,30.6674,43.3329
357.0861,245.8863,30.6470,42.3448
360.9509,244.2896,30.3182,41.9674
360.9947,244.9544,30.4715,41.0954
364.4791,242.1371,30.7879,40.9389
364.7241,241.8413,30.5332,40.6331
367.4957,240.1562,30.3062,39.9918
367.5890,232.8221,30.3241,38.6692
368.0319,226.4717,30.3078,38.1998
372.3751,223.0313,30.0818,37.6915
372.7227,221.9027,29.4678,37.3334
374.2558,221.4643,29.6450,37.6950
379.8425,219.4418,28.9741,37.3979
385.0545,217.4583,28.5187,37.0623
389.1730,216.1673,28.7038,36.1827
393.4193,213.2679,28.2000,36.2518
397.7909,213.1472,27.8153,35.7630
401.5796,212.0599,27.7063,35.1032
406.0793,211.3634,27.3639,34.7879
407.3639,210.0874,27.0151,34.5674
409.7786,210.5493,26.8238,34.1556
414.5182,210.6796,26.6059,33.7185
416.0391,209.1372,26.7781,33.5631
419.7990,210.7579,26.6939,33.3747
419.8141,209.9244,26.7148,33.5604
419.9670,210.7831,26.8583,33.1995
419.3600,210.3164,27.0855,33.3817
418.9097,210.7719,27.3027,33.1682
418.0579,209.9280,27.1871,32.8650
418.5345,209.2363,27.1159,32.8946
418.4514,209.0704,26.6949,32.5745
417.7870,208.9522,26.4864,32.3829
417.5554,207.2392,26.3769,31.7341
417.2952,207.7077,26.3002,31.8558
418.3138,206.3481,26.2460,31.2850
418.6641,206.8037,26.2729,31.2155
419.5989,206.2128,26.1853,30.9800
422.3727,205.0448,26.0446,31.0919
424.8004,204.2888,25.6972,30.6968
427.7011,201.7388,25.2740,30.3158
428.1107,201.3361,24.8956,30.2688
431.5973,200.2579,24.6202,30.1534
434.7391,197.9713,24.2625,30.0286
437.6442,194.5803,24.2162,29.4757
441.2091,191.8292,23.9491,29.2100
443.8572,190.5384,23.9756,29.1202
447.2873,188.7748,23.9026,28.8487
450.2579,186.7040,23.4660,29.0501
453.3821,180.6939,23.7751,28.6395
456.8561,178.1024,24.0207,28.1785
445.1418,174.8454,23.9902,28.1760
437.5543,169.8079,23.6229,28.5172
439.7300,167.9294,23.6830,28.7258
438.4882,166.3208,24.0361,28.1999
437.2047,164.6102,24.0904,28.3179
434.9720,163.1382,23.5470,28.9406
429.2477,161.7196,22.9661,29.3273
421.2056,159.8692,22.6463,29.6690
415.5406,158.8913,22.6002,29.4362
409.6188,160.9133,22.8356,29.0163
407.7714,158.0913,23.6682,28.2198
403.1917,156.3825,23.2896,28.0956
394.2388,154.7298,22.6106,28.6484
385.2816,153.2170,22.2464,29.1529
379.4935,152.6256,21.7290,29.2005
370.6121,151.5193,21.8021,29.1209
370.0287,151.7185,22.5792,28.5667
379.3056,153.4510,23.6511,27.8701
383.9700,152.0895,23.8178,27.5966
391.9832,150.5224,24.3983,27.0270
409.4586,152.9934,24.5556,26.7616
413.2481,153.3015,24.4424,26.8860
404.5963,149.2558,23.6877,27.7293
2
0
0
0
0
1
369.2582,154.2893,17.7357,17.6445
376.3960,153.1902,18.0425,17.6055
385.4436,152.0367,18.5774,17.8759
390.7439,150.9499,18.8915,18.1829
395.7253,149.4585,19.4589,18.3944
397.1685,148.9834,19.4099,18.8912
394.2755,148.3373,19.0174,19.3425
388.8479,147.6389,18.8418,19.8379
381.1515,147.0232,18.6500,19.7147
376.1378,146.2195,18.5526,19.4210
371.0801,146.2933,18.5429,19.6958
365.9009,145.5066,18.3695,20.1944
360.7175,145.0793,18.1723,20.3437
355.3483,147.3246,18.1022,20.6319
350.1198,147.2229,18.2138,20.7052
345.3644,147.5200,18.5824,20.6424
340.2170,147.8550,19.1346,20.8063
341.9968,149.5171,19.6238,19.9863
343.3395,150.6464,19.9393,19.2976
345.1188,151.7429,20.2276,18.8304
346.5113,150.7537,20.2541,18.7634
349.2352,150.5775,21.0699,18.3703
352.1950,150.0623,21.5652,18.0928
355.2677,148.5650,22.0465,18.7313
360.9933,146.9866,22.0822,19.3450
366.7650,145.7864,22.2645,19.9724
372.3726,144.3713,22.2652,20.5112
378.3546,143.4347,22.5449,20.5413
381.9500,143.2050,23.1647,20.5968
384.7151,142.5054,23.5433,20.3119
387.5383,142.4500,23.8283,19.8635
390.2983,143.1206,24.3526,19.2274
393.8805,142.1296,24.5375,19.4982
397.3479,142.4054,25.6221,19.2433
399.8965,142.5353,25.5828,19.0862
403.5246,142.9082,26.2932,19.1933
406.3560,142.9769,26.5478,19.0646
407.3466,142.3885,26.6937,18.4209
406.6712,142.9631,27.0584,17.6663
405.2846,143.1563,27.3926,17.4361
404.6997,142.1045,26.9858,17.7636
403.6393,141.1572,27.2721,17.7397
399.7747,140.0469,27.0940,18.0412
397.8058,139.7941,27.4565,17.7900
396.8169,139.3044,27.7428,17.8415
394.7609,139.2541,27.7256,17.7942
393.4347,138.6532,27.5394,17.9742
392.4533,137.5048,27.8095,17.8702
390.4889,137.8309,28.2261,17.4619
388.9331,137.3823,28.2973,17.7227
386.7213,137.3515,28.7046,17.6756
384.7572,136.7011,28.9332,17.9460
382.8697,137.7091,29.6030,17.6571
379.6310,137.5633,30.0177,17.7215
377.8143,138.5938,30.1574,17.4803
376.4531,139.1634,30.1450,17.3615
371.9666,140.4158,30.8658,17.3092
369.3243,141.2882,31.8253,17.3632
367.2031,142.7636,32.3751,17.6128
364.8041,143.6541,33.1762,17.6097
361.5910,144.9210,34.3869,17.6417
359.7678,145.4080,34.6267,17.9444
356.2579,146.2596,35.1322,18.1752
352.6313,146.8308,35.0765,18.7364
348.2989,146.7574,35.3652,19.2339
342.6325,146.6762,35.3360,19.4474
339.2209,146.4502,36.1600,19.6813
336.4317,146.2752,36.9850,19.9002
334.2877,146.6813,37.2049,20.2800
