1
284.7700,251.1116,43.9735,44.1154
285.4541,251.3819,43.4303,45.7750
287.3709,252.1656,43.4802,46.5374
288.0485,252.4098,43.1080,47.0726
288.3271,254.1810,41.9430,47.7182
288.0410,254.7533,42.3173,47.4419
288.3419,256.8782,41.7014,47.8608
288.7810,258.8038,41.3738,47.9791
288.6858,259.8454,40.7678,49.6857
286.9018,261.9897,40.7373,51.1625
285.2845,260.6377,40.5558,51.9755
283.6782,262.1176,39.7217,53.4326
281.3328,261.3050,39.0443,52.0485
281.6847,262.4670,37.8358,52.0927
281.2774,263.7010,37.0635,51.9520
282.5691,264.2315,36.2734,53.0514
282.7164,264.5443,36.2289,54.0751
281.7125,265.2626,36.7151,53.5965
282.5507,267.0446,35.8208,54.3428
283.3080,267.5941,36.0740,54.2889
284.5758,266.1628,35.3757,54.1914
285.3863,264.0954,34.6689,55.5908
285.2688,263.9319,34.8863,55.9072
284.9064,261.6236,34.5928,55.5413
282.8351,263.3032,35.0992,55.6521
282.0579,264.9752,35.6185,55.0961
280.2397,265.7676,36.8753,54.5548
280.1395,267.2665,36.0700,55.9228
280.2588,265.3162,36.7977,56.9874
278.5281,266.2218,36.9682,57.1637
280.1956,269.7230,35.8610,57.8750
278.0768,271.4933,36.7272,56.5782
277.7774,270.9541,36.8725,57.0985
278.7135,271.8746,36.7636,56.7655
277.8521,270.9028,37.2536,55.2636
279.1409,272.2143,36.7136,56.3766
279.4685,273.3085,36.6763,56.9909
280.2242,270.1028,36.8041,58.7131
278.5970,270.4142,36.8533,60.2601
279.9383,268.6765,36.6370,58.4835
280.0249,270.8134,36.9211,57.0564
279.5965,268.6815,37.2813,55.5950
279.0186,267.4937,38.1490,55.2637
277.3365,266.5374,39.1259,54.0368
278.3224,266.7718,38.9240,54.7279
275.7220,265.7141,39.0452,53.4381
275.0569,265.4895,39.2774,53.9996
272.8851,264.8863,39.1734,53.9159
273.0079,265.3170,38.9435,54.7656
273.9981,266.0810,39.4025,54.7565
272.9632,266.3879,39.6854,55.0103
272.3924,265.3401,39.1973,56.2248
271.9966,266.4832,39.0080,56.0518
271.3826,266.9461,39.3001,55.9817
271.0508,267.4542,39.6967,55.3364
270.4806,266.8124,40.0138,55.2869
268.7836,267.8376,40.2284,54.9649
267.4286,268.7163,40.0864,54.3196
267.3146,267.8368,39.6490,54.8544
267.0286,267.2377,39.3467,55.3240
265.3903,266.6880,39.4791,55.4482
262.9090,266.8674,39.0791,55.2873
261.6258,266.6925,39.5064,55.1972
261.2796,266.0678,39.3560,56.8593
260.4782,266.7730,39.4821,57.9311
258.8749,267.8557,39.6219,58.1058
256.4983,268.4968,40.2294,57.5016
253.0455,267.6505,40.2255,56.2177
251.2377,268.2022,40.4382,55.5436
249.5505,270.3001,40.8781,54.4742
248.3286,268.3869,40.7953,54.3920
246.2346,268.2488,40.8011,54.1393
245.0447,268.3755,40.9461,53.9537
243.9975,268.2720,40.9422,54.0133
242.7594,266.5412,40.9789,54.6858
242.3012,268.5998,41.1965,54.0558
242.9217,266.7390,40.7058,54.9289
244.6608,267.6718,40.0438,56.2743
248.2903,267.0178,38.9625,57.8727
249.3545,266.4976,39.6224,57.6655
249.4151,267.0016,39.6510,56.9547
251.2577,266.8600,39.2241,58.1027
251.4983,268.2982,39.7537,57.5665
252.6911,269.0141,39.8165,57.8654
252.3268,269.9724,40.1993,56.9243
252.7036,270.2916,39.8759,57.0473
252.3065,269.2378,39.9182,56.5630
251.3609,269.9392,40.0322,56.6868
250.9947,269.5081,39.8508,57.2792
250.5396,268.9226,39.9470,56.7290
249.1524,269.2029,40.1365,56.7247
248.1020,270.0299,40.2297,56.5406
247.7178,269.7411,40.0470,56.3571
247.2766,268.2716,39.5996,57.6359
246.3929,264.4836,39.5639,58.8070
246.0186,264.0273,37.7998,59.0768
245.5937,261.7685,36.2863,59.3843
244.6747,260.8126,35.8697,59.0781
241.4202,263.2556,36.7084,57.9586
241.8018,262.6198,35.7665,59.2244
249.3317,266.9050,35.0767,62.3207
261.4746,287.2708,35.0242,63.3592
281.0140,298.9934,34.8749,62.7516
299.7997,305.8263,35.5766,64.0778
325.3953,318.3702,35.4676,62.8293
346.0225,325.0042,35.3103,63.7890
355.5356,320.6751,35.3875,65.1942
357.9190,320.3897,36.3858,64.1143
360.1487,322.6723,36.4158,62.1569
363.5478,320.3827,37.2922,60.0457
366.3985,312.7419,37.1316,58.1882
371.3016,313.1559,37.4762,57.1298
373.2116,314.5302,38.2138,55.3986
370.8733,314.7007,38.3531,53.8136
368.7046,316.4924,38.4896,52.8965
368.1608,318.6485,38.4980,52.6375
366.4683,321.1176,38.7124,52.2277
364.9822,322.6715,38.3105,51.6120
362.5222,324.2715,38.4493,50.7943
362.0580,324.4135,38.2705,50.8973
360.8153,324.4185,37.7157,52.0360
355.6830,326.4528,38.6639,51.1101
352.6349,325.4556,38.8790,50.7483
348.5135,323.3647,38.8489,50.8355
339.7657,319.8555,38.3321,51.2889
335.9729,316.8005,37.8845,51.3270
335.4359,319.1953,38.2649,51.3650
336.1389,319.7918,38.6175,51.8732
336.3855,318.0351,38.2219,52.2223
333.4861,316.7522,38.5598,51.6943
332.3003,316.5184,38.3811,51.2563
331.6801,316.2920,38.5325,50.7618
332.6035,314.9730,38.4597,50.5284
334.0513,310.6412,37.2050,50.2968
326.8790,308.4388,40.3921,48.9212
325.1114,305.6722,39.2222,49.8375
323.1352,304.9671,39.1108,50.8915
322.4012,307.5429,38.2950,51.2753
318.0759,308.1685,38.9092,49.7216
308.4305,312.4794,40.6108,48.4344
307.7917,313.1198,39.0425,50.7643
308.2140,313.8967,38.8755,51.2269
307.6354,315.2986,38.8887,52.2530
307.3524,314.4463,38.6542,52.5064
309.0558,311.9135,38.2307,52.4606
310.0879,305.4656,37.7585,53.6918
312.1143,301.9483,37.7676,53.9442
311.7485,299.8781,40.0903,53.2479
314.3435,289.1797,38.5036,53.8475
316.2916,287.4796,37.4962,55.2022
318.3822,287.2910,37.9372,54.5266
318.7892,287.1931,37.6455,54.5831
319.8376,287.3166,37.7064,54.5515
320.1906,287.3776,36.8761,54.6902
320.2986,283.6383,36.3075,55.4985
322.1910,282.8214,36.2350,55.9560
323.7431,280.4302,35.4366,56.9555
325.0596,280.0957,34.9926,56.4367
325.7025,278.8573,34.9923,55.7450
326.4489,278.5438,34.9745,54.3708
328.0578,273.1333,34.5762,54.4224
329.0503,270.9637,33.4137,54.5819
328.7585,269.3680,33.7142,54.7277
328.7309,269.1259,34.9545,54.1217
328.5869,268.7744,35.3326,53.8964
329.8806,267.0262,35.5040,54.5139
331.4029,264.9756,35.8704,54.6591
331.6631,264.5966,35.4416,54.0149
333.9100,262.1761,34.9460,54.2543
336.1830,262.3159,34.8584,54.6576
336.4046,263.1504,34.6531,54.4750
337.6116,263.9317,34.4654,54.6810
337.9206,265.2200,34.8272,54.1622
337.6205,263.9342,34.6532,53.5227
338.1198,264.1926,34.7728,53.2684
338.0649,260.5471,34.5441,53.0112
338.3917,259.0209,34.6436,54.2551
337.9835,255.9077,33.7620,55.4975
338.9435,251.4098,33.0639,55.0006
339.7608,248.4382,33.5078,53.8510
340.9572,246.2558,33.4688,54.0934
344.4394,243.2359,37.9594,50.8498
343.2593,244.3170,39.4752,49.4380
347.9276,240.8354,41.0628,49.0120
352.3974,242.1694,42.7337,49.1162
351.1668,244.6568,43.1585,49.1001
350.5517,245.0156,43.3538,47.8804
351.2366,244.2033,45.1011,45.9733
352.4678,244.3081,43.1731,46.3556
352.9147,245.0685,42.3602,47.6082
353.2368,244.3695,41.7246,47.7929
354.2427,244.2536,41.4771,47.5684
354.9272,244.7347,41.0942,47.7690
355.7909,244.1917,41.1642,47.7558
361.0007,243.3419,41.7071,48.0982
362.7169,241.4516,39.3027,50.3704
364.7003,236.2057,37.3355,52.2016
366.2010,234.8656,35.7585,52.9017
388.4437,238.1248,37.8561,52.5752
392.3178,240.0792,39.6656,50.6536
390.6283,241.7482,41.3225,48.8100
388.9361,247.5781,42.8399,46.6492
388.6962,234.5236,42.3710,47.2083
389.4182,233.8365,42.3370,47.0046
390.1120,233.5617,42.1798,47.0502
391.4250,233.1142,41.7744,47.8448
392.4928,232.1080,40.5244,49.6140
394.4760,228.6593,37.1113,54.9319
395.1485,228.0492,35.6830,57.0595
401.1183,219.0957,34.3412,60.4815
394.9338,226.6020,33.3579,61.7626
388.2189,233.2386,33.5450,61.3837
383.0099,233.1904,32.9636,62.4649
383.5986,231.0753,32.8617,63.3495
384.0769,224.1103,32.8410,64.0894
383.8173,226.9375,32.8749,62.7028
381.3187,230.4586,37.7490,57.7335
381.8547,228.2932,36.4495,59.4209
381.2574,226.4377,36.0950,59.7372
373.1215,230.1840,39.1733,55.5611
370.4700,234.1802,41.9697,51.5938
369.2600,242.7494,43.4290,50.1870
369.1729,244.5300,44.6780,48.7064
368.6368,245.4916,45.4663,47.9665
367.7466,245.9141,46.1625,47.3789
367.8707,246.1830,46.4657,47.0018
366.9378,246.4578,46.5565,46.8401
366.3417,246.6084,46.7449,46.3274
366.4854,245.8834,47.1645,45.9319
364.7362,238.5896,46.9517,44.7154
365.4251,239.7520,46.2795,44.6310
365.9571,234.5767,46.3886,43.6357
369.8004,235.0040,45.9792,42.9534
369.0832,234.7642,45.5626,42.0964
370.3461,234.5012,45.2327,41.3746
371.5480,233.8672,45.7844,40.9209
371.6277,232.4802,46.2217,41.0217
372.0744,226.3933,45.7140,41.0703
372.4520,230.8640,45.8529,41.1477
372.4286,230.9186,45.4013,40.9516
372.3527,230.0544,44.9730,40.8827
372.6024,229.0383,45.3050,40.0782
368.5752,228.4216,45.3291,40.2815
374.0871,228.6433,45.5602,39.9716
375.3990,228.4508,45.8541,39.8135
375.4637,228.0257,45.7034,39.5985
376.0967,227.6543,45.8358,38.9616
376.0545,227.0800,45.3751,39.2370
376.1362,226.8704,45.5798,38.8140
377.1680,227.7859,45.2956,38.7739
378.2977,228.5127,45.0767,39.2841
378.7972,228.7066,46.0168,39.4166
379.2000,223.2891,46.5362,39.2340
379.3940,220.9227,46.1407,40.5377
380.0926,220.7520,46.7910,41.0985
379.1728,218.1371,47.2329,42.4687
385.4278,219.7988,48.1800,42.2952
386.9608,226.1607,49.5461,41.3852
387.7162,226.6218,49.8730,41.4329
382.5823,232.8756,50.5179,41.6321
383.7263,239.6775,50.5857,41.8774
382.9315,241.1553,49.8553,42.5409
376.9071,242.6427,50.0135,43.4797
376.9917,243.1923,50.2368,43.9843
377.6969,242.9185,50.1589,44.2049
2
0
0
0
0
1
349.1752,236.8812,37.2375,44.5084
350.1670,235.2060,35.9983,47.4722
352.5041,233.7583,35.3094,49.1627
353.5906,233.0591,34.3348,49.8741
354.8466,231.8186,34.2192,49.7898
355.0055,231.2007,34.5195,48.4747
355.2948,230.4764,34.0786,48.7764
356.2115,229.4963,34.2443,48.5462
354.3995,229.1418,34.4482,48.9433
356.6487,226.0301,32.8953,52.6925
358.0315,225.9889,32.6520,54.7466
358.7053,224.8719,32.1888,57.0134
362.7169,221.7253,33.0378,57.0039
363.2924,224.5956,33.2720,57.8778
363.6577,225.9449,33.6033,58.2159
364.8484,226.7148,33.6663,60.0162
365.8397,227.9160,33.9343,60.2686
367.4166,227.7716,33.2471,60.6261
368.4918,228.5361,32.9682,60.0651
369.9350,227.3333,32.9349,61.3122
373.0266,228.0303,32.5485,60.4081
375.8356,228.8126,31.9997,60.5091
376.8325,229.7487,32.0387,59.8472
378.9932,230.3194,31.6533,60.6589
355.9615,222.9209,32.2543,58.1724
355.8313,219.4296,32.3364,57.5761
353.7174,215.5776,36.2297,52.4540
355.0999,224.9507,36.8386,48.6430
355.2950,222.7337,37.9036,45.4996
357.1010,225.1785,37.2012,43.6045
358.1648,227.0154,36.6629,41.8060
382.8323,233.5311,35.9357,44.2344
384.8233,232.7257,35.2680,46.4416
386.7424,232.7427,34.7909,47.3832
387.3403,231.0849,34.7600,47.4712
388.6556,226.7420,33.2207,50.2399
386.6039,224.5326,32.6069,52.6673
388.3596,222.0777,32.9435,54.6236
357.9890,215.1271,35.2344,50.5682
353.4585,220.2094,36.7889,47.6751
353.9057,223.5297,37.0737,45.4533
349.5775,222.0984,38.2585,43.5999
351.8536,224.3997,38.2060,42.0577
355.2204,219.4077,35.2186,44.4729
356.1446,221.7461,35.7753,42.8848
353.4717,223.4536,35.6900,42.4301
355.4785,225.6280,35.8276,42.1607
355.7983,228.4171,35.9400,41.3188
357.8419,225.8535,33.0532,43.1906
359.8375,223.0629,30.8307,44.5999
361.0405,220.8131,29.1576,44.6646
362.0854,221.0928,27.8086,44.1783
2
0
0
0
0
1
360.8126,236.6763,41.1484,40.4175
360.4469,235.7113,40.2699,40.8965
360.2146,235.5650,39.4399,42.1427
360.2552,234.8268,40.1284,41.8563
359.9760,234.3350,39.6414,42.4124
359.6192,235.1065,39.3780,43.0782
358.5399,234.9163,40.0618,43.0786
358.5409,232.6774,39.6698,43.4754
356.5869,234.7071,41.3865,41.8337
356.2306,231.6394,40.1940,41.9244
358.3071,230.6567,38.7283,42.2485
