1
41.8825,602.6624,85.6554,52.7964
53.7663,606.5288,82.8744,52.7338
63.2727,610.8785,86.3446,51.7422
84.6080,612.5329,82.6534,50.3351
104.7381,611.1558,79.9838,49.3463
125.7593,605.9649,76.9838,47.9036
140.3595,604.2809,74.2544,48.4795
167.7062,598.0507,68.1841,53.2847
201.4450,596.3834,63.6386,54.3996
253.9590,595.2557,56.9792,58.7027
287.8527,595.3295,56.6995,57.5708
331.1681,596.8462,53.9708,58.0056
351.0583,596.1493,53.9014,55.6826
382.3425,596.5146,52.6574,55.5994
389.5031,630.9219,61.9315,48.6228
2
0
0
0
0
1
586.8510,593.2562,143.4526,57.9278
606.5728,592.7169,140.4407,60.2032
610.1200,583.8566,141.4521,61.7672
622.6968,581.6420,139.0418,62.6734
643.0283,574.2224,134.8762,66.1857
656.0593,556.7274,127.3853,69.4893
672.1825,532.5186,120.2885,80.5441
698.8896,524.9977,113.0592,89.6461
714.5081,495.9190,108.1171,99.4472
718.3361,455.1935,100.4520,107.2032
714.6626,439.6541,99.0197,108.5742
714.8336,425.8429,98.8531,109.5035
715.2261,388.5183,98.4539,105.3940
721.0910,382.5576,98.9499,96.7761
712.2854,375.4463,101.9150,83.6910
695.9333,375.9138,101.9275,73.0151
682.0095,377.6762,99.1229,65.3638
680.2198,376.3707,95.8214,61.2727
681.9542,374.9358,91.3821,57.7723
679.6094,375.2423,88.3758,55.6599
675.4130,374.5321,83.9124,54.0951
673.3931,374.1924,87.0902,52.6910
671.5105,371.8869,93.9857,52.0583
668.5848,371.3621,98.3864,52.2823
668.0305,370.4034,101.5395,52.5384
664.2556,369.9826,104.5550,52.8949
664.6873,370.3017,106.0425,53.2969
663.6909,370.6081,107.1049,53.5988
671.2148,369.1700,109.0993,53.4377
682.2083,372.3061,119.2826,50.3127
690.2986,371.6579,120.8680,48.6851
705.4412,371.3783,125.5409,47.3899
714.5667,370.9413,128.9785,46.3825
727.4816,370.0554,130.4697,46.6574
734.2917,367.9779,130.2129,48.0769
738.0395,366.0585,128.2130,48.1236
736.2507,366.9366,127.3848,48.1599
740.7461,366.7923,129.1286,47.7989
738.8774,368.6942,131.6039,48.7705
739.6097,367.5265,132.9292,49.5292
737.3245,368.2343,132.4630,49.9625
737.2657,367.8714,133.3234,50.3886
738.8593,367.9653,133.1033,50.3163
741.0335,368.0008,132.2061,49.7933
737.1177,367.3935,131.8753,49.2415
740.3089,367.5031,132.0128,49.2729
737.5219,366.8264,132.4870,49.5623
736.9969,367.1228,130.5971,49.2369
721.0312,367.1692,128.2462,49.9766
705.0978,369.0008,128.6523,48.9673
692.9369,369.4915,132.8178,48.5070
664.6046,370.0540,132.2388,48.2066
648.3337,369.2810,132.6077,48.1432
619.2375,371.7159,130.8765,45.9397
601.2296,369.3809,129.3433,46.2199
576.1391,369.4425,126.5085,45.2289
568.7955,362.5329,125.0533,49.0861
561.9722,357.4425,121.5404,56.0124
555.6417,366.8062,114.7807,59.6196
509.7219,368.9466,110.2163,59.0131
458.9150,365.1135,111.6876,59.3043
459.4445,360.1236,113.1523,58.8286
462.5392,358.6289,116.3114,57.8615
462.5532,359.5555,117.3300,57.0097
462.4269,360.1254,118.1062,56.5848
461.3863,360.1375,118.8692,56.5339
455.3823,359.3938,124.4264,55.2914
466.2893,353.2429,127.9118,58.8327
506.2384,355.1943,131.0303,57.2937
510.8001,355.9108,139.0681,58.3297
2
0
0
0
0
1
783.3754,352.2349,96.5090,64.8223
795.3366,352.1110,99.1986,62.2056
807.1699,348.2750,100.8460,63.5309
823.2180,345.9356,104.1898,63.1073
827.2975,329.1433,97.1161,71.5841
825.6274,313.5035,90.2110,82.4387
823.2739,298.1665,88.2869,88.1102
824.7866,260.0364,86.5772,91.5861
827.6175,247.5339,85.1194,96.2539
824.5263,227.9325,84.7482,93.2563
820.1234,222.9368,83.5280,87.4573
815.1825,219.2194,83.8408,79.1751
803.4224,210.9083,85.5174,72.5487
791.6046,210.3927,85.7376,69.1566
787.4733,211.6587,85.6653,64.0223
787.2186,213.6040,86.0514,58.9409
793.7148,212.7553,86.2569,56.3028
806.1625,214.2789,86.5139,54.0490
828.0596,216.5844,88.2009,49.8791
848.2386,218.7207,88.6053,46.4961
886.7653,216.7643,83.9220,45.8601
896.3058,209.6059,81.0153,48.3740
922.3007,198.5533,75.7155,56.4536
930.6505,187.0957,72.0956,64.8300
935.5328,199.7821,75.1438,62.3710
946.8964,203.3741,82.2661,58.5394
2
0
0
0
0
1
911.5049,114.2051,58.2977,41.6953
898.6304,115.8338,59.5605,38.6071
894.2201,115.1473,58.3360,38.3896
876.4098,117.7547,59.6084,35.9010
873.4151,118.3524,57.8279,35.6976
857.6641,119.4551,56.3338,33.7643
851.7206,121.1458,57.8116,32.3154
836.3632,122.4136,59.1075,30.6673
820.4592,122.6794,59.6332,29.6592
799.2719,122.7234,58.8632,28.8699
785.0081,122.4789,57.4265,28.3996
774.9791,122.6623,57.1236,27.7361
759.5690,122.7406,55.9572,27.2983
752.4616,123.0590,54.3375,27.1714
746.9523,124.1545,52.1669,26.6717
736.4022,125.2700,49.5980,25.9071
731.8579,125.4819,49.2991,25.0637
726.2618,125.7662,50.2172,24.5899
721.0806,125.7120,49.9383,23.8494
716.6239,126.2255,50.6394,23.3818
714.1891,126.3861,51.5145,23.1414
706.2018,126.0360,49.5979,23.1618
699.1110,126.3049,50.7376,22.8878
694.0613,126.5449,51.4394,22.0455
677.6559,126.2314,50.6240,21.3035
671.3549,127.2019,49.2342,20.6084
648.4520,127.0349,48.3380,20.0408
638.9982,126.7036,46.5322,19.7092
629.0867,127.0302,44.7728,19.4915
627.5910,126.5689,43.4037,19.6086
