1
188.1848,348.0776,50.3448,105.6329
194.7949,352.2861,49.1503,106.0654
199.3524,356.6839,49.7191,109.2205
201.6721,362.8564,51.6438,110.2640
205.7018,368.0500,53.0594,109.7753
213.5337,372.5894,54.2341,107.1161
221.7404,377.9959,55.3792,106.2716
226.8194,384.4617,56.8607,104.5074
241.5683,385.3672,54.1851,108.0265
248.3940,385.4264,53.4700,109.9419
254.8154,384.1355,54.2732,110.3659
260.5311,382.9432,56.2633,109.6877
264.2514,384.2824,59.5122,107.6751
2
0
0
0
0
1
417.2142,401.3941,107.4835,143.3384
426.2107,406.1655,111.6156,140.5442
433.1560,410.0068,112.2743,142.5287
438.1921,405.6994,118.9026,147.9130
440.0770,399.5095,117.8967,151.5407
445.3688,400.2484,122.9902,149.9419
456.6762,400.3343,126.0390,146.9299
470.6732,403.3130,124.5221,150.6178
481.1758,410.1649,122.6316,154.7359
480.7691,418.6110,122.2227,153.7735
474.0104,420.3615,120.9936,157.5805
466.4819,420.2367,118.4871,156.5289
466.6016,410.8874,118.7560,158.0542
469.0470,396.1085,125.1712,150.8717
520.9996,400.8376,126.4759,142.5660
519.7425,402.3492,134.5266,136.9365
516.1072,409.9041,138.9944,130.3322
505.5886,418.6882,141.7134,128.3325
495.7396,426.2432,143.6878,124.7498
485.5004,431.7467,142.6954,122.1401
2
0
0
0
0
1
622.5936,165.1173,121.4673,151.8066
626.4824,140.5073,118.3178,159.2752
642.5425,117.6646,111.0268,169.2337
664.4161,117.7506,113.7448,173.0693
679.5668,133.7459,117.0933,175.1904
678.2852,153.6537,132.3189,161.6267
667.5630,175.5328,147.8981,148.1543
649.9033,200.6838,152.7596,140.7566
638.7813,229.5970,166.7877,124.4431
635.2913,246.7065,159.6218,130.8325
627.8416,245.5193,146.7242,142.9576
617.5557,242.3163,135.7630,150.4257
602.3531,238.0900,133.1854,155.9471
584.4938,229.7489,139.4326,159.9252
603.2393,218.0115,137.4704,162.0201
607.6407,215.2411,135.5436,163.9604
603.2117,220.2764,142.1792,155.3208
602.2742,234.2189,149.7138,145.5387
612.1456,252.9311,149.0064,140.4916
619.4167,259.3216,141.0843,149.4290
624.2921,268.3379,141.6353,148.6075
637.6269,287.7754,142.3929,145.2378
640.5022,305.8337,137.8593,146.2154
639.2493,318.5473,133.1413,146.9836
639.3362,326.7416,131.1985,145.3365
639.8381,331.2490,132.4973,145.1201
634.2601,367.3934,131.7638,143.9020
651.0834,391.7510,130.4455,141.8390
653.5417,393.6205,129.5296,138.4082
661.9196,404.5801,126.3146,135.3989
669.5993,412.0744,119.2981,135.2000
675.9662,415.4353,116.1021,132.4648
681.4630,415.3423,114.2536,133.3853
687.2337,418.1173,113.2312,133.6709
693.7731,419.6990,111.4289,134.1353
693.2584,414.9788,110.6487,138.3909
702.7739,412.1633,107.4917,141.2636
710.5710,411.5829,105.5829,144.7534
717.1022,409.3018,103.7790,146.3899
722.9038,407.5398,100.8444,148.7419
726.1722,405.8355,100.8190,149.7112
729.1987,403.5052,100.9290,151.4015
729.4501,400.9658,102.9754,151.2512
731.2338,399.4050,104.5330,149.3404
731.1248,398.3794,106.5250,148.1038
731.9435,396.6245,107.3272,148.0513
732.5665,390.9125,106.3766,149.5233
732.6234,386.8059,107.3050,150.9913
733.4456,384.3104,106.6024,153.7625
734.6340,382.7023,106.2636,155.2508
735.9816,380.3564,106.1897,156.4805
736.7894,380.6551,106.7978,157.2346
734.9254,380.6939,107.3067,155.7614
733.8691,381.4047,107.8561,154.3546
734.1346,376.9304,111.0032,154.1144
733.2780,373.7395,113.3869,153.8587
734.8470,371.6170,114.4784,153.6834
734.8614,370.8867,115.7278,152.7160
733.0126,371.0441,116.6625,150.9004
731.0057,371.7357,118.2206,148.9051
734.9091,371.7822,115.3905,154.5689
738.9787,374.1031,112.9687,158.8009
740.2700,373.0600,112.5381,161.9960
741.8412,371.3935,113.3612,162.9377
743.4185,370.1301,113.4996,163.4890
745.4958,367.5454,112.8554,165.6853
746.5674,366.8239,113.7310,167.3680
745.6902,365.8735,114.9745,167.5106
742.7415,366.3710,117.6274,164.0327
741.1353,368.0010,118.9806,163.0091
740.7231,369.6207,119.9090,161.4376
739.4464,372.0186,121.0800,161.1628
