1
512.4105,197.1148,55.4184,30.0810
505.3256,195.8050,55.2572,30.5776
494.4905,197.1998,53.4387,29.1748
482.2192,198.5305,51.4488,30.3661
475.7412,197.8230,51.5971,30.9457
465.7468,196.7263,51.7095,30.1527
449.2046,191.8233,52.0547,30.2285
443.5058,191.7455,51.4740,30.3376
433.1093,189.1291,49.0120,33.6995
422.8379,187.4632,46.3297,37.1299
417.4387,186.2558,44.5060,40.0014
406.5815,185.7679,42.8446,41.2772
396.2362,185.3495,42.1056,40.6294
391.7457,186.3892,42.2193,40.4079
382.6059,186.2292,41.9548,39.8116
375.0516,186.5789,41.3085,40.0692
372.9570,186.5538,40.5892,39.8965
361.5993,180.1677,39.9534,39.1753
357.6736,178.2375,39.6823,38.6334
357.4523,177.7845,38.8665,38.2469
2
0
0
0
0
1
241.7785,158.3801,45.0646,34.5525
239.1080,159.8178,44.2878,35.1157
237.5190,159.1747,42.4588,37.0930
230.6628,158.4132,41.8651,37.0362
217.7582,156.8898,40.1058,38.6059
215.3031,154.4853,38.7634,39.4163
207.7409,153.9965,38.2026,38.8562
199.8726,152.2443,38.2712,38.5273
192.7957,152.9307,38.6909,38.5155
187.7946,153.0713,39.0186,39.4883
189.5018,156.1291,38.2772,39.6170
188.7183,159.3144,38.6936,39.8261
189.8994,163.1184,39.0293,39.9491
2
0
0
0
0
1
144.4347,173.8871,41.4294,33.0871
148.0665,173.3282,39.7463,34.9834
152.3962,174.0613,40.1382,35.6546
154.7751,175.6991,39.7893,35.2935
155.9572,175.9725,39.9823,34.7633
159.6416,173.5527,39.2932,35.3245
160.9188,173.6466,38.7981,35.3160
162.3130,175.2512,38.0985,35.6019
165.7059,175.9309,36.6947,36.4844
169.1462,176.5555,35.6495,37.2223
170.1247,175.7264,35.4280,37.3457
172.8455,174.2264,36.2596,36.9482
173.7957,174.7037,36.2502,36.7945
174.5643,174.1403,36.0142,36.4460
176.4100,174.8797,36.2205,35.8676
177.3834,174.7400,36.3112,35.4984
178.4701,175.5201,35.7708,35.5144
179.9250,177.7444,35.6471,35.3982
182.0117,177.8977,36.0720,35.1687
182.5980,178.0935,36.2001,35.1622
184.0102,178.1263,35.6677,36.3167
186.8738,178.5407,34.0524,37.2125
189.0894,177.5807,32.7774,38.8423
194.3949,178.5860,31.2037,39.6127
199.2711,179.3725,29.9717,41.2567
201.5671,180.0902,29.3895,42.5842
204.0647,181.8688,29.7375,43.4305
207.4855,183.5324,29.7380,43.5011
208.0998,184.9519,30.6756,42.6908
211.3440,187.5337,31.3804,41.9173
213.8029,191.2944,31.9404,40.4661
214.4156,192.6756,32.6720,39.8470
215.6933,195.6878,33.2410,37.8621
216.3463,199.4642,34.0330,36.6950
216.3975,202.5574,34.6825,36.2090
218.4713,206.8848,34.5720,35.4078
220.6197,209.5613,34.5334,35.1758
223.3715,211.0073,34.6739,34.9852
226.7850,213.2396,34.8441,34.3815
228.0312,211.9814,35.2226,34.6889
229.7522,212.0088,34.9734,34.6378
231.9883,212.3046,35.6606,33.9071
234.4874,213.0745,35.4337,33.8642
236.5763,214.0543,34.7913,34.4862
239.7810,215.8499,33.5120,35.3070
243.1752,217.0003,32.1597,36.1658
245.0562,218.8385,31.8418,36.3251
246.1842,219.9902,32.0252,36.0040
250.3703,220.2654,31.3745,35.5201
253.5250,220.6701,30.5330,35.7633
259.3455,222.9827,30.3048,35.7798
263.6363,226.1898,30.5353,35.8869
263.4333,230.5308,31.0605,35.3188
262.3923,233.2624,30.9359,35.2287
261.9859,237.7265,31.7637,34.4453
263.2120,241.2520,32.5630,33.6072
264.8857,242.6985,32.8081,33.6722
266.6325,245.2989,33.1555,32.5132
266.8886,248.5446,34.0616,31.1526
268.4756,249.9712,34.9948,30.4644
271.3687,252.1753,35.6535,30.1986
274.3587,253.6158,35.7038,30.4246
276.6643,253.6639,35.2640,30.1892
280.1725,255.0427,34.3886,30.5769
282.6980,256.2709,32.4083,31.3935
284.2856,257.5831,30.9936,32.5199
285.6382,260.4753,29.6526,33.0821
287.0185,263.8565,29.4345,33.4279
288.8108,266.2743,29.0629,34.2455
290.9672,268.6950,28.6795,35.4064
292.7501,268.4859,28.0287,35.6510
292.7818,268.3405,27.7487,35.8592
294.2914,269.4445,27.6056,35.5995
296.5329,271.2303,27.6327,35.0041
296.9926,274.0119,28.5691,33.8484
300.3581,277.0028,28.4086,33.3205
301.8686,279.8104,28.9895,33.8173
301.9874,282.2487,29.3405,33.7324
303.5335,284.0318,30.2579,33.4840
306.2894,285.5172,30.8767,32.6332
2
0
0
0
0
1
253.4137,314.2257,47.9266,32.1021
254.0691,315.4676,49.6145,30.7207
254.2389,319.3030,52.8607,29.9523
253.7116,322.2526,54.9124,29.2926
255.2626,326.7542,55.7671,28.8050
254.1099,331.4828,55.8501,28.6582
252.9353,335.0724,55.1917,29.0992
253.4769,337.4945,53.2997,30.4859
254.6237,339.7449,52.2383,31.4395
254.0558,341.9464,52.0628,31.7483
258.0497,341.0842,48.1702,35.4504
260.8144,341.1456,49.2033,34.5531
261.9870,340.0399,49.2693,34.3773
266.0744,338.7310,46.2366,36.5812
268.0801,335.8629,44.1427,38.5649
270.2376,333.2899,42.9384,39.8030
275.0315,329.9578,41.8557,40.5983
281.1052,328.0930,40.6870,41.4353
2
0
0
0
0
1
230.6829,345.0378,48.9320,29.7598
233.0337,344.0117,49.9091,29.2417
