1
211.6791,137.7888,91.5098,53.7890
210.3340,137.4480,93.2045,54.2797
209.8327,138.2205,94.9419,54.3485
208.4750,139.0708,96.2730,54.3213
206.2602,139.3831,97.5406,54.5453
203.6914,140.2730,98.9792,54.7415
202.0911,140.5440,100.3330,54.7740
199.1236,142.2006,101.7232,54.8724
197.8434,141.8883,102.9751,55.4078
196.3207,142.6997,103.7096,56.0014
194.5919,143.2675,104.1160,56.6694
190.6859,143.3907,105.7308,57.2257
188.4871,143.9945,107.0015,57.9245
185.5827,144.9213,108.8032,58.2474
184.3747,144.7198,110.1039,58.6367
182.6706,146.2567,111.3877,59.5056
180.9978,146.8485,112.1102,59.8290
179.9160,147.6680,113.0453,60.5072
178.5881,149.3272,113.7610,61.4468
177.7996,148.7972,114.3127,61.8575
178.3185,153.2639,113.8718,62.7535
176.4644,154.5973,114.7279,63.1149
173.4323,156.1672,114.8418,63.4818
172.6248,156.2532,114.2735,63.6545
171.0680,156.7953,114.7905,64.2061
168.4488,157.8084,114.6250,64.5177
166.9261,156.7505,114.7002,65.0019
165.1843,158.1671,114.0460,65.3654
160.9167,159.8297,115.1363,65.0428
156.9895,160.6848,116.3514,64.8860
153.6832,160.9050,116.6974,64.3415
151.3937,161.4291,116.5168,63.9998
148.7526,162.8837,116.4635,63.4179
147.3921,163.0670,115.5219,63.1999
148.8187,164.0089,113.8472,63.1320
150.2445,165.1898,112.1133,62.9403
150.1755,166.1880,110.7180,62.7624
149.5961,166.2540,110.8003,62.4179
149.7396,165.4548,110.9743,62.6839
149.6635,164.6558,110.4370,63.0051
149.4274,163.8724,109.8902,63.7188
149.2989,162.4905,108.9444,64.6393
149.2555,162.0295,107.6906,64.7620
146.9023,161.6142,107.7871,65.3122
146.4018,161.0967,107.1517,65.8478
146.8168,160.8491,106.9231,66.0447
149.5807,160.6707,106.2456,65.9447
150.9310,160.3429,105.3193,66.0682
151.9841,160.4912,104.0104,66.4861
152.6046,160.8880,103.3619,66.9619
152.2826,160.2381,102.6440,67.2365
150.3401,159.8415,102.6392,67.6255
151.1603,161.0996,101.7322,68.2567
151.1551,161.0398,100.6450,69.4042
151.6370,161.2375,99.4097,69.9883
152.7195,162.2943,98.1242,71.1146
152.3726,161.2667,97.1660,71.3864
154.1255,160.4559,96.6494,70.7082
156.2536,160.2143,96.1399,69.9461
156.1846,160.7587,96.3770,70.0320
156.2529,160.6605,97.0728,70.0331
157.7517,161.1932,96.6140,70.0626
159.0242,160.8502,95.3097,69.6686
160.9236,162.1014,95.1601,69.3548
160.5648,161.3882,94.1142,68.7383
160.4508,162.5716,94.1973,68.2349
159.1182,161.6518,93.7584,67.9476
159.5192,161.9014,93.1223,67.7423
157.7835,161.8981,92.7249,67.0117
157.0076,160.9724,91.9875,67.2511
156.8152,161.2325,91.5845,67.2429
157.1088,160.1044,90.3089,66.8949
156.7725,159.4598,90.2718,66.8707
156.5120,159.2654,90.7329,66.2614
154.7518,159.2544,91.9373,65.4124
152.8394,159.6176,92.6325,65.2622
152.4330,159.6112,91.9699,64.6699
151.2253,160.1529,91.8112,64.0292
149.2886,159.0261,91.1423,64.1935
146.8596,159.9004,90.8904,63.7130
145.6585,158.9572,90.3982,63.5610
144.8303,158.8194,89.6831,63.2996
143.1644,158.4532,88.7619,63.2519
141.4833,158.2034,87.7018,63.3547
139.8092,158.7159,86.8628,63.5228
138.1081,158.7325,86.5617,63.4096
137.4151,158.4374,86.0983,63.2341
137.4414,158.7626,85.3260,62.8329
137.3608,158.7960,84.6969,62.7552
137.5325,158.9373,83.4080,62.1793
136.8255,159.1879,82.4972,61.6540
136.8981,159.4608,81.2223,61.3643
136.4377,159.6361,79.3515,60.6654
135.9835,159.9189,77.2262,60.2309
135.3874,160.3589,75.3887,60.1117
135.8785,160.5836,73.5804,59.4733
136.1236,161.3465,72.4687,59.0651
135.7391,161.9502,72.0843,58.9097
136.3657,161.9780,71.4386,58.7684
136.1751,161.8221,71.5661,58.6765
135.8701,162.0063,71.5539,58.3734
136.5215,161.5557,71.8046,58.3717
138.7153,161.5200,72.1410,58.4808
140.9562,161.5732,71.7658,58.3076
140.6167,161.2522,72.7540,58.6302
142.8885,160.9883,72.3689,59.0664
142.6628,161.5664,71.2929,59.2230
141.7738,161.6887,70.5105,58.8184
145.9347,158.8308,65.0237,63.7665
149.2081,156.8650,60.3503,67.3171
151.8531,154.5241,55.8691,70.2662
152.6309,152.3619,51.8138,72.1330
152.7567,151.6888,49.2331,73.6957
151.5729,151.5625,47.6292,74.8668
151.2830,151.3520,46.4591,75.5222
150.2373,150.8983,45.5358,75.4684
150.9949,151.0404,45.1534,75.3346
152.6005,151.5238,44.3240,75.7988
153.3931,152.6111,43.6428,75.2632
155.7941,153.6909,42.9729,74.3115
159.1827,153.1216,41.9046,73.7041
159.2164,154.3021,42.1086,73.9370
161.1762,154.2290,42.2812,74.3624
161.0047,154.6883,42.0497,74.5082
160.2282,155.5315,41.8200,74.5937
159.1897,155.5418,42.0125,74.7456
158.1924,156.8257,41.6465,74.2588
158.1932,156.8464,41.1472,73.7713
160.2384,156.9517,40.6611,74.3351
160.5220,156.2999,40.8315,74.0042
161.4212,156.7696,40.4544,73.9710
161.3722,156.9577,40.3222,74.0751
162.2579,158.1164,40.1499,75.0623
164.6660,156.1391,40.3131,75.2932
165.9221,155.6352,40.1030,74.9601
166.4230,154.9825,40.6279,75.0732
165.9705,154.3275,40.1412,74.4356
167.0379,153.9633,39.8317,73.1386
170.3817,156.0564,39.3817,72.9295
170.5925,155.4751,39.8584,72.5413
171.4594,156.3601,40.3889,71.4276
173.8542,156.9219,40.7891,70.2257
175.7001,157.8584,40.9666,68.8432
176.9705,158.9250,41.2736,67.4084
178.0246,158.9364,41.7808,66.9364
179.9212,160.4903,41.9633,66.4957
181.1034,160.4248,41.9596,66.6042
181.9110,159.8206,41.8460,66.4686
182.4174,159.2888,41.7659,66.3834
182.7619,158.9498,41.7783,66.0889
183.8336,159.3066,41.3804,65.2154
184.6663,159.2899,41.0439,65.0078
181.7403,161.9410,44.8415,61.6654
180.4043,163.5806,47.5131,59.2937
178.0709,164.5162,49.5985,58.1346
177.1801,165.3670,51.1547,57.3549
176.2740,165.3184,51.9443,57.4152
170.2268,167.6943,58.6063,53.0252
167.3560,169.6463,64.0154,50.2839
165.9357,170.4726,68.1362,48.3616
164.2906,170.8291,72.1496,47.3478
163.1986,171.4041,74.7537,46.8571
163.6567,171.6936,77.0550,46.8770
164.3826,171.7980,79.0925,47.2379
165.5739,171.5194,81.2004,47.7472
167.6647,172.0588,82.7060,48.2975
170.3356,171.9992,83.7292,48.6933
171.3025,170.8078,84.9870,48.5630
173.3240,170.8072,86.1627,48.6513
175.3260,170.4502,86.9954,48.9310
176.8910,171.6266,87.7911,49.6432
178.6160,173.4412,87.6449,49.8941
179.4614,174.9929,87.7736,49.9235
180.0072,177.0900,88.2982,49.7237
179.6825,179.1081,89.1425,49.8879
180.1493,180.3663,89.2765,49.9996
179.5966,182.1877,89.5048,50.3107
180.3361,183.9059,89.0639,49.9957
180.1635,185.8054,89.7422,50.0620
179.7988,187.3916,90.1122,49.9934
180.4047,189.0351,90.2943,50.1929
178.6157,190.6650,90.6389,50.0199
177.5356,191.5598,90.9491,49.9427
177.4072,193.2297,90.9322,49.8993
177.1788,194.0908,91.6630,50.1795
176.3654,195.8778,92.3808,50.1209
175.3171,197.7713,93.3862,50.0218
175.1306,198.1266,93.9751,49.9920
175.5179,197.7931,92.9250,50.3699
176.2522,197.5530,91.7870,50.8504
173.5948,198.4656,93.2221,50.5641
172.3209,199.9288,94.8933,50.5763
170.0865,201.4621,96.0667,50.7781
168.5240,201.9876,96.4104,51.1002
166.0855,203.0949,97.8232,51.5057
166.0146,202.8369,97.5647,52.1825
164.9288,202.3419,99.6797,53.5827
164.4899,201.5750,101.7193,55.4035
164.2262,200.7206,103.2265,56.9658
164.8006,200.8164,104.2232,58.1694
165.5044,199.7172,104.9280,58.9279
165.8522,198.5257,106.0576,60.0368
166.7110,196.8369,106.4016,60.6978
167.2861,195.3215,107.5378,61.6141
165.9948,193.7863,109.3657,62.4959
167.1014,192.3761,110.1181,62.5596
165.7686,190.7495,111.8324,63.1071
166.4716,190.4635,112.6227,63.2301
165.7887,189.3390,114.8150,63.8888
164.5887,189.1030,116.5640,64.0755
165.6117,189.4145,116.7145,64.3425
166.2080,189.2795,117.0820,64.4237
165.1531,188.9388,118.1904,64.7179
164.9635,188.7227,119.3021,65.0672
165.8325,187.3402,120.4771,65.5664
166.9879,185.5693,121.2821,66.5922
168.2085,184.8453,120.8468,67.6508
169.2454,184.0779,120.6987,68.2469
170.7459,183.2071,120.8227,68.8505
172.7955,181.6449,120.0916,70.1817
175.3376,181.9427,119.5968,70.2630
177.1285,181.6505,120.6115,70.4352
179.6014,183.1437,122.7258,70.1456
182.3831,184.2021,123.9169,70.1110
183.3718,184.2538,125.2330,69.9457
185.1443,183.7472,125.5300,69.8635
187.2558,184.6944,125.1948,70.2866
188.9364,184.8518,123.6049,70.4817
191.2463,184.8079,122.7274,70.9352
191.9622,184.6657,122.3755,71.0816
190.4598,183.9419,125.1596,70.9786
189.8509,182.5802,127.2602,70.5756
190.7728,181.0003,129.9108,70.7420
191.6395,179.4543,130.9705,70.9036
194.6849,178.6608,131.6557,71.9511
199.1367,178.4050,132.7213,72.5905
203.4017,179.1892,132.7118,72.4240
209.0852,176.7026,130.8092,73.6991
213.4213,173.9251,128.6414,76.9736
218.6447,170.7316,127.2426,80.1966
221.9051,169.3518,124.8157,82.0724
224.6195,167.0511,123.6077,84.4620
2
0
0
0
0
1
190.9890,208.0392,23.8930,43.6427
193.2443,207.5959,23.6167,44.2135
195.4835,206.8349,24.0512,45.2033
197.0327,206.8534,24.7509,45.3124
198.9876,205.3086,25.5644,45.7837
200.5826,204.1396,26.3781,46.1396
201.6275,202.9373,26.8630,46.6030
201.7151,202.2412,27.3162,47.2864
201.6543,201.6871,27.7643,48.0463
201.2673,201.2139,27.8800,48.1329
199.6000,202.1029,30.9304,46.4234
198.2147,203.1910,33.2364,45.1972
197.3860,203.2274,34.8517,44.4922
197.2523,203.7463,36.3584,44.5963
196.4364,202.1025,37.1461,45.2868
196.4595,200.7806,38.0592,46.0992
196.5606,199.5372,39.0507,46.7194
196.1640,199.7052,42.9569,44.7711
196.5753,199.3678,46.0203,43.5391
196.4009,199.4009,49.2782,42.6460
196.2881,198.2800,52.1547,42.1621
195.5803,198.6694,55.0889,42.2379
195.7191,197.9558,57.7651,42.4260
195.5779,198.5012,60.0381,42.4480
194.4484,197.5892,63.0643,43.0097
194.7657,197.5931,65.7976,43.2983
198.2510,197.5525,67.7667,43.6621
199.9416,197.6494,70.1084,43.9696
201.4776,198.2755,72.3121,44.3407
201.5796,198.7029,73.8725,44.5371
201.5832,198.6866,75.5523,44.9109
200.5264,197.7468,77.3695,45.4384
200.0730,197.0472,79.2628,46.1162
199.7753,196.3081,80.8373,46.5715
199.9083,195.1844,83.4074,47.4624
198.6895,195.4911,85.9465,48.1639
197.3064,195.5559,88.0484,48.6649
196.7179,195.8006,90.0529,49.4364
196.0794,194.5174,92.1116,49.8961
196.3061,194.0152,93.8271,50.3409
195.5186,193.2561,96.4620,51.3931
196.3197,193.1376,97.6855,51.9304
197.4563,193.3226,99.1150,52.7754
199.3628,192.8901,99.2904,53.2345
201.5202,192.7277,99.3263,53.2446
202.3912,193.3950,100.3687,53.3494
204.3576,193.9667,100.0910,53.3845
208.0676,192.6936,99.7630,53.6900
211.1421,191.9312,99.3794,53.5280
214.5288,191.7640,99.1577,53.3629
216.9280,191.6549,99.2107,53.2977
217.6546,191.6321,99.2301,52.8672
218.9425,189.9642,99.0844,52.2167
219.1335,189.3518,99.3685,52.0612
220.1125,188.9281,99.9141,51.9944
221.0634,188.2742,100.5493,52.0059
222.0264,188.0363,100.9694,51.9543
223.6185,187.9856,101.0494,51.8505
225.2353,187.3663,100.9548,51.7037
226.7631,187.3826,101.2481,51.5225
228.7050,187.5530,101.6563,51.7088
231.0309,187.5910,101.7921,51.8304
233.1672,187.9037,102.1033,52.2508
233.0859,188.3796,102.5284,52.2702
236.3827,188.8242,102.3744,52.6377
239.0040,189.4470,101.5316,52.5426
241.3315,189.7850,100.8289,52.6201
243.2614,190.3655,100.3775,53.1257
245.2372,190.7889,100.1343,53.1049
246.8112,191.1688,99.9852,53.0104
249.4634,191.7442,100.0345,53.1371
251.0809,192.0790,100.5528,53.3110
253.4616,192.1387,100.7836,53.6740
255.8044,192.9049,101.2019,53.9830
258.2552,193.5080,101.6242,54.3289
260.9692,193.3228,101.5766,54.3040
264.4465,194.2930,100.9610,54.3083
266.8734,194.6115,101.0870,54.5327
269.1431,194.7130,101.1177,54.4386
270.7546,194.3733,100.9969,54.2491
272.8777,194.5657,101.1050,54.2750
275.2288,195.2778,101.1696,54.2685
276.4493,195.6736,101.0820,54.1592
277.9561,195.4646,100.7484,53.7492
279.9629,195.3298,100.8708,53.5344
281.1624,194.1054,101.2281,53.6967
282.5794,193.3655,101.2172,53.5242
284.4615,191.1845,101.1032,53.5628
286.0138,188.6240,101.2613,53.2047
287.6999,186.4533,101.5064,53.3501
288.8691,185.1878,101.5879,53.2674
289.5315,183.2846,101.7215,53.0758
291.0946,181.3470,101.3009,52.4890
292.1839,179.9863,101.1021,52.0218
293.3451,180.1262,101.4430,51.7562
294.3081,179.8141,101.4853,51.3864
296.6669,178.5710,101.7266,51.0112
299.7157,177.3039,101.5188,51.1771
301.9082,177.2585,101.0438,51.4484
303.1230,176.3297,100.8826,51.7969
303.8439,175.7116,100.6214,51.9804
304.5286,175.2113,100.6992,52.3992
307.3213,174.9361,100.3503,52.7729
308.7440,175.1015,100.3184,53.1856
308.7425,175.7945,101.2206,52.7839
310.0777,175.7126,102.0994,52.8468
311.1429,174.7875,102.7315,53.0542
310.7663,174.3215,102.9854,53.4552
311.2205,173.1736,103.6185,53.4809
311.7340,172.6322,104.4128,53.1963
312.3029,172.1347,105.1039,52.9479
312.5282,171.9999,105.5334,53.0321
312.4814,172.1760,106.8202,52.9829
312.7595,172.8639,107.4874,53.3671
314.1620,173.4896,107.9803,53.6871
314.7976,173.0499,107.6894,54.4908
313.8973,173.5129,107.5277,55.1035
313.2317,173.5415,107.9242,55.5773
311.2920,173.4759,108.6742,55.7784
309.3956,172.9442,109.9082,55.9127
308.5496,172.0860,110.4412,56.0339
308.1671,171.2079,111.6090,55.7111
307.3730,170.7314,112.6104,55.9264
308.0368,169.8809,112.7907,56.0196
307.6467,169.5668,113.2398,56.7006
307.6871,169.4717,113.8695,56.7404
308.2176,169.5270,114.6879,56.4532
308.1759,168.3524,115.1655,56.6672
308.9840,168.0718,115.4541,56.4980
309.4821,167.3261,115.1811,56.7992
308.4970,168.7718,115.6803,56.6138
308.7220,168.8749,114.9810,56.4921
308.5402,168.5926,115.0499,56.8473
308.0601,168.7670,115.2583,57.0209
308.1862,169.9674,115.1627,56.8226
309.1798,170.7481,114.9934,56.7106
310.4263,170.8101,114.4986,57.1682
312.3036,171.8538,113.8896,57.3369
313.5701,172.7946,113.1855,57.9524
315.3940,173.0921,112.5357,58.3244
316.6688,173.6565,112.7107,58.8352
317.7688,173.3819,112.5899,59.2129
318.2990,173.6319,113.3160,59.5519
319.1704,174.8359,113.4764,59.9035
320.2559,175.8245,113.7595,59.5656
319.0630,176.3994,115.0183,59.8548
320.4319,176.6570,115.7876,60.3620
322.3975,176.7753,116.7510,60.4561
324.9410,177.2647,117.0074,60.9370
328.3008,177.1673,117.4114,61.5420
329.1784,177.8616,118.4272,62.0923
331.4870,176.8474,119.8819,62.7588
333.9054,177.0968,120.6995,62.8010
336.6751,177.1905,121.1745,62.6520
340.9375,177.5322,121.2228,62.8344
343.4984,176.9719,122.1086,62.9725
347.7878,176.7633,122.4074,63.2330
352.1396,174.7609,123.2321,63.5648
356.6734,175.5479,123.4353,63.1600
358.9759,174.0093,123.1767,63.7564
361.0575,173.7285,122.4316,63.7007
361.4361,172.6407,122.3053,64.1181
361.9587,172.8365,122.8289,64.2625
363.8930,172.4842,122.7778,64.0854
365.9969,171.6603,122.8118,64.3279
367.6771,171.5067,122.6927,64.8375
368.2725,172.8285,122.3334,64.6471
368.8872,174.1961,122.4870,64.4465
368.2570,174.3341,122.8010,64.2788
367.7260,173.9720,123.2804,64.2382
367.4533,173.2232,123.9739,63.9776
366.8719,173.1095,124.4000,64.3482
366.2414,173.0667,124.9289,64.6895
365.6848,172.8047,125.6866,65.2277
365.3538,172.5078,126.8278,65.7075
364.9968,172.2218,127.3623,66.1160
365.5742,171.9126,127.7821,66.4805
365.1507,172.0343,128.0282,67.1470
363.3243,171.2397,127.7344,67.4958
362.1304,171.0245,127.8227,67.9079
361.1050,170.9134,128.2105,68.1060
361.5073,170.3200,129.2034,68.2799
362.3898,169.8137,130.1078,68.3144
363.1344,169.7422,132.1892,68.6676
364.0161,169.4837,133.9249,68.9861
366.1174,169.4946,135.1826,69.2816
369.8217,169.1918,136.6717,69.7038
373.3176,168.6530,138.9803,70.5803
376.0334,168.6415,142.1631,71.1475
378.0957,167.3879,144.0218,72.1304
380.1195,166.7484,145.4075,73.1713
382.9338,166.5917,146.3475,74.1438
385.4432,165.0977,147.5203,74.7402
388.2436,164.3656,148.1364,75.9004
390.3933,163.8441,147.9544,76.3377
392.9937,163.5282,147.8208,76.5083
394.5663,162.2211,147.7394,77.1155
396.3532,161.1861,147.0107,77.4053
396.0202,159.8763,147.1391,77.4280
396.7351,159.0878,146.3616,77.3953
397.4892,159.9824,146.0781,77.0531
398.0188,159.3620,144.4143,77.0928
398.7072,159.1233,142.8730,77.0139
400.2102,158.2223,142.5245,76.8580
400.8622,158.7665,141.3408,76.3672
401.4553,158.7591,140.7844,76.1215
401.7287,156.9967,140.2064,76.2663
402.2065,157.5562,140.2729,75.8192
401.4726,158.5900,139.2064,75.0868
401.7778,158.1346,140.2080,75.5550
401.7138,157.4449,141.2897,75.8710
400.4708,156.9676,143.6731,76.0964
397.4383,154.7453,144.0508,76.6230
395.3966,153.9105,144.2105,77.0216
394.0002,154.8042,144.7315,77.2132
391.6775,156.2955,144.8372,77.2636
388.3464,157.1925,146.7937,77.4325
386.9773,158.7057,146.6894,77.6484
386.6010,159.0989,145.4327,77.8409
385.2913,159.1525,145.6996,77.9809
384.6815,159.6560,145.1447,77.8655
383.4742,159.9074,145.0920,78.1095
380.9443,159.4364,145.9486,78.4699
378.0598,158.2178,147.4186,79.2034
376.2313,159.4496,148.1486,79.1670
375.3289,160.7792,148.7551,78.8674
374.6770,161.2631,150.2720,78.6260
374.1363,161.8740,150.7809,78.8921
372.3264,162.1301,152.5634,79.5658
371.8766,161.7606,154.0250,80.0466
370.3953,161.7033,156.0640,80.4888
368.6316,160.1103,158.2588,81.2651
365.0227,159.9375,160.2361,81.6189
363.1028,161.1342,162.1575,81.4523
362.5870,161.1933,163.3993,81.3493
360.0810,162.1470,164.5503,81.6422
359.1808,161.3870,166.2193,81.4431
358.1417,161.4374,168.2504,81.5207
355.8465,161.1246,169.8285,82.1516
352.5630,161.0454,172.0968,82.4652
350.0909,162.1085,175.0131,81.2225
349.8914,161.3550,178.4244,80.3546
349.2139,160.6413,179.0924,79.4432
346.9299,161.7345,181.9674,77.7513
345.8633,162.1208,184.2518,76.2571
345.5934,161.1288,186.5559,76.7909
343.7191,161.7010,189.4431,77.0182
344.1207,161.7295,191.4849,77.6434
343.9705,162.9091,194.1987,76.9169
341.2732,161.3575,195.9134,78.0626
339.0136,161.3688,197.1588,78.2508
335.1664,161.3358,197.4676,77.7808
333.3390,158.9648,196.3328,80.1357
332.3562,156.9995,195.4950,82.7937
330.2467,156.1874,194.7437,85.1332
327.1409,155.1839,195.4424,85.8801
325.1598,154.5602,197.1985,86.3776
324.4935,152.4547,200.8392,88.1496
322.8472,151.7109,205.5170,88.7116
319.0568,151.6270,210.4542,90.0355
316.6534,150.8329,214.9499,91.7543
316.5613,149.6386,221.0288,93.4211
315.5368,148.6233,224.8801,94.6541
313.1040,148.4325,229.8697,96.1430
313.3517,149.1274,235.3704,97.4759
308.2707,149.8816,241.6084,98.0589
303.7489,149.8876,247.2194,98.7351
301.5141,149.0813,252.0769,100.6474
298.0074,147.5085,259.5595,102.3781
295.6742,146.2996,262.1241,104.9712
