1
288.4757,152.8122,91.6417,196.0813
287.3400,147.0927,93.1082,199.3895
287.9589,145.9130,93.2968,201.2433
285.5736,144.9085,92.7885,202.4493
284.1420,145.7816,91.2267,202.0773
284.2075,145.8123,89.9069,202.3258
284.1526,146.7781,90.3497,202.9197
285.9291,145.0553,90.1311,202.4468
288.3142,148.2884,89.9152,201.3370
288.6177,148.8014,91.9307,198.9978
291.1409,145.9816,92.1835,198.3405
289.4767,141.6837,92.2250,199.8631
290.0270,147.0358,93.8172,195.1096
288.5131,142.7563,95.3873,196.4300
289.5509,141.5053,96.5407,196.9342
290.1219,139.5391,97.8734,198.6128
290.7838,138.1194,100.1712,200.5058
294.9369,137.3354,102.1827,201.2520
292.2148,136.8393,103.4780,199.6996
289.7272,135.3915,103.9434,200.0809
289.9032,134.0811,104.6330,201.8315
289.6673,132.2312,105.6651,204.1504
290.3912,134.5895,106.0520,203.2453
288.8706,139.5892,106.2828,200.1437
291.2779,136.5815,106.5860,199.7270
295.9370,136.4732,106.0033,198.6786
296.3740,137.5093,105.0993,197.6829
295.4227,134.3588,105.3971,197.9653
294.2288,135.7331,105.5519,196.5855
294.8804,136.6598,105.0516,195.0570
294.3821,140.3031,105.1499,192.1437
294.8426,142.3777,103.8897,191.1406
295.9677,142.4635,101.7359,189.0310
295.7470,143.0128,101.2710,185.8436
295.2018,134.2896,102.0062,185.1959
298.3802,128.9327,102.2660,186.4801
297.3725,125.6030,101.7356,189.4473
297.5014,123.5071,101.0078,190.0487
295.9422,125.6042,99.9449,187.5954
297.7926,129.5063,100.2419,184.1537
298.0569,126.0641,99.7082,184.1865
299.6504,123.1813,98.1636,184.3593
302.7352,120.0056,97.4166,183.9521
303.7976,118.9997,96.0530,183.3672
304.3402,119.5008,95.3997,182.4186
305.6548,119.7980,94.0080,180.3250
308.7021,121.8786,91.9833,178.9683
310.5625,119.9615,90.4149,178.6488
312.6861,121.3361,89.7610,177.3302
314.5444,122.4076,88.1522,176.6145
316.3301,122.7377,87.6912,175.8880
317.3512,123.5813,88.3702,174.6313
317.3071,123.7868,87.5360,174.3052
317.7953,125.1079,87.5205,173.6235
318.1353,125.0002,86.6139,173.5066
320.1575,127.7453,83.3181,171.9060
321.5291,125.1544,81.6386,171.3834
329.3646,138.6899,78.3939,164.5757
331.6562,134.7410,77.9677,164.4649
333.9718,133.9877,77.3994,164.6764
335.9394,134.5902,76.8279,163.9292
336.2796,135.6800,78.1784,162.0688
338.2949,137.5891,80.1599,159.5515
340.3537,141.6996,81.5702,157.6662
340.6016,141.7255,82.9750,156.5419
341.6940,142.2563,84.6772,155.2061
342.5569,146.3664,84.3223,151.6795
343.1982,146.6315,83.0793,150.5805
345.5911,144.9316,80.8763,151.3736
349.0864,143.1969,79.1817,151.7487
350.0783,142.2291,78.0677,151.4156
353.2145,143.4958,77.6041,150.9168
354.0060,144.8195,77.7564,150.3992
354.4680,139.8715,76.4871,152.1681
355.7959,140.6023,76.3986,151.4707
354.1533,140.4866,75.9430,151.6607
355.6004,139.4644,75.0131,151.2958
356.3765,136.5252,73.2574,151.7730
358.3445,136.3581,72.3842,151.7643
360.1596,132.7612,72.2045,152.7537
361.3854,131.8854,71.2531,152.4152
363.0704,132.2590,70.7898,152.4220
368.9003,145.3234,69.7623,149.3376
370.1335,135.9200,69.2832,149.6268
372.1278,134.1075,69.0085,149.1224
374.5717,132.7625,68.5379,148.5218
377.1191,131.5899,67.3850,149.1974
378.0152,139.2557,64.8372,147.0786
379.7274,132.4325,65.2736,148.8419
380.7019,132.6196,66.0715,151.5779
381.6034,131.2348,66.1427,152.1107
382.7380,132.4814,66.6704,152.0314
384.1674,132.9833,67.2398,151.8829
384.9017,131.1079,67.7710,152.1101
386.4119,131.3739,67.4911,153.2277
389.0276,129.0194,67.7628,154.1798
389.5514,130.2279,68.5150,154.5034
391.4267,130.0847,70.1616,154.5457
391.2977,128.1302,71.7956,155.5052
392.7036,126.4875,71.7021,156.3939
392.0583,125.4071,72.4723,158.8347
391.1367,122.6098,71.5849,161.5198
391.1948,120.6963,70.5573,164.4349
391.0586,118.7885,69.5403,166.4145
388.3453,118.8022,69.1378,169.7852
388.0390,114.5386,68.8186,173.2711
387.5672,112.4338,67.7437,176.1999
386.7777,110.6629,67.6346,176.8934
383.9351,121.8826,66.5578,174.9523
383.5426,117.3801,66.7302,173.7759
383.7361,116.7203,67.9590,174.9931
381.6300,115.0139,67.8291,175.8639
379.1712,116.1577,67.3969,177.1425
380.8381,114.5102,68.4830,178.3432
378.8773,112.1559,68.1042,179.8800
377.0811,115.1751,68.0125,181.7639
375.7993,112.0305,68.1964,183.4484
374.8510,114.7090,68.6147,184.6937
374.6257,110.1024,69.2739,186.4589
372.0615,111.9376,69.6439,188.7258
373.2201,108.6171,71.0048,189.8760
370.5273,110.2708,71.6392,192.8136
372.0492,107.2957,73.3421,192.7142
368.1700,107.7258,72.6718,193.6664
367.8208,108.5514,74.1465,193.8408
368.1405,107.6222,75.0616,194.8934
366.3451,106.4687,75.5103,195.0656
364.5786,108.2006,75.9568,195.2570
365.2341,105.7692,76.3139,196.5028
365.2463,119.4126,75.6253,193.7475
363.5020,108.9879,75.9250,196.6931
362.2363,104.5675,76.6485,199.2481
361.9910,104.2785,76.4144,200.4072
361.0974,104.7355,76.9955,201.7525
360.4053,104.4436,78.7439,203.1551
361.2929,104.2790,80.3859,202.9317
361.4890,115.0400,79.9264,201.0954
360.5551,105.8435,81.8713,201.3373
357.6732,105.8752,82.4073,203.2379
355.9882,104.1752,83.5049,204.4679
353.9581,105.6758,83.6568,205.1272
355.5566,106.4666,84.5023,205.5873
356.2415,105.8556,85.4193,206.1731
355.7051,107.3128,86.2783,205.8551
355.2183,107.5816,87.0248,206.2529
355.4767,109.1595,88.0829,205.6571
355.7423,109.1547,88.9535,205.8647
355.1654,109.9045,89.0171,206.0302
356.2556,111.8474,89.6125,205.1655
356.0918,111.9938,90.6075,205.1919
356.6174,112.0357,91.2372,205.2846
355.4542,110.9485,90.6562,204.6358
359.1235,111.0757,90.3794,204.5118
357.6418,112.6345,90.4290,202.9642
361.6125,129.9462,89.0931,196.5309
357.7556,123.8487,89.7722,195.2552
353.0410,123.0358,90.8335,192.2456
353.0565,124.5915,90.5695,188.1248
350.5704,125.5821,89.2029,184.8087
348.9459,125.4230,89.2229,182.0953
348.4016,123.8935,88.5993,180.8876
347.9738,127.9214,87.0193,178.1085
346.9881,127.2110,85.8809,176.0649
346.1823,126.5683,84.4700,174.4347
345.1268,128.8252,83.8946,171.4471
344.7230,130.7098,84.0433,168.7216
343.2385,131.1808,83.8366,166.8992
341.8682,131.0162,83.6802,165.8107
342.3748,134.8599,82.4036,162.1013
340.7138,135.2931,82.4470,160.2085
339.1440,140.3455,82.4954,157.4624
338.7879,141.8819,83.3925,156.3309
339.9994,140.4444,82.9960,156.5582
340.9515,141.2859,83.2059,156.3878
340.5282,140.1052,81.4761,158.4046
342.3051,137.6778,81.6714,160.2436
341.3890,140.2881,81.9048,159.5486
340.8852,142.9621,80.8471,158.1562
341.5602,145.2402,81.4418,156.4089
341.1901,141.4217,79.4873,158.8566
340.9031,137.5964,78.2417,161.6283
340.8381,137.1940,76.8694,162.6064
341.8494,138.6814,75.5715,163.0378
343.9469,147.5950,74.9322,159.3268
343.4972,141.6772,74.1975,161.5952
331.4383,135.2087,69.9101,164.9708
331.8253,133.3849,68.1988,167.6704
330.7011,131.6855,66.2323,170.8414
329.6459,129.1545,65.2127,172.9666
328.5316,130.9126,66.5447,173.1080
326.8740,127.7081,68.8603,175.1378
326.2126,129.9193,70.3248,175.0354
323.6713,129.5898,72.1947,175.5472
322.5727,129.3327,74.1815,175.4169
319.4022,132.5152,75.6953,175.3598
317.9607,130.0179,75.3141,174.0212
317.3875,132.9320,76.8804,173.4404
316.9177,134.3401,77.3904,172.3613
316.3564,131.7652,77.0296,173.2240
317.4778,135.0170,77.7097,171.7298
318.3149,137.5756,78.7423,170.0159
319.0035,138.8671,79.5194,167.7563
319.1878,143.7777,77.8237,165.3999
319.8058,138.8208,78.7928,166.3350
321.2464,140.0709,78.8603,166.0721
321.4552,136.9485,79.1280,168.1469
322.6835,141.1550,80.6472,166.8381
324.2780,141.2854,81.5086,166.4189
325.3298,140.8404,82.0629,166.4493
327.4972,143.0140,82.1583,165.2273
326.8388,146.0381,83.5616,164.7563
326.7172,144.9805,83.2089,164.5183
327.5574,145.2618,83.5821,164.7199
329.5717,144.7166,83.7465,165.7209
330.8589,143.3394,84.6105,166.8004
332.9407,144.4910,86.2182,165.9881
331.7570,142.9472,86.5891,167.7263
333.6617,138.7229,85.7103,168.9521
334.9883,136.6743,86.9768,170.1273
338.7592,131.7586,86.7551,172.7669
337.3002,125.3576,87.7871,176.7605
338.7553,128.5814,88.5540,178.4615
340.3672,127.8476,89.6053,178.9886
343.0454,129.6550,89.5830,178.7391
344.9896,132.7965,88.7986,177.3541
349.3672,132.3150,87.1045,178.2906
350.6586,132.3982,85.8308,178.2580
352.6284,130.3086,83.2078,177.6308
356.6958,120.6138,78.8345,184.5502
359.4031,120.2710,76.2866,188.0879
361.4657,120.2330,73.9866,188.7159
362.7054,119.1173,73.5268,189.2253
364.4425,114.1061,72.9376,191.7896
364.8982,112.4890,71.6489,194.9199
366.2966,112.1330,70.9315,197.4047
368.1826,110.4531,71.1272,198.7009
368.3929,111.7009,71.6873,200.4054
368.8844,113.4075,72.1489,201.1294
368.9903,110.0326,72.0851,202.0081
369.0601,112.7992,72.5576,203.0951
369.0023,109.9584,73.2017,204.5758
369.2177,109.6422,72.8677,205.2166
370.0803,109.9077,72.8651,204.8335
370.4414,107.2929,71.8034,205.2646
369.9193,109.0241,70.9570,205.1606
369.2842,113.7720,70.9843,203.7445
370.8156,110.5388,70.8790,203.0582
370.2272,112.6315,70.9686,202.2574
369.8903,113.4980,70.6724,201.0187
371.0578,112.0127,69.9481,199.9671
368.3715,115.9260,69.8466,199.8486
369.3912,115.4380,69.1279,197.5634
371.0049,107.9660,68.3153,198.2633
372.5313,108.1484,68.4193,198.3479
373.0175,109.1316,68.3604,198.3430
373.4297,108.7824,67.3404,199.4205
373.0895,108.7303,66.9438,200.5658
374.3710,106.2925,67.0460,202.1339
376.3496,104.9586,67.2104,204.0164
376.2908,104.8733,67.0604,205.7956
375.2095,104.7778,67.6376,206.9632
375.6607,105.9473,68.7268,205.5611
377.6454,104.3852,69.7780,205.8111
380.5192,105.6544,72.7830,204.7151
382.8491,111.5011,75.4133,200.3368
382.6251,108.2103,78.5874,199.2648
383.2485,109.4238,80.2406,199.3343
384.6161,110.7673,82.6703,198.8417
385.1877,105.7460,84.6719,201.8549
386.3275,104.4626,86.4309,203.4097
388.6741,109.1817,89.0302,203.5543
388.9830,114.2668,90.1590,202.7450
389.9597,112.2138,90.5674,202.0014
392.1745,113.1034,91.0159,201.2973
392.7841,115.7495,92.5383,202.0063
391.9467,110.1895,92.3982,205.8022
391.6647,107.6699,92.8741,208.7845
391.8277,105.1551,95.3213,209.3568
390.2889,101.5705,96.2994,210.7760
386.8760,105.7644,97.2505,209.6126
385.3322,111.2859,98.9119,207.1348
380.3221,109.4838,99.8141,206.0542
377.6024,103.6942,99.4523,207.3852
373.2596,102.0867,100.2909,209.1157
370.7105,102.8707,100.6008,210.1956
367.9951,104.6647,100.7723,209.8075
367.4286,106.8671,100.8879,208.3322
364.4248,106.0772,101.3395,209.6020
362.9376,105.1378,101.2931,209.5634
358.0053,108.1686,101.7410,208.6429
352.9716,109.2261,101.6005,207.9867
350.7847,112.7786,102.0093,207.1730
347.0767,111.3634,101.0601,206.8662
341.0474,111.5685,99.1941,206.7570
335.0010,110.2441,97.7555,207.9920
330.8052,112.6514,95.4852,210.7283
326.7891,107.4162,95.7407,212.0307
322.9545,107.7421,96.1278,215.4732
321.9639,108.5502,95.1318,213.6475
317.5939,106.6759,92.7680,218.4664
318.0186,103.4022,90.3659,222.5418
316.8684,99.7829,88.9760,225.2243
315.1209,100.3844,88.1004,226.6062
314.2506,102.0879,87.6509,225.9454
312.6230,102.8206,87.1649,224.6146
312.9146,102.3574,86.6009,224.4688
310.4571,99.6848,86.3341,224.8136
309.0710,100.9992,86.0464,225.4474
309.4498,100.9119,85.5484,226.7606
309.1861,103.8840,85.0815,227.2457
309.1811,104.0649,84.9932,227.5938
310.0135,102.6015,84.5436,228.6573
311.3184,103.4821,84.9592,229.9996
310.1515,102.7515,85.0958,231.8267
310.6830,98.4370,85.5457,234.5233
309.7629,95.8994,86.5243,235.5111
311.9185,92.1117,86.4997,238.9440
312.4670,89.5487,86.6158,242.2410
311.7914,86.7729,86.6105,245.8328
308.6046,83.9384,87.4482,248.4519
306.1098,78.8606,88.5331,249.2740
304.2147,72.4343,90.0499,251.7927
300.2820,75.2819,94.1764,248.3095
297.3977,71.4230,96.3426,248.9790
297.3904,73.9643,97.7955,250.7965
296.4656,72.7516,98.1879,248.2550
291.1312,77.0457,100.4440,246.8833
291.2709,80.2137,101.0209,244.7238
288.9783,88.7218,104.1444,242.0516
289.0429,83.7614,105.7412,244.9897
286.5184,84.6395,107.3865,248.7879
281.8484,84.7573,107.9138,250.7169
280.6346,78.1823,109.1091,253.3670
280.5259,76.9750,109.9248,256.3284
276.1674,73.9319,110.9398,259.4510
269.6179,69.1561,110.3465,263.0912
269.7762,63.7274,107.2358,266.9157
271.6869,61.6380,107.0964,269.5810
272.2081,60.1425,105.2499,272.0584
270.8657,55.5550,102.4655,274.6429
271.7686,57.1540,100.9809,275.6667
274.9534,62.1284,99.3043,270.1819
276.2712,56.0627,99.0218,270.8879
278.2990,60.3810,98.8341,270.1040
279.8636,61.7133,97.7486,269.6110
281.9308,60.1706,95.7582,268.0717
284.6440,62.5835,95.2449,268.2103
283.2142,70.3400,93.9558,265.6184
285.6320,65.3130,92.9140,265.8854
288.6897,66.5258,91.5826,266.6141
291.4529,66.5771,90.9791,267.6774
294.0797,66.8649,90.7465,267.0232
295.2267,64.6319,90.7872,267.3858
298.0286,63.8941,90.9921,268.5075
298.5692,59.9302,91.2834,272.4478
299.2375,58.9610,91.1424,273.9041
297.7435,54.5764,91.1053,276.1465
296.9880,50.1065,90.9567,278.1817
296.8997,48.1369,90.4407,279.2375
294.4510,43.9047,88.9774,277.9861
291.5550,47.6859,90.0806,278.2472
287.3788,51.2049,91.7665,281.9560
287.8404,52.7421,92.0472,285.1656
288.7670,52.1653,92.9112,288.4051
286.6008,54.9295,95.4871,287.8021
