1
288.6302,76.0527,63.2147,225.9361
286.9326,76.1682,65.5148,226.6055
281.5130,76.5818,67.7595,225.0482
276.3075,77.0808,68.3601,221.4271
277.6130,77.2350,69.1846,219.1117
272.6306,79.5263,69.8603,218.0580
268.4822,80.5752,69.6217,219.3001
270.3687,79.9320,70.5060,219.9790
266.1887,82.0115,70.4368,218.9122
260.0279,85.0926,71.8094,215.4903
260.3798,86.0199,73.3569,213.4648
256.6970,87.7551,73.2943,211.0420
254.3285,90.3404,73.1337,206.3954
252.5811,91.7413,73.5620,203.7856
254.4952,92.3307,73.2370,201.7149
251.0268,96.8229,73.9392,199.5534
249.4405,98.6281,74.6746,198.9137
247.8390,101.2903,74.8745,197.8719
245.3416,106.0726,75.6765,195.7608
242.6771,110.1310,75.8559,192.7871
239.3531,114.0077,77.8955,189.4073
237.6156,118.4678,82.7153,184.8144
230.3582,118.8848,87.0427,182.8844
221.4749,124.8230,98.6511,175.5855
223.2075,125.4684,105.8216,171.7211
226.5124,123.7653,111.2349,167.8435
229.2771,120.9726,115.6190,165.2680
231.6838,118.2664,118.2715,165.1860
215.6183,119.1770,118.0592,166.9736
214.8111,118.3216,117.9699,169.1677
215.3380,117.5232,117.4514,171.9005
241.6684,104.8335,104.7266,182.6007
246.5375,100.1763,97.0191,189.5986
245.9291,109.7393,93.8723,191.3298
235.9850,122.4049,103.3041,183.5198
241.4026,123.3185,108.6017,179.4339
232.3980,125.4316,112.7444,178.3513
226.2824,127.3753,117.5067,177.9473
221.3948,125.4938,120.6910,179.4526
228.4288,126.1573,127.8603,178.0961
231.0853,122.0158,137.5561,175.1239
216.9125,121.8062,145.8477,174.7998
222.8815,116.0199,152.7599,175.1227
284.5876,84.3205,135.9626,195.2761
281.3083,81.0222,126.1746,207.8635
298.2418,71.0400,118.4757,216.8758
278.1204,69.1418,111.8951,222.5440
292.5787,61.7919,107.2498,227.3894
285.9177,62.5375,105.3838,230.5933
275.5239,64.9654,104.5622,230.2818
273.6044,65.4495,102.0604,231.0064
272.3533,67.5741,99.5836,230.7850
271.6459,73.7744,97.2068,226.2831
271.2857,77.1821,96.2437,223.1015
271.4041,79.8581,94.9649,220.1289
270.3904,86.9611,94.4733,215.3286
269.3216,90.6502,94.5647,211.1756
267.4515,95.9704,95.0897,206.9385
266.4215,98.8416,96.0225,201.0850
266.2809,101.5599,96.2764,197.1123
262.5148,105.4942,97.8214,193.8994
273.7212,107.5563,108.2130,186.4375
269.5010,109.4519,115.4732,181.9419
262.3177,111.6014,124.6531,177.9715
264.1966,111.4896,133.8160,171.1140
248.9358,115.4397,143.6705,164.0362
252.0488,115.4855,151.1725,161.1304
241.5426,117.5275,159.0859,156.0665
256.7023,115.5655,156.9232,157.7212
248.4464,115.6446,159.5195,155.8736
241.7588,116.2729,161.2341,155.7169
260.4034,111.0785,155.5923,161.4123
258.1371,109.8974,152.8473,163.3409
256.5864,107.8868,149.8087,166.1793
248.4244,118.4193,150.4979,167.1643
239.5728,111.6467,155.3827,164.5984
239.3561,110.7417,159.0598,162.7786
238.4517,110.2412,160.2759,161.4842
242.7087,104.9594,157.4781,166.9831
249.7315,105.7087,148.5521,169.1040
253.8527,104.1628,141.6848,170.1850
261.7234,101.5434,133.3993,171.6790
280.4199,100.7533,123.0749,175.4077
280.5229,110.2108,116.8122,172.7107
283.4505,105.3699,113.2983,170.2918
287.3611,99.2927,99.0458,177.7829
291.3571,95.0286,90.0371,183.1551
295.8759,92.5218,85.5600,188.1184
302.6888,89.9530,81.1418,190.6954
305.8388,89.1172,77.5232,192.1900
306.5033,88.8225,76.6610,193.0969
309.2576,86.8836,75.6236,191.8379
308.6857,86.9798,74.7313,192.8901
310.8630,82.8636,74.3278,191.3533
308.5049,79.3307,75.2158,192.5511
307.7338,78.1194,74.8107,193.2730
306.3657,77.7992,74.9979,194.6348
303.1044,75.2841,73.9363,198.1368
301.5956,73.7868,72.9871,200.8488
299.9250,71.1461,72.6687,204.1879
300.4584,68.7660,72.2744,208.5660
301.4659,67.5689,72.0727,211.2722
300.7310,66.6811,72.8388,214.8046
296.5388,65.3671,73.1485,216.2353
293.3522,61.9828,74.4812,217.9787
288.0154,61.7537,75.1120,217.7279
268.2191,65.4644,78.0691,214.6072
266.4957,68.0246,82.7894,211.2866
261.7864,72.2552,89.3440,207.2982
259.3482,72.0298,91.5029,207.0070
257.6170,71.0164,92.7019,207.0181
244.1026,90.8973,99.1276,202.4138
243.1579,95.6277,105.4312,198.0787
238.3933,99.6009,113.4039,192.3687
230.8605,99.9179,124.4797,186.3572
226.5546,89.4867,131.5360,184.1074
224.1729,92.7110,136.4119,182.9053
221.6524,98.2952,139.8855,183.8590
235.8891,88.4365,125.8459,195.3451
245.1629,80.5526,117.7024,200.3067
256.2701,72.6991,108.0086,206.1771
267.0091,70.4804,100.6575,213.5788
270.9323,69.1123,95.9015,218.2369
275.1071,65.2257,91.2511,225.1354
276.5818,54.9946,89.1015,225.8069
279.5139,55.9283,86.2641,228.8147
283.3641,53.6867,85.7016,229.5645
285.6404,54.7946,83.8939,229.2600
287.4785,54.1808,82.4468,228.7869
288.2260,57.6113,82.6169,229.4395
288.9285,65.3065,83.7902,225.9643
289.9907,65.0190,83.7917,225.3583
290.6844,69.3543,84.8394,223.6107
288.7024,77.9259,86.9184,219.5242
285.8220,76.3551,89.8808,216.2525
284.5807,82.3028,90.5304,214.8138
284.1816,87.5621,90.3412,212.3935
284.2152,90.4443,89.9122,210.0221
283.0464,93.0617,89.5954,207.7710
279.4417,87.8663,89.2996,206.0473
281.3152,94.3646,89.1743,203.9899
279.3916,90.6301,88.5913,202.0976
309.8291,110.7989,93.5559,196.6350
305.2447,111.5319,97.1673,192.8925
283.0347,104.7029,96.7228,192.7313
296.3174,111.1896,100.5805,188.4765
275.9256,99.1534,100.1759,187.8499
290.3945,106.9697,102.6242,185.0731
272.6878,89.3172,101.4198,184.5497
272.4358,89.7151,100.4259,184.0946
272.3826,91.8492,99.9920,183.1330
270.4001,92.4466,97.1908,182.2456
268.9214,90.9810,94.3949,180.8624
267.9696,87.9335,91.8999,178.4914
264.6640,84.6051,89.2350,178.8623
262.7384,79.6508,87.1133,178.4223
259.5710,77.7554,84.6640,182.0731
258.9314,76.1895,82.7661,187.3629
259.6303,75.4398,81.5506,190.8950
258.6747,75.5839,79.1499,194.3326
258.1308,74.5431,79.5096,197.3510
258.1649,72.9747,79.7838,199.9401
258.8189,71.7302,81.1804,204.0784
258.4870,75.7377,80.5466,204.4762
258.0208,78.6880,80.5366,204.4920
258.5049,77.9961,80.8401,206.5461
254.5908,73.4455,78.4364,207.5189
251.0288,70.2933,76.1158,209.2272
248.8181,68.1077,73.8252,210.7052
244.7692,72.2390,71.4930,209.6852
243.2374,73.9148,69.8269,208.7038
240.7059,74.6024,67.6801,208.1787
238.3346,75.4950,66.7951,204.5149
237.7095,77.1658,65.9592,202.5003
236.4739,78.6935,66.0408,201.2545
238.2190,79.5189,66.4879,199.7218
238.0813,78.6374,66.7184,198.8064
240.2651,79.1865,66.5015,198.1070
252.6120,77.3635,65.3181,201.0908
250.9882,75.4834,64.5446,203.1197
251.7036,74.9607,63.5868,206.2837
255.4079,72.0358,63.4834,209.2354
255.7797,69.3744,62.5471,212.5893
257.1061,68.1140,64.1984,214.4572
259.8417,66.2350,65.1399,216.0378
261.4912,64.4261,64.6694,218.4280
262.1790,64.2636,65.5819,218.6342
265.3647,62.7602,65.3735,222.5374
265.3584,66.6311,66.7173,221.9587
266.8393,72.1305,67.2491,219.1098
270.3239,77.8907,66.6685,214.0410
271.3217,72.8896,65.3790,212.1191
274.1897,79.8607,64.6657,210.3087
278.5406,86.6889,64.1179,209.5361
280.1862,90.2890,63.6398,208.9600
281.8526,92.8929,63.1362,208.5840
287.1527,92.6901,62.4361,209.5699
287.9296,95.3195,61.8131,209.4575
290.8805,95.2861,61.3934,209.8077
296.1961,92.0729,60.6375,208.5710
297.8083,91.1079,60.0814,208.9294
299.2448,90.5014,60.8295,212.2634
298.5455,81.6546,62.5200,216.3842
298.9080,77.4095,62.7003,220.0849
297.2494,73.6499,63.2914,221.7004
295.0997,73.1335,65.1325,222.9804
293.8603,71.8599,66.1809,224.2317
291.9523,72.4661,68.7383,224.2984
283.9416,68.2610,72.2023,223.9446
281.2931,70.3944,73.6843,221.5184
274.2395,70.9480,75.0378,220.7394
266.4056,71.8635,75.2613,218.8418
263.5183,74.5980,74.4760,217.8915
261.3589,77.0081,73.6096,216.4839
268.9876,74.9505,71.4724,214.8191
271.5565,75.2708,69.8031,216.6399
277.0604,72.0648,69.6449,217.7859
279.6359,72.2783,69.7166,216.4605
281.0098,72.0024,69.8324,216.2833
279.5885,68.8584,69.8881,217.7986
279.9959,63.8086,69.6168,217.0569
280.8300,65.9469,70.3634,214.4792
280.4762,65.7592,70.7488,213.8457
281.2519,62.3159,70.9095,213.1192
281.4893,63.0376,71.4631,212.9939
282.8936,63.8208,72.1589,210.1462
287.9339,66.8466,72.1858,208.1043
288.7903,66.7374,72.4471,206.6864
290.4441,67.4879,72.3877,205.8575
293.9515,74.4276,71.5677,201.1357
294.6006,77.8207,70.8969,198.7354
294.5138,81.6692,71.8848,197.1824
298.1822,84.3463,71.0655,192.8659
300.6926,84.7182,70.8229,190.9270
301.9160,84.8550,70.9110,190.3410
307.4834,84.2573,70.3303,186.0250
306.9531,85.8808,70.8974,184.4448
308.0991,86.0984,70.0443,182.2856
310.2775,85.1961,69.1082,179.2619
311.8025,86.1909,68.4517,178.4576
312.0791,83.2924,68.0447,181.4881
316.3856,73.4856,66.9718,186.7272
318.3349,70.0442,66.5417,190.3982
319.0001,64.8978,66.2016,194.6180
316.8095,59.4618,67.7913,197.5788
315.7207,54.8039,69.1080,201.8360
317.6876,51.7842,69.0259,204.6920
320.7876,51.3768,67.9745,200.8410
321.6568,52.5258,67.2506,197.1013
323.5373,55.3243,66.4388,194.7149
324.2797,63.5510,64.6491,193.0790
325.8425,67.5983,64.0434,190.2676
326.1580,68.2787,63.8121,191.1077
329.1768,67.2739,64.1721,189.9706
330.1946,66.7274,63.7323,188.7628
329.9067,68.0446,64.8038,186.7818
327.9796,67.9191,67.5219,184.8657
326.9048,68.8109,69.1455,183.7529
325.0643,68.3905,70.4555,182.6853
325.4912,67.1133,70.3912,184.2023
325.9604,65.8264,70.5087,185.3782
323.9283,67.9756,71.4917,184.1030
319.7105,64.2149,71.5636,184.0493
318.5347,65.3582,71.0536,184.0308
316.9291,67.2770,70.6483,182.2368
320.2880,67.3075,69.5151,182.9943
320.7897,66.5835,68.8609,183.1931
324.2108,65.7825,67.5187,183.7259
325.6294,69.0094,67.1837,181.8611
328.2807,73.7080,66.9960,178.9024
329.3015,76.5012,66.4536,177.1712
327.7866,76.8288,66.3489,176.8855
330.1428,73.5603,65.9147,177.6979
329.9077,71.1226,65.4445,179.9714
328.6840,68.8703,65.0244,182.1786
325.3504,70.7423,64.1079,180.2111
323.1089,70.8663,63.2740,179.8672
317.7325,74.8184,64.0553,177.0041
310.6984,75.1127,72.9799,172.9781
307.5806,75.1038,76.1808,171.8864
302.5454,74.1994,83.2068,169.4688
314.3976,74.1975,81.1133,166.8364
311.3672,76.0752,80.5165,164.9613
310.2819,79.5332,78.7027,162.1188
309.5827,82.1873,76.7724,158.5639
309.4191,84.2422,75.1842,155.6672
309.6564,84.8554,72.2636,155.2453
308.4694,84.2827,69.1334,155.6049
317.9148,84.3142,67.0181,155.1358
313.7425,83.7197,64.6969,156.2642
310.3298,83.7600,63.6511,155.9884
306.9124,85.9656,63.0441,154.4369
302.9472,80.0684,65.1870,153.9854
297.3987,84.0716,65.7171,152.7267
292.4017,82.7845,67.8792,151.9438
288.3586,81.7197,69.1426,151.7028
285.1040,75.9806,67.1286,156.1993
283.3726,73.7344,64.3496,159.5917
280.4274,72.5465,61.8253,163.4350
275.3763,73.1136,59.5902,165.8953
274.4800,73.9351,57.4600,165.4198
273.1469,76.9228,57.4199,164.9155
269.5845,76.6957,57.7885,165.0009
267.9846,77.2908,57.5598,164.0803
269.4911,75.4354,57.2568,164.1801
271.1347,76.0842,55.6541,163.0491
272.7482,77.2146,54.3467,161.9179
271.3894,79.8364,54.6079,160.9092
271.0621,78.0871,53.8425,160.9841
271.4285,77.3423,52.3963,160.9691
272.0060,77.7883,52.3205,160.5362
272.4971,73.6962,50.9735,161.6486
272.0367,75.5968,50.0573,163.3669
272.9852,75.2809,50.0825,161.9103
273.7947,69.4867,48.7813,163.6055
274.5295,69.4574,47.9245,164.4444
274.7466,68.3154,47.7806,164.0974
274.1810,72.5866,48.8305,161.8610
274.3463,73.0825,49.3843,161.2282
275.3851,67.7080,49.8142,161.9578
276.9520,73.7772,51.9731,158.6144
276.8617,76.4517,53.1785,155.8650
278.5962,78.5990,53.7318,156.5274
279.4389,82.1455,54.3117,154.5117
278.8269,84.0475,53.7464,152.3644
279.7672,84.4935,54.3509,152.1431
278.2953,87.0886,54.4501,151.4235
278.0607,89.1568,54.8520,150.8597
277.6875,91.0764,55.0678,149.5731
285.9880,87.5102,54.9910,148.6055
282.0735,92.0336,54.7433,147.4040
280.8622,94.1657,55.6789,145.9179
277.9947,93.6893,58.1273,145.0272
276.3065,95.6600,61.1235,145.1901
276.6354,91.6693,62.8695,145.8750
277.3131,92.7422,62.6128,144.8878
277.5531,92.8858,62.5085,144.3603
278.7151,93.2660,63.9336,144.1748
284.9455,91.8167,69.0100,144.2119
282.2500,94.0921,70.4231,143.1479
283.0677,90.2347,70.5510,143.3235
292.6447,91.5966,73.1139,142.6453
290.4369,92.9743,73.5205,141.7480
293.9577,89.8734,72.6305,142.1918
302.5833,92.0348,70.3188,142.6480
299.9221,92.8196,67.8945,142.6957
301.7353,92.2950,64.4130,141.5748
301.1480,92.6570,59.3791,140.6618
302.4565,96.2873,54.8825,138.3755
303.7029,96.3888,52.3319,138.2391
302.1458,88.1730,49.5242,143.4024
301.9936,85.8670,47.0043,147.3629
298.8683,88.6356,47.4350,146.5248
292.4647,87.0918,49.2189,148.6317
290.5370,87.5056,50.3402,150.4695
288.9365,86.6960,52.1169,151.9153
289.2751,83.8345,51.7520,153.8042
289.1547,85.0700,51.7259,154.3060
286.6879,85.9975,52.8344,156.3725
284.7466,84.4194,53.5324,158.0283
284.3993,82.2796,54.0826,158.8102
282.0947,77.3817,54.6795,161.1104
278.0073,79.4283,54.4231,159.6419
277.1817,81.4168,54.0284,158.5517
273.9880,83.8396,54.0949,156.7083
273.1463,89.3055,54.8273,153.0553
272.3547,92.1909,55.5198,151.5034
267.7071,89.4905,57.3600,153.0199
265.7767,86.7982,58.1048,154.7393
264.8439,85.7618,58.5869,156.5411
268.2466,83.9387,58.4528,158.5691
280.2088,82.7241,56.0761,161.2426
278.6468,82.9898,54.5667,161.9726
280.3605,87.9709,54.3389,160.9585
290.7262,93.1571,54.8117,156.4669
290.4120,94.2827,55.0166,155.3247
293.2484,91.8568,55.0530,153.8882
294.6008,91.0013,54.7746,155.7725
295.7210,90.6004,54.8585,156.5437
295.2693,89.5516,54.6961,157.3208
297.1742,92.1110,54.8764,157.7883
298.6892,91.1993,55.0890,157.5134
301.7694,95.8785,56.9130,156.8835
303.0278,97.5346,57.7013,154.4430
303.4552,97.1666,58.0538,153.9825
302.0477,97.7956,58.5412,153.1447
304.7225,97.5599,58.7590,153.2426
305.9236,98.0312,58.9580,153.5221
306.4883,97.8898,59.0415,154.7840
307.5649,99.8961,58.7530,152.6142
308.6797,100.8535,58.3809,151.1669
311.2856,102.7546,57.4350,151.2516
304.1624,101.4108,57.8491,151.6601
301.1841,100.5416,57.7578,152.1438
297.8214,94.4602,58.2302,153.1676
291.5811,91.2498,60.4029,152.9387
288.2804,91.0399,61.4796,151.9280
300.5500,110.4357,73.3652,141.4399
333.2518,117.2557,67.7420,141.5175
336.2399,118.0113,63.2762,141.2446
341.8958,121.5466,60.2963,140.2974
345.3411,125.3547,60.1054,139.5721
341.1378,122.4192,58.1574,139.8048
343.6397,122.8970,57.8148,139.6768
335.1060,122.5794,59.4771,136.0590
336.2454,123.3603,60.0644,134.3986
333.4384,125.3059,61.5597,132.5175
322.4442,125.3836,62.6513,131.3168
322.4694,126.2271,63.0623,130.7534
319.2535,125.1138,64.1751,131.2487
307.1806,123.3157,64.9294,132.0177
306.6524,122.5598,65.0079,132.8736
304.4502,123.4860,65.0629,133.6247
303.1331,115.2941,64.1240,135.2933
302.3057,116.9032,64.0468,136.9440
301.5384,111.6249,62.8409,139.2277
300.6015,107.6170,61.8132,141.0937
299.6185,105.4865,60.8980,144.4149
259.5696,96.6324,56.9060,153.2583
258.6782,105.8697,58.6313,152.2601
258.4944,103.0227,59.7935,151.1482
258.6784,108.0676,61.9223,152.3456
267.8877,109.6851,63.9006,151.8249
276.8321,108.4779,64.6888,151.2323
274.7495,110.6574,66.3504,150.9972
282.6132,111.9571,67.9737,150.6978
278.9936,114.3281,69.7470,149.7368
274.6490,114.0716,72.4607,148.9376
268.7420,115.7254,74.0260,147.2724
275.5378,113.9548,73.2271,147.1423
270.9132,113.0542,71.9401,146.8988
271.2698,113.8767,68.9660,146.2366
272.2106,114.3935,66.8400,145.3543
270.8896,115.2661,65.6535,145.8376
267.5455,114.0214,62.5183,145.0641
267.8769,112.9984,60.3362,144.1035
268.0403,111.5337,59.0447,144.9028
265.1434,107.0261,58.2013,147.9465
264.8126,105.1220,58.0847,150.4029
265.1137,101.1596,58.1712,152.0139
266.2491,94.3261,56.6319,153.7426
266.5283,90.7640,55.2900,156.4013
268.2410,85.9031,54.1295,157.6021
272.6046,86.9321,51.3996,159.8904
274.8068,89.0285,49.5082,159.5449
276.4546,90.5762,49.7684,159.9951
280.1103,94.1742,49.6675,161.7098
281.6892,97.1762,50.9140,161.3626
284.6520,99.3561,52.1935,160.0393
288.2618,103.5145,53.1021,156.4319
289.4871,106.4917,54.3972,153.2554
288.3934,110.3746,55.9920,150.8549
286.6573,117.1941,58.5869,147.5684
287.4633,119.9187,60.1222,145.2286
278.2346,121.7691,62.0905,143.3189
276.8273,121.8235,63.1016,144.3835
276.7463,121.4497,63.7253,145.4697
274.3944,120.6156,65.6840,146.8026
275.4237,127.3940,78.6472,140.1207
269.0476,126.3019,86.4877,139.2434
262.5886,125.7724,93.9704,139.3754
251.9654,122.5763,102.4688,139.1499
247.8931,120.7866,106.6670,141.0657
242.4989,118.4126,110.6345,142.8683
236.0761,113.8404,110.7377,147.0517
233.8377,113.3444,110.7262,151.0775
231.1550,108.4997,110.5301,156.1938
238.3086,106.6211,109.9531,157.5107
234.1740,106.9329,107.3953,160.3246
232.6676,104.6342,105.2192,162.1552
243.6120,102.0050,107.3167,162.1806
240.0858,100.6590,107.9297,162.1798
242.4484,102.1767,107.7409,163.1954
246.5082,103.5568,108.6350,163.1767
245.9186,103.5683,108.1842,163.7991
243.8792,105.0011,108.7731,163.0555
241.8207,107.7285,112.5423,158.9249
240.4671,109.6825,114.9017,156.3411
239.1423,110.7837,116.8123,154.8145
238.6565,111.3467,118.4716,153.5221
238.5907,111.8040,119.5034,152.9988
239.7916,108.4526,120.7264,154.3448
242.0288,105.8637,117.2695,156.4649
243.4121,105.2276,114.7793,157.0883
243.1105,106.9582,112.9095,157.3332
253.3370,93.0353,100.0834,165.7150
257.8919,91.7189,90.2707,172.6389
261.6755,88.1485,82.9399,177.9582
269.6586,84.4232,75.3488,181.5108
273.7262,82.9704,70.0279,184.7482
277.2403,81.9587,66.5713,186.8639
279.0827,82.8850,64.1547,186.7889
280.4936,83.7921,62.3753,186.6630
281.9137,86.1964,62.0844,184.3602
282.0683,86.2034,62.3117,181.7653
281.6041,87.6561,62.6130,179.3173
283.1998,87.2314,62.6669,179.2229
287.7876,85.4856,60.7221,180.1672
291.8607,85.4071,59.8236,179.8284
294.0416,86.6194,59.1378,179.0125
293.9071,85.3955,58.0672,181.4602
294.4333,85.1271,57.3356,182.3950
295.0710,85.3962,57.2398,184.4570
296.1622,88.9198,58.5711,186.1742
297.8852,91.2887,57.0272,188.0374
298.6286,94.2381,56.8999,189.2793
298.6558,94.5857,55.9014,190.2757
299.3212,96.7768,55.1826,189.2984
299.3575,95.7671,54.7932,188.8613
296.5724,100.1733,55.8853,187.2316
295.8231,101.8658,56.4467,185.3614
293.7414,106.7755,58.7868,182.3840
289.1851,110.9440,62.2630,178.7974
286.6249,111.5884,63.2589,176.0444
284.0341,112.9356,64.3497,173.6664
279.6322,114.3760,63.6792,173.1888
279.7157,112.8934,63.8902,170.5215
279.5142,112.5849,64.0864,171.0940
278.8244,111.8313,63.6939,172.0010
275.4969,109.6220,63.3622,174.5915
275.1039,106.9614,63.7743,176.9631
273.5721,107.1399,65.1733,178.9448
272.6318,105.7774,64.7396,182.2837
271.9718,105.1702,64.6579,185.0373
268.4868,104.9650,69.0761,185.1058
278.8548,103.1432,69.6596,184.7145
274.2618,105.5566,70.0492,184.0385
270.0041,108.6032,71.6605,183.2221
268.2410,111.9529,73.0897,182.9632
266.5298,114.1028,74.5252,181.1605
265.7922,115.6946,75.7219,180.5256
263.9386,112.1947,74.6918,182.0845
264.4994,107.3097,74.1697,184.4463
261.7323,101.7570,75.2459,187.3666
261.8989,98.9584,74.1037,190.2066
262.2474,97.6221,73.2017,191.8016
260.6834,101.2270,73.2740,191.7557
259.9208,98.2069,72.8996,193.5536
259.5725,97.1489,72.7683,195.1631
259.1603,94.7823,73.1120,196.8754
235.4013,84.0446,71.7899,201.3816
231.3062,80.4667,68.3173,203.7511
227.7858,72.3594,66.7718,206.7892
238.9902,73.7765,64.8244,213.5917
236.7821,70.6047,62.5136,216.1018
236.7696,67.9223,62.3050,219.6305
250.0332,75.1779,67.1178,216.8693
247.1572,77.7756,69.9723,215.4025
247.7417,79.5118,70.3428,214.5441
245.6611,78.4793,75.9062,212.9933
242.6474,78.3253,80.2008,213.0714
243.6244,77.9792,84.5657,213.0494
244.6080,87.8969,93.2599,208.5401
243.2816,83.8016,97.4750,207.9656
243.7135,84.1919,100.7698,207.7657
249.9255,83.2183,100.8928,206.0526
252.8085,83.3288,101.4157,206.1195
255.7679,83.5227,101.9526,207.6494
260.7413,85.1779,102.9332,208.5565
262.4016,83.5348,103.9052,210.5937
262.5572,81.6483,104.5059,213.4544
265.5410,81.7341,101.7309,216.5611
266.9521,82.9413,100.6126,217.2626
268.6089,78.8625,99.3958,218.8487
265.7293,70.4727,96.1009,222.8950
265.9354,67.4768,93.7304,227.7303
263.0824,66.6329,92.0265,228.7601
260.4483,68.1086,90.7327,225.8060
258.9479,67.6141,90.4339,225.5902
259.7307,70.5143,89.7061,224.5466
254.0934,75.7659,89.0863,219.7598
253.4575,76.7457,89.2734,217.5982
253.8248,80.0404,90.0414,212.3416
249.5652,83.1233,91.9780,210.2981
245.8462,83.9354,93.6800,209.4039
241.3514,85.6320,94.5362,208.8245
241.3679,83.7036,93.3316,208.8474
240.9609,83.0389,91.9028,208.7099
246.1736,79.7548,90.6092,209.7856
251.4464,74.7104,88.1985,214.5733
256.3601,74.0037,85.7361,216.5909
259.6493,72.1307,87.1058,217.6155
278.5968,69.5000,88.0965,217.3209
279.2751,69.3978,88.7479,217.1406
279.6790,69.6393,92.2942,218.4680
287.7390,69.1201,90.0860,219.4581
290.8863,69.5154,89.9248,220.4073
293.2133,71.9230,89.2516,219.7532
289.8166,70.2920,90.3381,219.2487
287.6727,70.1971,90.2602,218.2186
285.3300,67.8172,89.5907,218.3002
279.8560,60.0444,86.7327,223.2922
274.2802,52.6475,82.2799,228.1110
271.0598,48.1698,81.4366,230.3815
2
0
0
0
0
1
377.2837,59.4611,72.9212,215.7517
376.2774,59.3947,77.3635,215.6689
380.4013,62.4671,80.2161,214.2477
381.1975,65.3560,81.8075,214.4635
383.6673,68.3969,83.2588,214.8420
392.6607,73.8301,83.8719,209.5636
397.6442,73.9309,84.1811,206.8162
401.9234,78.5167,84.8994,204.6147
405.6149,80.9736,85.2178,201.9815
406.1492,83.3406,85.4232,199.7207
406.5548,86.8849,86.3945,195.8213
410.0511,88.4272,88.0526,194.5597
411.0303,91.1432,90.4846,192.5065
395.5798,91.1264,92.2354,191.3167
399.5493,93.0034,96.2820,187.4433
401.9767,94.9877,101.0945,184.5220
388.9976,94.9788,98.1183,184.3125
387.5223,92.8311,95.2335,183.1108
385.1653,93.1412,92.7626,182.9461
384.9464,91.9886,87.2009,185.8347
386.4879,84.3050,81.9942,190.7844
387.5789,82.7562,77.7648,193.7374
388.2887,79.3654,76.3262,196.6118
388.6382,75.8119,75.1836,196.6976
387.7889,74.1072,74.8815,196.6533
388.5685,73.8656,72.3305,199.1760
390.5327,74.3207,69.7184,203.7065
390.8792,72.2644,68.2594,206.2663
390.8678,73.2792,67.9241,207.6771
392.4164,77.8373,67.3166,206.0985
393.7027,77.9675,66.7704,205.2545
393.2260,81.1521,67.4848,202.8430
392.9935,83.9851,68.2304,198.7604
392.8925,85.8082,68.6898,196.1387
390.8454,87.8260,69.8635,194.6873
391.0926,85.7779,69.8711,194.3945
390.6050,85.0045,69.4789,195.2267
389.4889,81.9989,67.8835,198.0691
384.7221,75.9391,64.9587,203.5251
384.5945,75.0099,62.6366,204.7466
383.6507,75.8801,61.8991,205.7186
381.4099,82.5105,62.5458,203.6027
379.6456,82.2928,63.5021,203.2207
377.8312,83.7076,64.8191,202.5824
376.2030,90.5368,65.4585,200.0997
376.2134,89.7584,65.7212,199.1258
374.1949,91.7600,66.0537,198.6435
374.9204,95.1139,66.6450,193.7287
374.8949,96.5145,66.9302,190.3814
374.3617,101.2461,68.1768,185.9158
374.8163,100.1182,69.0340,186.3220
375.2929,98.6563,69.4273,187.1001
374.9733,98.4985,70.0498,188.2788
374.6507,95.1061,70.3335,187.6339
374.6498,94.0194,70.4148,188.4821
372.0043,96.8317,69.9694,188.2733
366.4773,89.3762,71.0721,189.6437
366.9993,86.2135,70.6373,192.1185
367.9234,84.8687,69.5520,193.1378
364.0899,84.0387,69.4113,195.2146
364.1719,83.7329,69.5168,196.0884
362.2130,87.4239,69.8302,196.3488
356.0928,92.6139,74.6911,192.8659
354.6279,95.0576,76.8233,189.2161
349.6201,98.4879,78.8609,186.2764
347.8096,104.0116,76.7975,180.9180
348.6343,106.6882,75.7553,176.7486
345.5660,110.4891,74.0501,173.3502
341.7216,113.4118,72.1565,169.1846
339.9851,118.2623,70.8715,163.9233
336.8235,115.9319,70.8238,161.5952
333.0621,119.0391,68.4269,160.3253
331.3047,119.7719,68.2867,158.8194
330.0394,122.5193,67.8898,158.2846
324.5204,123.5589,67.1375,157.2316
321.6491,125.3352,67.3838,155.3161
317.4610,126.1423,68.0130,153.6851
313.6224,127.0463,67.6187,154.5636
312.4369,127.4395,67.3853,155.0843
311.9258,126.7367,68.0650,155.7821
312.3066,120.6670,66.8149,158.4327
311.8059,119.9051,65.8609,159.8003
311.2657,117.0209,64.3215,161.8882
309.0428,114.5016,62.1413,161.8859
307.4481,115.0017,60.9185,162.0256
305.3033,115.4593,59.7663,162.7993
302.7540,117.7134,59.3908,163.3340
302.2538,121.5382,59.2031,162.6694
300.4556,126.2020,58.0361,162.4436
300.4894,123.2261,56.7327,165.6193
301.0439,121.9652,56.2473,167.3411
301.6787,116.3364,57.5792,169.7366
305.5023,109.0762,55.9117,175.3828
307.2849,104.3145,57.3200,178.2670
311.1363,104.0893,56.5142,185.6495
315.6296,101.1416,56.7426,189.3859
317.2658,99.8863,56.2638,191.6045
319.0707,99.7992,57.0559,192.9985
321.5964,101.4448,55.7542,192.1826
322.6917,101.7029,55.2203,190.8544
323.2537,105.9297,55.2153,190.2097
326.0205,113.2666,55.3957,191.9224
325.5647,112.5923,56.1551,191.6778
325.6003,111.9637,56.7741,193.8260
326.0990,107.3998,58.0207,195.8499
325.9733,109.0534,59.3923,196.8214
