1
534.6371,241.8066,41.2057,15.1836
538.1091,245.5843,39.9503,15.5993
541.2822,248.7439,37.5787,17.4186
544.1050,252.3677,36.2902,19.0325
545.9916,256.1951,35.8582,20.2349
548.4716,264.7803,35.8971,19.7205
549.8617,266.9938,36.3064,19.1050
550.8095,269.5300,36.4608,19.2031
552.3731,272.6843,36.9627,19.0014
554.7847,277.2509,37.3893,18.2518
556.3373,281.3036,37.2999,18.7993
557.3685,284.6623,36.9214,19.4834
558.3345,288.5858,37.2385,19.1904
560.1295,292.1599,36.9724,19.2942
562.6700,296.8484,36.4622,19.2986
563.8810,302.7173,37.6885,18.1414
559.5604,304.6907,37.9980,18.1979
560.8254,306.4523,37.3979,18.3523
560.7452,310.9049,36.4507,18.6394
560.4173,312.4219,36.4898,19.1518
559.1556,325.0222,37.3144,18.6638
560.1376,330.9811,37.9572,17.4408
561.3373,332.3548,37.3910,17.5587
561.6476,333.8535,36.7435,18.6955
562.4283,337.9139,35.7280,20.0226
562.3967,347.1798,36.0048,19.2604
561.2682,350.5478,38.0869,18.0463
560.8105,351.2505,38.9732,17.8366
561.1770,353.8778,35.2181,21.5773
561.8470,357.9180,32.9936,24.0240
562.6380,360.6710,32.9305,24.4663
564.2883,362.2281,32.8163,24.9517
565.4274,364.7486,30.9231,27.1732
563.9490,365.1947,30.3579,27.8065
562.6779,364.3713,29.4090,28.2728
566.3701,358.4261,30.2111,28.4383
567.4088,357.8479,29.9534,28.8588
572.5963,347.1980,27.1574,32.7785
571.7393,353.4489,28.7498,31.5704
569.4950,353.5876,30.5071,30.1223
565.0977,351.0086,30.7312,30.5638
560.7742,343.5665,30.1098,32.5156
561.0635,336.9364,29.5756,32.9372
560.7043,336.1707,31.2487,31.7847
559.8093,331.6216,32.9131,30.8273
550.6088,319.8842,33.6285,30.8337
549.1959,318.1475,33.3949,31.2554
547.9769,314.0909,33.8661,30.7956
547.2116,310.9322,33.9250,30.7675
545.1476,309.8711,37.3216,27.5420
539.9651,312.2586,40.7723,24.0206
539.6900,312.5109,42.1082,22.4771
538.0529,308.9507,42.7099,21.9291
535.8594,308.0351,42.3338,22.5827
535.4992,308.3458,42.1885,22.9167
534.2330,314.9641,43.9162,21.0281
531.2668,319.2078,43.9783,20.8980
533.6666,319.7785,45.0186,20.3088
532.9640,318.7430,44.8514,20.6927
532.4744,322.1422,44.2874,21.2506
529.2285,328.3519,44.4094,21.0360
531.2916,333.7009,44.1698,22.4008
534.7730,340.3080,43.9558,23.4514
537.5621,340.2494,43.3291,23.5843
538.0739,340.2225,39.6767,28.1274
542.0493,351.0330,40.8601,26.7635
540.3205,358.6100,43.7433,24.3261
542.1554,359.5557,43.1494,24.0613
539.6042,356.5622,37.4789,29.8063
540.5616,362.5526,35.8648,32.2739
543.1264,364.3087,36.0290,31.9010
542.3478,360.7605,35.7050,31.8305
543.1038,354.6388,34.9570,32.2540
543.1559,347.9842,33.6187,34.4082
543.3906,351.0220,34.6064,33.1861
543.1643,349.8765,39.1759,28.5689
542.4424,349.7901,42.4982,24.9830
543.7104,347.9912,43.2261,23.5708
543.2134,345.6111,42.9966,23.2655
542.3384,340.1729,43.0069,24.0469
543.6912,341.4165,43.4269,23.5568
549.8842,343.7328,45.2252,21.5236
553.2103,346.8806,47.0686,20.5981
554.7842,347.6805,46.8514,20.7876
558.4747,344.3288,49.0982,19.8541
562.8344,344.7099,48.6746,21.4074
570.8693,326.7691,42.6756,28.8609
582.6913,333.0063,42.6291,30.2655
587.9268,346.5401,46.3946,27.1525
582.3435,353.8393,49.4405,24.2316
575.8357,357.7337,47.4821,25.5580
573.7407,357.9016,43.9363,30.6433
572.7606,361.2130,43.3433,31.9183
573.1946,369.3682,47.8752,28.7686
576.7408,373.2655,49.2132,27.8614
580.4363,378.3611,46.6496,31.2435
602.0406,370.7784,43.5717,36.0330
597.6632,387.7253,47.1508,33.4005
595.1208,391.2241,50.3921,29.8592
596.9531,388.3427,49.7046,29.2110
594.1914,392.7356,46.6363,31.6222
595.3365,391.8714,44.9799,32.8117
594.8964,390.9673,43.9324,33.2436
596.7175,385.6374,42.9681,34.5682
597.1067,379.1814,42.4517,35.9739
608.1725,364.2660,40.4669,38.9818
614.1246,363.0431,42.2437,38.6132
605.8917,366.9076,47.3887,33.3654
606.9257,368.1053,49.4947,31.5050
612.8199,356.6102,49.9965,30.8761
611.9286,341.5584,45.1604,35.9028
615.0468,343.8379,48.7994,33.3310
608.2322,345.7621,51.5782,30.0352
610.7039,341.2057,51.9415,29.5275
613.7505,341.2510,51.6892,28.7495
605.6022,321.3657,46.9186,34.4378
612.5618,312.0890,44.2296,38.5816
611.0851,312.1160,44.5603,37.5552
611.6884,307.8996,45.5714,36.0909
612.8898,302.2563,46.6137,35.1368
605.1147,288.6895,43.9719,38.1268
601.8623,280.2282,42.6697,40.0800
601.2424,281.3170,44.1307,39.4492
601.0374,283.2084,45.7325,37.7909
601.9258,278.4844,46.3372,36.3581
601.4026,267.2322,45.0115,38.7768
601.0344,266.3700,42.8512,40.8567
600.4669,265.1790,41.7207,41.8892
600.6291,261.2316,41.5139,43.3316
603.6050,259.0328,44.5934,41.2721
601.8726,249.9704,44.7091,41.8652
594.8425,249.7015,43.2382,42.5919
594.2167,253.2253,42.2656,42.7511
591.3508,244.3888,39.9448,44.8041
591.4873,240.7522,40.8628,45.4530
590.3750,252.0608,49.2676,37.9710
591.5581,248.9450,54.4783,32.6655
592.8735,241.1914,56.9857,30.4196
591.5493,238.6707,51.4311,35.2373
592.0042,238.2119,49.1469,37.6748
594.8680,249.0700,53.9342,33.5164
589.4161,258.3825,57.2043,30.7306
594.6746,259.0488,58.7542,29.1145
589.8612,254.5087,60.4682,27.5626
585.9935,252.9743,60.6295,27.0491
589.8565,256.4334,59.8075,27.0462
591.1722,258.5831,59.7028,26.8772
591.0575,261.1441,59.3283,26.9984
591.9254,265.7860,60.1402,25.7380
586.4219,273.1193,60.7951,24.6855
582.8026,281.0271,59.6392,25.0445
581.7173,282.6651,60.2514,25.0996
582.6493,284.6832,60.2094,27.0420
582.9037,288.6050,59.4842,30.1329
586.2963,297.0825,61.8842,29.9712
586.3559,317.3590,63.1459,29.6163
590.5121,322.0669,63.2281,28.4794
593.0812,326.6870,64.1279,28.3588
590.9841,332.0635,64.6302,28.6345
597.8655,338.8897,64.4407,29.0358
600.1650,349.7699,63.7362,29.9296
603.6521,359.5021,66.7081,28.0981
604.1448,362.1612,66.1540,27.8490
605.8899,368.1552,68.4892,26.7042
612.5525,374.9698,67.5210,26.4399
614.3720,373.0418,64.5582,29.0412
617.0995,363.7693,57.9547,36.6022
623.7627,371.6982,59.6123,36.5424
624.5049,382.2845,61.6338,34.1061
623.9619,377.1441,61.2177,35.1426
625.2695,375.4541,54.1063,42.3757
626.9934,375.3122,52.2409,46.6881
631.1882,382.6283,54.3547,46.5291
622.1546,393.9370,56.2895,44.5261
618.5466,384.3007,56.4543,45.3957
615.1143,374.9058,52.5737,48.3297
622.1651,378.8376,54.6831,45.5694
617.2319,382.8357,59.5963,40.0625
610.3644,383.5792,58.8730,39.2695
606.3516,368.0131,60.2084,38.3526
605.0648,365.0552,59.2031,38.8714
607.3339,365.4995,58.0783,39.1298
604.4656,366.1068,57.1055,38.4757
601.6661,365.0623,59.0152,34.4726
597.1354,349.5840,59.2826,34.3009
595.8575,340.0165,57.4367,35.7705
595.7650,337.4065,57.7448,36.7230
595.4221,337.0102,56.3631,37.5032
592.3252,335.3422,60.4812,32.1878
596.1265,322.9221,59.8731,30.6460
591.5870,315.9182,58.3882,32.2932
588.2149,307.7479,51.8909,38.9114
591.1630,302.6494,49.1905,42.1942
593.2014,304.4751,52.5276,39.1217
592.3895,305.6087,57.8233,33.8227
594.5634,305.6039,59.5491,31.8268
593.9286,298.3376,61.0595,29.5569
587.3589,293.3417,60.5934,29.1965
585.0656,291.1146,57.5217,31.0061
589.4152,292.8705,57.2021,30.9489
588.3433,297.0986,60.2644,27.6533
590.3057,298.7120,61.0936,25.9744
593.5764,299.5262,62.0874,24.4138
590.7627,297.4177,61.8832,24.0206
587.4437,291.2914,55.5725,30.8257
590.4718,292.8724,55.2294,31.6267
589.1740,302.4983,58.7425,28.2453
587.1734,310.1811,58.7488,27.2058
589.3979,313.1530,59.3502,27.0750
581.3837,311.9980,57.8726,27.4049
577.9935,312.3428,56.7163,27.3597
580.9304,312.6487,55.7933,27.9338
585.5459,320.5098,56.7998,27.3238
589.2621,329.0088,58.1237,26.7984
587.9282,329.9434,57.0572,27.1584
586.7164,325.1404,51.4869,32.8382
589.5766,324.7368,50.2561,36.2297
596.2285,333.1527,52.4847,35.6996
597.5792,342.1283,57.0478,32.2938
595.8731,350.9637,56.6164,32.8079
591.3197,349.6608,55.5220,34.0376
593.8251,355.3947,57.9579,33.5764
599.2891,363.9984,62.5738,30.3807
598.6794,372.6524,63.4432,29.6576
602.8065,375.6224,63.7376,29.5609
605.2321,376.3208,63.7393,30.9053
605.1309,384.6309,64.2301,30.2454
603.5369,393.7337,66.6903,28.4763
605.9792,395.2118,64.8179,29.4096
612.9814,388.2626,58.3058,37.5911
614.8958,390.4637,59.0675,38.4752
618.1907,393.8882,61.4458,36.5769
616.5193,394.6708,61.8813,34.8497
615.3953,387.6445,62.4819,33.5391
615.4755,385.6349,61.8764,34.5792
614.5018,386.7111,63.8321,31.9219
615.2878,386.8343,63.8153,29.7678
617.9851,380.6426,63.6333,28.7951
615.9069,373.1974,62.4439,29.0560
610.1871,370.2902,59.9993,31.2961
610.9804,370.0852,58.9756,31.4850
610.6808,369.8710,60.8128,28.8338
611.1008,368.0012,60.5783,27.6094
614.3130,361.3965,59.9511,27.2814
605.4706,345.8623,52.7109,34.6531
606.4161,345.2693,53.7878,34.8111
605.7040,344.5771,55.7844,32.2208
607.3177,340.9805,56.5307,30.0772
611.0065,339.7005,57.4468,28.9762
604.9162,323.0226,52.1925,33.2338
607.2551,312.3613,47.1446,37.7536
609.5984,310.5831,46.6485,38.7899
607.0201,311.6785,50.0378,34.9180
605.1619,312.7314,49.7032,35.1648
611.1291,294.9784,50.1696,34.4171
610.0599,297.0815,50.8515,32.4050
610.8122,297.9757,50.9841,30.7831
613.5120,285.7751,46.3221,36.1582
615.7064,278.8123,46.1717,37.5922
615.8600,287.2683,46.9349,36.8666
616.5515,280.9907,47.4963,35.7425
613.7879,271.8782,47.5156,37.6299
613.1055,269.5759,44.3253,40.5730
613.1238,266.9972,41.6088,43.7221
616.7315,266.6456,44.0277,42.2553
611.5644,274.9605,50.1405,36.6826
607.5629,282.3240,50.0687,36.6981
607.9019,282.4068,51.0264,35.4013
600.9010,279.6129,54.4454,33.7705
601.8854,280.8747,55.7455,34.3674
607.2846,291.9854,59.0241,31.3530
604.1871,304.7744,59.1944,30.8290
601.2411,308.4328,58.2276,32.3033
596.1602,310.3378,60.6472,29.2834
598.3737,309.4749,58.4393,32.5684
604.3837,317.4838,59.6289,32.8569
601.3746,328.7183,64.1152,30.6272
597.3701,338.4331,64.7234,31.2037
598.9265,343.0168,66.2579,30.6803
598.8661,350.6626,64.4565,30.6611
599.6349,359.0152,63.9707,29.8125
590.8081,367.8742,66.9413,27.2127
589.3091,378.4488,68.2804,25.7446
593.9462,380.7445,66.5598,25.1465
597.0250,377.3177,61.0057,32.1607
597.6104,385.5735,63.2743,31.4963
598.3408,395.4640,65.2660,29.4612
600.7081,397.2724,63.6826,30.1175
600.8414,392.3839,63.7085,30.3739
604.5131,399.7003,64.9973,29.3561
606.0031,406.8568,64.4811,29.3947
610.2405,400.0618,62.3923,29.3374
615.4681,387.0341,55.5358,37.1015
624.5077,385.8955,53.4812,41.0365
626.1737,406.1981,60.3818,35.7462
629.8684,407.0565,59.3555,36.0838
632.2387,404.5365,59.4645,35.2996
634.3568,404.0019,58.6331,35.2131
636.6675,394.3241,54.6898,40.0763
638.9672,411.8043,59.2716,35.8472
641.8859,411.7001,59.1566,34.5295
643.1230,408.2612,59.0993,34.2620
652.4427,395.9463,54.6802,38.8475
644.0771,396.6276,59.1027,36.1395
634.5090,412.0306,55.6862,39.4998
644.0223,407.9102,57.3171,37.5172
645.2217,403.8893,57.5618,37.0820
645.4879,396.2636,59.3606,34.3400
640.7585,395.4034,59.7594,33.4268
644.3342,397.3046,59.2012,33.6974
647.9084,399.8000,65.3524,29.1515
637.0983,399.4819,63.8668,30.4579
624.1023,392.8163,64.7929,31.0316
619.7978,379.3549,58.6649,38.4058
614.6767,374.1096,53.9567,44.0737
602.2128,385.4960,56.8747,40.5028
583.8278,394.4438,58.7622,37.6987
566.6842,388.7439,59.6537,37.4811
553.0920,382.7722,63.2257,35.5075
523.9761,389.1186,64.4938,33.8769
509.4042,383.1025,64.7325,33.4460
492.3544,383.7375,65.9353,31.9433
476.7244,385.5661,63.9718,33.1137
455.7920,374.0161,61.9686,34.6300
419.4247,361.9141,58.1462,39.3903
398.3124,369.6167,61.0589,36.8573
385.1279,359.6003,56.5319,40.0280
360.4955,369.7214,59.8749,36.7244
339.7685,366.1690,62.5613,33.8646
293.7721,355.8910,62.3725,32.3811
266.2179,355.8749,63.0773,30.6787
235.0198,357.8242,65.1471,27.6340
214.8486,348.6465,62.1122,30.4749
191.7996,349.0387,61.9738,29.5603
191.2912,348.8408,61.9776,29.5366
125.2469,328.6829,63.7977,29.2992
93.5583,320.9881,58.1306,34.8528
61.2540,327.8720,58.7616,33.4641
