1
554.4170,245.4044,22.0815,52.5986
558.0631,242.2235,21.8020,51.5865
558.7156,242.4487,22.2484,49.2426
557.8539,252.4892,22.6175,48.7044
551.1483,262.4796,24.2637,46.2902
538.5187,268.0520,24.6413,45.2432
525.5944,272.1040,25.8951,43.5580
510.0025,274.2411,27.1877,42.6350
499.2278,270.6641,29.0872,41.0974
495.4610,265.7798,29.4742,40.7332
490.7421,266.2443,29.2953,40.8644
488.9895,267.8140,29.9131,40.0076
485.0428,265.5799,29.3849,40.0445
497.4313,265.8686,29.0760,39.0759
507.5929,253.9854,27.2933,40.5514
2
0
0
0
0
1
392.3827,253.4207,54.5032,55.2056
421.8118,245.2018,51.8637,56.4319
2
0
0
0
0
1
237.7800,299.5972,75.5879,41.8134
210.4598,309.7170,74.9002,41.2989
195.0619,318.4937,73.3396,39.6861
187.1850,321.0925,68.3629,40.2498
174.7885,323.8400,64.4454,39.9052
175.5949,323.0550,60.8525,39.0544
177.5033,320.6780,58.1809,37.9918
179.5283,309.9277,52.6069,40.9418
194.6443,305.3161,51.5271,38.9014
209.8745,304.5486,50.7962,37.2062
226.3708,303.7695,49.9763,36.6973
244.0293,300.8577,49.3777,35.7675
263.1212,296.8150,48.7518,34.4879
276.3002,293.9653,47.5694,34.8637
299.5332,288.8727,46.3965,33.5035
306.1434,288.7480,46.7641,32.6053
304.7763,282.1021,45.2498,34.0977
309.1187,274.7359,44.8261,35.6700
2
0
0
0
0
1
447.9532,279.9846,43.3408,33.0710
462.3916,280.4644,43.5281,33.1243
471.0076,276.4771,41.3000,33.1116
463.5409,277.6784,40.0431,32.2537
457.3713,278.4001,39.6482,31.4020
449.9389,281.5810,40.6172,30.9499
441.0099,281.1807,43.0088,29.8968
425.5853,281.5117,43.4744,30.2028
417.2396,286.0913,42.7780,31.0306
404.1252,285.2661,42.1166,31.8169
405.4263,282.6205,39.8918,32.8822
2
0
0
0
0
1
214.7298,298.3074,73.5151,33.5162
215.9372,285.5452,73.6182,33.5217
225.9996,260.1692,68.5308,35.4547
200.3945,273.5497,68.3247,35.7080
186.1215,257.9121,61.5175,39.1697
223.1027,219.0663,57.1074,45.1597
231.2588,201.5660,61.3204,42.4818
244.7181,195.2090,57.3332,43.9042
256.6746,190.1255,58.2456,41.3670
291.7422,193.6629,56.4701,42.7990
2
0
0
0
0
1
222.8578,134.9281,68.9430,46.9690
221.4650,136.8993,70.7717,47.4051
219.2835,138.4765,70.7761,46.9887
220.7428,137.1840,72.4466,46.7424
211.8997,131.0047,70.9350,47.7260
202.2025,131.6582,76.8101,48.6783
191.3403,133.2125,76.9241,48.4221
192.1219,128.9470,77.6120,49.5428
193.6002,132.0615,79.8091,48.4967
198.8815,131.5630,77.4042,47.8075
210.0204,136.6764,77.4811,48.1414
224.8559,139.6245,77.7105,47.8647
242.2434,137.1794,77.8507,47.4825
