1
145.2642,208.6668,32.1434,29.3390
145.3533,216.7794,32.3723,29.4063
145.3159,220.2164,32.1981,30.1589
141.4092,218.2463,32.3578,30.4414
131.2662,217.4036,32.4383,30.2148
120.9226,219.2979,32.5769,30.0837
109.1908,220.2861,32.9504,29.9486
99.8457,218.7365,33.8220,30.2366
96.8405,209.4165,35.1255,30.8239
98.7787,201.7270,33.7606,31.7010
113.6202,195.0287,33.6270,31.8340
2
0
0
0
0
1
203.9391,224.6665,33.6133,33.6834
216.8135,218.9868,32.7368,33.5784
241.4097,204.0068,29.5382,35.7045
262.7821,224.5337,26.3655,37.0658
2
0
0
0
0
1
301.8160,235.9351,32.2235,33.3866
284.9885,234.9588,32.1012,33.4361
270.1115,224.7319,33.1957,33.2488
261.9586,213.4528,33.0745,33.2718
269.7947,224.0182,32.2546,33.2429
2
0
0
0
0
1
2
0
0
0
0
1
284.9440,251.7847,32.9889,34.3697
2
0
0
0
0
1
428.1054,249.5586,32.9808,29.3827
417.8710,245.0508,32.5744,29.8328
404.7393,226.9743,32.8836,30.4130
403.8929,217.5368,34.1953,30.4834
426.4572,212.4176,34.1731,31.2095
444.5879,219.0856,33.9898,31.6987
457.8423,218.7234,35.9706,31.3481
472.2466,218.0563,35.8112,30.8189
479.8119,225.0839,35.2393,30.9243
471.9190,231.3450,35.0005,30.9625
446.6212,195.0858,34.3339,31.9132
2
0
0
0
0
1
385.7038,265.0964,32.3496,35.6676
368.6576,287.2561,33.4430,35.0032
2
0
0
0
0
1
347.5766,202.1752,33.2555,36.5648
344.8418,187.3413,34.5979,37.0133
344.4216,186.4308,35.0321,37.3185
343.1194,191.8547,35.8971,36.9418
335.7576,198.6898,35.4679,37.8117
326.5310,198.0950,34.0395,37.1985
316.2910,189.6767,33.7922,37.5202
316.9445,207.1019,30.6804,39.7247
330.1942,210.5018,33.4029,38.6529
343.8413,244.3830,35.1274,38.2954
2
0
0
0
0
1
2
0
0
0
0
1
351.4424,286.2243,39.2025,38.3915
2
0
0
0
0
1
2
0
0
0
0
