1
189.0091,217.0301,41.0267,101.5329
187.6910,218.3247,42.1566,103.2571
185.0714,218.6870,43.7316,105.8532
183.1609,220.0611,44.1735,106.7538
180.8409,223.3897,44.8866,106.3209
179.8930,225.5405,45.2817,107.5799
178.8180,229.2338,45.8628,107.1268
177.7618,232.2648,46.0703,107.5342
180.2893,233.6535,44.9952,110.0456
183.5830,234.2814,45.1839,110.9972
185.9626,232.6411,44.4296,110.9132
187.2297,232.0685,44.2768,110.2694
186.9840,232.2647,44.3972,108.9670
184.2067,230.9313,45.5791,108.4176
181.3479,229.9001,47.4574,109.2543
181.3436,227.2415,47.3766,109.6385
182.6042,227.0233,48.1670,108.2931
184.3462,229.6205,48.7770,110.8080
187.6369,232.6329,49.5684,112.8103
189.5107,232.9704,51.3603,111.2209
193.6572,236.6001,52.9499,110.2949
197.7216,237.7956,55.0713,111.3116
203.3728,237.4175,56.7838,112.3257
208.8660,233.3021,57.2615,112.3606
211.6202,228.3288,57.7149,116.0503
214.1067,227.3128,57.8958,116.4887
215.9474,227.7550,58.6446,117.2338
219.3286,226.8412,60.4934,118.0926
223.3021,225.9753,62.3752,117.6608
227.4380,225.0421,64.0406,117.8865
230.4351,224.2403,65.1460,118.2332
234.7057,222.6884,65.2393,116.9652
239.8435,221.9130,64.5898,115.6954
245.3749,223.6333,64.4749,114.8294
251.2621,223.5484,63.8216,114.8342
255.7133,225.6884,64.0024,115.4144
260.4470,227.6018,63.7028,115.7713
265.1378,228.9341,63.7714,115.9513
267.9204,229.4309,64.0715,114.7038
270.7234,231.5593,64.0174,114.3831
273.5419,232.7424,63.9319,114.3055
276.1471,233.5197,63.4361,114.3968
277.3800,231.4567,61.4384,113.7529
278.1711,230.4242,60.3851,113.4389
278.3726,230.1436,58.9517,113.6839
278.2831,230.8943,57.5510,113.3514
277.7988,229.5628,57.6800,113.2086
278.0399,230.3923,57.6834,113.6961
277.7021,229.4388,57.1556,115.0558
278.0670,228.7439,56.8624,118.0284
277.4562,227.7393,55.9500,120.6449
276.5258,224.1451,55.7766,121.2220
274.9027,222.5670,55.9349,120.7232
271.6739,223.1353,56.2444,120.3573
269.3542,222.5878,56.4407,117.7221
268.3999,223.8249,56.4104,115.3020
266.6428,226.0217,55.5327,112.6596
265.8067,229.6761,55.4361,109.9446
262.7167,233.4689,56.4297,108.6549
259.2630,236.4700,57.1015,107.0042
257.1358,238.9248,57.5687,105.3440
256.3761,239.6491,57.7210,104.4492
252.5009,240.2589,57.7522,104.1135
247.0889,240.9288,58.2009,104.0561
239.2729,241.2391,58.6438,103.7517
232.8616,242.1402,58.1638,102.6120
227.7935,244.2468,58.0846,101.4130
222.3995,244.2890,58.3919,101.1582
217.1333,243.5401,59.3814,100.8995
210.1850,240.2889,59.9237,100.1300
203.5287,237.3635,60.2399,100.8439
198.0566,235.4212,60.9378,101.8926
193.4743,232.8338,61.6270,102.7735
189.4198,229.9376,62.6624,102.6982
184.4508,228.4256,63.2087,102.7653
175.6867,227.7053,65.6934,101.0346
167.1720,229.4376,65.4361,101.5446
161.7553,230.0716,66.3674,101.4832
154.6117,229.0346,66.8496,100.5059
149.3214,227.6934,65.5431,101.9617
146.4827,225.5617,64.4228,103.1175
143.4038,225.8310,63.2097,106.2117
139.6455,225.1128,65.1390,107.0047
135.5668,224.2863,66.3605,108.1900
130.6878,221.4008,67.1110,108.5945
126.8555,220.3526,68.0959,110.1323
123.4136,219.3431,68.4146,112.5922
117.3295,218.9833,68.8860,113.7428
110.6066,221.0378,69.2117,114.0443
111.4333,222.1961,70.2256,115.0970
110.4124,219.3257,70.8381,115.6402
109.2607,215.4815,71.7689,117.4831
105.7535,213.4100,72.0930,117.0994
102.5792,212.1998,71.4618,117.6171
102.6303,212.4002,71.3239,116.8809
104.4215,210.8805,71.2922,116.8019
106.1124,211.8696,70.1535,115.4507
105.0366,211.6023,68.9745,113.7818
102.9272,212.1029,68.2744,113.8187
99.0891,211.1585,67.8791,114.0909
95.4921,208.4653,67.7378,114.9252
95.9540,205.7884,67.6299,114.9256
99.3647,202.1663,68.4438,117.0033
103.4527,197.8792,68.1305,117.3430
107.1767,194.7164,68.5701,117.0376
110.1934,194.4189,68.7182,115.4919
109.0975,195.3866,68.5640,113.4175
114.3687,196.9929,68.0775,111.9065
119.9439,199.3009,67.5248,110.0722
124.4350,198.8794,66.0398,109.9865
125.4489,195.8175,64.8971,113.1456
133.1752,189.7281,62.8678,117.9855
139.0559,185.7804,64.3839,121.2403
141.8950,182.2861,65.7295,121.3180
146.5734,180.2180,67.5577,120.4781
150.9659,178.3512,69.1297,119.2186
153.1552,181.5683,69.4745,117.9518
155.0692,181.5528,69.9555,117.3223
158.5972,181.8467,69.7433,116.6080
161.4105,182.3277,68.7424,115.1313
162.7644,183.9684,69.1637,114.0327
161.9492,180.9224,68.1448,115.6514
163.1597,176.6152,67.1574,116.3921
168.2454,174.5065,67.9903,117.9194
173.8796,171.5993,68.1350,118.6681
178.0044,170.4756,68.4534,118.5555
180.7176,170.0679,68.9617,117.2273
182.4949,169.5895,69.5307,116.7002
185.0140,170.5590,68.4360,115.5836
189.4101,170.9759,67.0764,113.4738
191.0506,171.4835,64.7865,112.8434
192.2975,170.1134,62.6788,113.4554
193.9964,168.7033,62.0434,113.5806
198.6000,167.1240,62.8586,113.9745
202.2808,165.4554,62.9103,114.6526
204.2022,162.6357,64.4221,115.4178
206.4175,161.3485,66.0696,114.6148
205.6032,161.2236,67.5655,113.5701
206.7009,160.9790,68.4571,113.2318
208.4280,161.2381,67.9223,111.6918
209.9465,160.9811,67.0261,110.4408
211.1749,161.6845,66.7914,109.1229
209.4864,162.8047,64.9474,107.6580
208.6829,162.9991,63.6523,107.9233
208.2691,162.1957,62.7875,108.0761
210.3419,162.1086,61.9987,109.4122
212.6263,162.6770,61.4100,110.1168
215.4043,160.8948,60.6115,111.1488
217.3560,160.4969,60.3096,111.0091
218.3366,162.4163,60.4177,111.0739
220.4377,159.9801,59.6073,110.9936
223.5213,161.7986,59.8816,108.4423
222.5717,163.2696,61.2494,106.7478
224.5117,165.1952,62.1898,104.7040
227.3671,165.2082,62.6644,104.5798
230.1830,163.8082,62.7395,106.2843
232.1105,162.0727,63.7533,107.3644
234.7082,158.9501,64.3068,108.3489
237.0118,158.2627,64.5164,109.0892
240.8669,157.6565,64.8071,108.2379
243.1752,157.2782,64.4817,107.4791
243.5576,158.4071,63.3714,106.6508
242.4119,159.2030,62.7805,103.8866
243.1231,159.0025,61.9235,103.0249
247.5600,157.1654,60.2735,103.4322
251.4501,156.3468,58.7526,103.7523
255.2922,155.9779,57.2691,104.2356
258.0738,156.1386,56.2744,103.8824
260.5688,156.0679,55.9329,102.4742
262.6018,158.2871,55.6490,101.1118
265.7088,158.5553,54.9188,101.1102
266.3201,159.7591,55.2226,100.9921
266.9806,158.6244,55.7724,101.5140
266.1687,158.2326,55.8520,101.7625
266.1481,157.7817,57.1633,101.5490
265.6224,156.8566,58.6938,101.3308
265.8505,156.0719,59.7183,101.6874
265.4959,156.1176,60.6644,102.0758
266.6279,156.5803,61.3806,102.0005
268.3763,156.2592,61.2392,101.5729
271.0515,156.0213,61.0959,101.2507
271.5222,155.4624,60.2201,102.0868
271.1472,154.0952,58.1374,103.8016
269.5270,153.3372,55.9147,104.2281
269.8918,151.3448,54.3776,103.7151
269.8301,151.2246,53.4287,102.2283
269.7858,150.8712,52.4944,101.0533
270.3104,150.6441,51.7732,100.4402
271.2181,151.0180,51.7597,100.0014
270.8767,152.2832,52.3586,99.1189
270.2769,154.1896,53.6274,97.9194
269.5415,155.2378,52.5701,99.2586
269.0357,154.0280,53.2608,101.5295
267.7641,153.7531,53.6266,102.2275
266.5065,155.8932,53.7927,101.4516
266.8798,156.4212,54.4802,101.7129
267.7403,156.2561,54.5432,102.6458
268.7884,156.7818,54.5685,102.9608
272.4795,157.7168,54.8278,102.5664
274.3942,157.0785,55.5292,101.3973
272.0295,155.3002,54.4393,101.1051
272.9778,155.4307,53.4450,100.2496
273.1127,156.7968,53.4504,99.4292
273.1141,156.9528,55.2858,100.2572
272.5451,156.9029,57.2548,101.5424
269.9778,158.2994,58.5501,102.2946
267.8167,158.8088,58.4600,104.1491
266.9001,160.6165,58.4787,103.8310
267.6650,159.9729,58.9981,105.0926
267.9029,160.4441,58.9011,105.9875
269.1203,160.6634,59.3101,107.2939
269.6362,161.0074,59.8592,107.9803
270.7798,161.0453,59.6036,109.4730
271.6497,161.8463,61.1775,109.2361
268.6483,161.9725,60.6063,109.7698
268.3071,161.3181,59.6617,108.7573
267.8266,161.4123,59.4097,107.7288
267.3546,162.3102,58.7632,106.9123
268.3403,161.0757,52.7593,113.0144
269.7880,160.9814,48.6767,115.5266
271.6612,163.1580,46.4504,117.3097
272.3687,163.3841,45.1066,118.4237
271.6367,165.2595,45.0532,118.6636
269.5013,166.7050,45.1995,118.8510
267.3071,167.3992,45.5002,118.9049
265.9325,168.7459,45.5939,118.7754
266.5359,168.0988,45.3374,118.2697
265.2208,168.2669,43.8178,118.8877
264.6313,168.6018,42.3893,118.8804
264.9026,167.7333,41.0814,119.0083
263.7411,166.2243,40.3205,119.8874
262.3914,165.6458,39.3594,120.6673
260.3283,166.0817,39.4481,121.8390
257.7673,165.7066,39.2400,123.3129
255.9139,167.4076,38.7749,124.0722
253.7619,167.9120,38.2984,125.0030
251.8606,169.1688,38.6749,126.0722
249.5565,172.1233,38.6462,125.4576
246.6947,174.0795,38.3700,125.1002
244.0684,176.0602,38.2817,124.5921
241.0382,179.2403,39.3664,123.3157
238.8559,180.7108,40.6123,121.3863
235.2938,181.8132,42.4889,119.5904
231.2495,183.1526,44.9589,117.3120
227.0939,184.9133,47.6081,115.4041
224.5022,185.5762,50.0052,115.0615
220.7378,184.3163,51.2244,115.8330
219.4182,182.8751,50.9124,116.5201
217.3120,179.7626,50.6467,117.2716
215.1804,179.5566,50.2135,118.7811
213.3768,179.1471,49.9948,120.1462
212.1762,178.7349,49.1841,121.1044
210.9815,177.4332,48.1765,122.4981
209.0542,177.8666,47.4937,124.3679
208.3001,180.0133,47.7344,126.1396
206.5392,181.5773,48.7017,126.1077
204.6785,181.8932,49.9313,125.6773
202.3015,185.1166,51.1010,125.3986
199.1932,185.7354,51.6513,125.0701
195.1990,186.9982,51.6523,124.8559
193.0497,188.6499,51.9749,125.2475
190.3839,187.0644,51.8799,124.7794
187.8237,184.6047,52.5552,123.7667
184.8648,185.2847,53.4836,122.0915
183.3874,185.4884,54.0513,120.8876
182.5342,185.7654,54.0396,120.8166
181.5496,183.4699,53.4045,121.2583
182.0891,182.7391,52.2965,121.9033
182.8969,183.0510,51.1765,124.2918
183.8656,182.6436,50.1805,126.1415
184.4169,181.7416,50.2203,127.0744
184.5776,181.9293,49.9112,128.3749
184.3341,183.7101,50.5848,129.0499
185.0277,183.1738,51.4453,128.8792
186.0051,183.4136,51.9800,127.3333
186.3126,183.1506,53.0476,126.2887
185.9016,182.8272,54.2213,125.8002
184.7717,181.8428,55.5443,124.7590
183.7665,178.9854,56.7217,124.6580
183.7569,176.6547,56.2819,124.9458
182.9219,176.0891,54.9893,126.2391
181.4816,176.8113,53.7433,126.7754
179.8457,177.2043,54.7719,126.7850
178.6616,180.4820,56.0371,125.5532
176.6865,180.9348,57.8895,124.2135
176.8095,182.8322,58.7497,124.3008
177.9712,182.8773,58.5668,125.1829
180.5681,182.7435,57.4794,126.2789
182.1187,183.6818,55.1317,130.8219
183.3841,179.6550,52.6242,133.8129
183.0947,177.6898,51.4292,136.8232
182.9935,174.7216,51.0489,137.6572
181.4175,175.9082,51.0431,137.7313
180.1886,177.2218,51.2431,137.5901
180.4919,179.1158,52.0200,135.9966
177.4267,181.0732,53.8534,135.3720
174.8519,182.6236,55.2508,135.1163
171.8414,185.3818,56.7235,134.8882
168.7862,187.1826,59.2320,134.9027
165.8917,188.8521,60.6511,135.1331
162.5305,187.4823,62.0564,136.7659
160.2621,186.8024,62.8250,139.4103
155.0972,184.9260,64.1291,140.7476
149.0837,186.7917,65.5622,139.7542
145.8513,187.3042,68.0077,138.7587
142.8168,189.0193,68.4254,136.9093
139.0469,190.4657,68.1408,136.6216
138.1126,191.1998,67.4474,137.1390
135.9035,191.2200,68.2177,136.1842
133.3142,192.0774,68.5349,135.4744
133.4702,190.8705,68.5411,136.0922
132.0690,191.0543,69.0898,136.5308
131.5167,191.0055,65.9250,140.1931
130.6936,190.2053,65.0481,141.7140
126.6497,190.5330,65.3477,142.1982
120.7753,191.4812,67.1543,142.2477
117.6328,190.8578,68.1073,140.7250
115.5844,195.2459,68.5111,139.5838
115.3789,196.7108,68.5368,138.1021
114.2316,199.9824,68.3216,137.4173
115.1818,201.6173,68.3056,137.1126
114.9681,203.3663,67.6596,136.7699
114.2767,203.1747,66.9771,137.0519
115.1942,203.6367,66.2499,137.5199
116.4380,204.5087,65.3075,137.2914
116.4109,202.3849,64.0660,138.2610
117.7307,202.1076,62.2249,137.9450
118.0961,200.5607,60.0863,138.4390
119.7313,201.0734,58.2271,137.9270
120.9071,201.2163,56.2101,137.1983
122.0069,202.2999,54.1785,136.6549
123.8399,201.4938,52.3165,136.7496
125.9797,202.9597,50.8984,136.5493
127.1679,203.4879,49.8669,137.0165
128.9811,203.5717,49.0935,137.3827
130.6493,205.1383,48.4475,137.0592
132.2475,205.1808,47.8468,137.2361
134.3670,205.5349,47.4272,136.7804
135.4599,204.9411,47.4597,136.6672
136.2975,205.2519,47.4781,136.0202
136.5631,205.1753,47.7051,135.5650
137.6399,205.5927,47.7714,135.5932
137.0813,205.1471,47.7405,135.9051
139.2444,204.7614,48.1971,135.2652
137.6698,204.6896,48.1424,135.5611
138.8245,206.3780,48.3763,135.1339
137.5073,205.8063,49.2009,134.6248
137.4956,205.1770,49.0417,135.2925
136.4174,205.4424,49.3453,135.5978
137.4273,205.6535,49.6673,135.3298
137.4505,206.2261,50.2379,134.8010
137.4914,205.8166,50.0827,134.7784
136.7713,204.6825,49.7576,135.2908
136.3933,205.1535,49.7538,135.3527
135.8499,204.3455,49.6108,135.8969
136.2449,202.6038,49.2687,136.6348
135.7048,203.7523,49.4992,136.6125
136.0213,203.0348,49.1219,137.9358
135.1449,203.5982,48.5044,138.7664
134.7605,202.3974,48.2693,139.9726
133.8001,203.6766,48.2639,140.8605
133.5007,202.4268,47.9849,142.1993
132.2568,201.6900,48.0330,143.6424
132.3209,201.0921,47.5726,144.9140
132.4671,200.6765,46.9924,145.8690
133.4506,201.6098,46.6784,145.8540
134.6541,202.6752,46.2522,145.6542
135.9148,202.4774,45.5659,146.4983
136.8463,202.9043,45.0900,146.5357
137.9477,204.1091,45.2346,145.6873
138.3799,205.0576,44.8099,145.0634
139.2927,205.3404,45.0448,144.5721
139.6667,205.7053,45.5201,144.0236
140.5426,207.0161,46.0677,142.4416
141.2614,208.7900,46.5505,140.8359
142.0203,207.3362,46.3500,140.7399
142.2623,209.6337,46.2976,139.9952
144.0759,208.3764,46.5317,140.3218
144.4334,209.0257,46.3866,139.9034
144.6990,211.8182,46.5270,138.4915
145.7943,211.4264,46.1440,137.8498
146.2776,212.9803,45.6945,136.9301
147.0497,215.2537,45.3901,135.6604
148.3825,214.5127,45.0283,135.0956
149.3807,214.7931,45.1981,134.6494
150.0165,214.5689,45.7905,135.0958
150.1552,215.5809,45.6177,134.5579
150.4932,213.9271,45.5030,134.7649
151.5490,213.7298,46.1071,136.1720
150.7091,214.6701,46.9578,135.9936
150.5776,214.6376,47.8526,135.6360
151.0023,214.5499,48.6850,134.9555
150.8512,215.0379,49.7012,133.7561
150.2066,215.9452,50.8511,133.2510
149.4298,215.6344,52.4007,131.8591
148.0676,216.5821,53.6522,130.7870
146.8650,218.4864,54.7018,129.7372
145.0327,220.4883,55.8334,128.2919
144.1158,222.6785,56.5553,127.3069
144.6939,222.2775,56.5009,126.6651
144.5505,221.6420,56.8302,126.3469
143.8758,220.7462,57.4125,126.9149
143.6341,221.4039,57.4584,126.1541
143.4969,219.2768,56.7386,126.7262
143.5372,219.0271,56.6180,126.5733
142.8560,219.7137,56.6061,126.3362
143.4668,219.7117,56.6212,126.2175
144.1344,220.8531,56.7642,125.3958
143.6684,219.4922,57.7583,125.7145
143.9439,218.5431,58.8754,125.6873
144.1095,218.4415,59.7365,125.5220
145.6194,216.6326,60.2351,126.6654
145.4149,216.7000,60.2704,126.8473
146.2946,216.4501,60.0464,127.1958
146.1885,217.7976,60.3444,126.4094
147.0302,218.2941,61.1735,126.3412
147.6662,219.4475,61.4836,125.9678
148.6616,221.0164,61.8876,125.2844
150.4163,221.7330,61.7664,125.0304
150.1910,221.2182,62.9340,125.8612
150.3338,221.6906,63.8000,125.5889
152.1250,220.9136,63.9304,126.4565
152.5451,220.8947,63.4701,127.1150
152.1898,220.0790,62.6076,128.2272
152.7635,220.7169,61.6983,128.0018
152.9682,220.7901,60.7576,127.9022
153.2899,220.1224,60.4695,127.9253
153.4492,219.8053,60.0446,127.8856
155.2446,219.3353,59.8810,128.1264
154.7391,219.9616,60.3775,128.0304
156.3461,221.4169,60.5652,126.9712
158.2962,220.4406,60.0498,127.7081
160.9291,219.8703,59.3028,128.1898
164.2580,219.1648,57.9467,128.8547
167.6033,217.5637,56.1000,129.9685
171.6056,217.9527,54.2614,130.9722
175.3416,217.4832,53.1696,132.4763
179.0997,217.3287,52.0585,133.3015
182.5437,215.7746,50.7241,133.6794
185.2088,215.2643,50.7995,133.2333
187.8202,217.2613,50.3586,133.1525
189.0104,217.9080,49.9664,131.9253
191.5291,218.1820,50.0560,132.3918
193.1402,217.3480,50.2051,132.0309
194.9944,217.0690,49.7987,133.2130
196.7143,215.4943,49.6294,132.3525
197.5143,215.3838,49.5669,133.7249
199.0589,212.9536,48.7015,133.8077
201.1891,213.5554,47.8854,135.5275
203.1921,211.5161,47.3223,135.9372
205.8440,212.3891,46.8085,136.1584
207.3568,212.9570,46.7684,135.2191
209.0849,213.4737,47.0091,135.3976
208.9996,214.9357,48.1639,134.1149
211.3766,217.4929,50.0918,132.0389
214.9576,219.9635,51.8565,129.1897
218.8875,221.7342,54.6758,126.2782
221.9052,223.4731,57.4727,124.0004
224.8862,224.3090,60.1184,121.6808
226.4718,224.9833,63.0568,119.7993
226.8345,225.7772,64.5095,118.6196
228.6131,225.1635,66.2848,118.8881
231.7227,224.6402,67.7019,119.3838
235.0696,224.8633,68.3094,120.1666
239.7253,226.9755,69.1796,120.2025
244.6928,227.5439,69.6572,119.6881
246.5508,229.0317,69.6064,119.2085
247.9896,230.4180,69.8947,118.4082
248.6388,229.7656,71.3782,117.4506
250.3575,227.9044,70.8715,119.6861
250.7020,224.0107,70.4805,123.7000
251.7491,221.5318,70.3151,126.7863
252.0099,219.5285,71.2753,129.1768
253.4470,216.6694,71.2861,130.8825
254.5498,215.4056,71.5258,131.9319
253.7629,213.4376,70.6806,134.1922
2
0
0
0
0
1
383.0325,223.2493,44.9068,70.9777
386.1440,223.6149,45.5380,70.6650
388.9802,223.8329,46.4883,70.3929
391.0818,224.4698,48.3712,69.5748
392.6733,223.8152,49.4465,69.1994
394.5753,223.2117,50.3122,69.8908
395.4973,222.0544,50.8204,72.3308
395.6542,220.6135,51.0762,74.3259
394.3932,218.2575,51.7940,76.1005
391.3360,215.8789,53.6135,76.8135
388.7169,215.4883,55.9739,78.3936
386.7184,213.0486,57.5914,81.4400
385.2628,211.0732,58.1499,85.7493
385.7740,208.8488,57.0392,88.3175
386.1675,206.3211,56.8779,91.8296
387.5968,205.9142,56.6456,94.5356
389.4701,204.7382,56.6785,97.4113
390.7520,201.1299,55.9822,100.6562
389.9527,197.6221,55.6312,103.3698
388.8129,194.5424,55.0174,105.7261
385.7820,192.2832,54.6409,107.1729
381.8201,189.1624,54.9391,109.1924
378.2857,187.3184,55.1703,110.9470
371.3477,185.9519,55.3710,113.1034
364.5643,184.9482,55.4067,114.3872
360.5010,184.1069,55.9659,115.2357
357.1178,183.9899,57.2101,115.6513
353.5908,185.1846,57.8228,116.4077
349.8588,184.9751,58.5145,117.0714
346.6608,185.0147,59.1522,116.5263
344.7947,184.0829,59.6817,115.2165
345.0111,182.3577,58.7789,115.9592
342.8913,180.6205,58.9258,115.0621
341.8242,179.5920,58.9490,113.6901
340.5999,178.1829,58.9053,112.7350
340.4058,176.7316,59.0178,112.5392
340.3264,174.9628,58.8693,112.2867
338.3652,173.5275,58.7414,112.8638
337.5074,170.9850,58.1161,112.7954
336.5391,168.9133,57.6282,112.2730
336.5780,167.1820,58.2784,112.7880
335.8315,168.1572,58.0814,112.0922
335.8031,168.8762,57.3887,111.3956
335.7932,169.1302,57.2604,111.0512
335.8094,170.7054,57.3176,110.6827
336.3282,173.0677,58.0593,109.3158
336.0496,173.5610,57.8774,107.8525
335.5270,175.1713,57.2823,106.3159
336.4766,175.2318,56.9330,105.5115
336.5099,175.1277,56.8826,105.7052
335.4769,175.7009,56.3400,104.9054
333.1443,174.9996,55.4788,104.3727
331.5815,175.9773,54.8966,103.8616
330.5712,175.4630,54.9487,104.0970
329.9919,176.3508,54.6759,104.1907
329.3404,177.1588,54.6529,103.8948
328.5963,176.2037,54.6287,104.3554
327.8749,177.5258,54.7979,104.4947
325.4691,178.6781,54.8238,103.7840
324.8558,179.1293,55.2035,103.5596
324.4528,180.1138,55.0380,103.5025
324.0771,181.9104,54.6655,103.1429
323.8473,183.9181,54.4614,102.5967
323.3468,182.8315,53.7821,102.2451
321.9721,182.8324,53.7291,102.2978
320.9511,181.5325,53.6083,102.3003
318.3179,179.9415,54.4421,103.2274
315.2572,177.9375,55.1420,104.8351
312.9095,177.1827,55.7802,105.9646
311.6276,175.0076,55.6318,107.7666
311.1647,174.3478,55.4031,109.0500
309.5507,172.7787,56.0254,110.4669
308.5502,171.6764,56.6534,111.6553
308.3969,170.9097,56.9150,111.8969
308.1707,170.1793,56.2655,112.5677
307.9125,170.8274,55.8337,114.1124
308.5380,172.3179,55.5052,116.4277
306.9114,172.3978,55.1781,117.5188
304.6582,173.2348,55.2751,117.7339
303.4533,174.5101,55.2176,117.0403
301.7895,175.8222,55.0194,116.3091
300.1537,178.4674,54.8953,116.0051
297.2962,178.9939,55.2570,116.1485
295.1111,180.5605,55.4897,114.9853
294.3212,180.7879,56.2604,114.9942
292.9218,181.8417,56.8099,113.9612
291.4612,181.5449,57.8002,113.5502
289.6976,180.3274,58.0946,114.6450
287.2125,179.5810,58.5322,115.3788
286.6343,178.9384,59.5152,115.7859
284.4011,176.6893,60.0392,116.6852
282.8383,175.1407,60.7928,117.2231
282.3669,173.2538,61.2870,117.8127
283.4081,172.6497,61.5898,117.4040
284.2755,172.4207,62.0651,117.1568
284.9991,172.8545,62.0306,116.4391
285.4793,173.8033,62.2523,115.9198
287.1434,175.6388,62.7227,114.7099
286.7216,174.2446,61.8555,115.5686
285.2435,172.3913,61.4217,115.0327
283.0972,173.7147,61.4586,114.3150
281.2988,172.7912,61.7050,113.8967
280.6804,172.0427,62.0774,114.3431
279.6391,170.7003,61.8764,114.2691
278.4019,170.3954,61.9519,114.1626
278.4804,170.3306,61.5982,113.6573
278.3835,169.1425,62.0310,113.5218
280.0083,167.9290,62.0059,113.9946
278.9641,167.4182,61.9524,114.1554
281.9626,165.5202,61.4533,115.0797
281.6908,164.0199,60.9818,115.7356
281.2347,163.0360,60.4283,116.0576
280.9594,161.0119,60.0219,115.3569
281.5517,162.2790,59.8073,115.6790
280.6734,162.4723,59.3076,114.6995
282.9868,162.8945,58.6729,114.4189
283.8398,162.3748,58.4240,114.1932
284.9099,162.0513,57.6455,113.8805
287.0721,163.1114,57.1242,113.7739
289.2714,161.9035,57.7482,114.2924
291.2112,160.9440,57.9602,113.8628
293.4087,161.5646,58.2189,112.7503
297.2497,161.1562,58.0358,111.6777
301.0833,161.8607,57.9956,110.9278
304.8403,161.6415,57.8801,110.3145
306.9022,162.0198,58.2999,109.8006
308.5789,162.1915,57.8084,110.7843
310.4968,162.1876,58.1719,110.7962
311.3918,161.1286,57.7755,110.8915
314.4950,159.9550,57.6945,111.6290
315.6508,159.5085,57.7110,111.8556
317.5268,158.3710,57.7602,112.4874
320.5980,156.6774,57.8835,112.7383
322.4599,156.8498,58.5293,112.4243
323.8449,157.1354,57.5885,112.3543
326.1353,156.1940,56.7915,112.3086
326.8965,154.9942,55.9259,112.7235
327.8151,152.4772,56.5992,112.4074
327.6980,151.9741,57.8182,112.8504
326.5872,149.3865,58.5725,114.4680
324.1231,146.2545,57.0427,121.3304
325.0249,144.8640,54.2786,129.4365
326.0838,141.3335,51.9740,138.1971
326.7506,136.0848,50.8690,143.3351
327.1945,132.0368,51.3196,144.9370
325.2849,129.0701,51.6760,146.6954
323.0201,127.8420,51.3853,144.3238
322.3592,127.1936,50.8780,142.5215
322.1097,129.9525,50.4352,139.6417
322.3177,135.8413,50.5609,135.2991
323.5871,140.7018,50.4124,132.2397
325.3171,143.4462,48.9796,131.5231
325.8955,146.8311,48.9273,130.4440
323.3465,152.3030,50.1102,128.8535
323.0772,154.6998,50.5542,130.2981
322.9064,153.8387,50.1378,129.5689
322.8771,154.4176,49.7136,128.1582
322.3862,154.9818,49.4519,127.5099
321.6175,154.6965,49.9722,125.8601
320.5001,154.5588,50.7958,124.2121
321.2163,155.0322,52.4999,122.0982
322.4187,156.5475,53.7438,119.5709
324.0146,157.8123,54.6498,116.6785
325.0476,159.0196,55.0929,114.8557
326.4393,162.1222,55.4086,114.1183
326.0768,164.3519,55.2207,114.4980
324.4604,163.9992,55.1783,114.2496
323.3383,168.8187,55.3885,113.2289
323.3885,169.1599,53.1143,113.7551
323.2784,170.1870,52.0398,114.1224
323.8169,171.8533,50.9573,114.4803
326.6068,171.4715,50.2197,116.0517
329.7626,173.7177,49.2771,115.8726
332.2902,176.4977,48.5759,116.5881
331.0496,177.7034,49.7937,115.4792
331.5361,178.3799,48.5899,116.3809
329.2556,183.6091,49.4037,115.9359
329.7545,188.4836,49.3763,113.0012
331.3763,191.1877,49.0400,112.7233
333.5445,198.2004,49.6311,111.4391
335.3379,201.8884,48.8309,113.4868
336.4953,205.7098,47.5456,115.8202
336.5684,209.5570,46.7716,116.5727
337.3988,210.8565,45.9928,118.8315
336.7395,211.0855,46.5679,121.1286
335.1286,210.7333,47.3046,120.5881
335.4999,210.9059,48.4755,118.6434
335.3790,211.4041,49.2514,117.6128
334.8826,211.2248,49.2558,116.0814
335.3139,213.9592,48.6792,115.2591
335.0403,214.8552,48.2644,116.3334
335.3072,213.6856,47.1652,116.3516
336.3113,213.9032,46.4351,117.0335
336.9594,213.9393,45.8712,117.9123
336.7855,215.2998,44.3749,116.4484
336.1125,212.3436,44.8217,116.7100
336.9518,211.7291,44.5781,116.8422
338.4436,210.1797,44.7397,117.1412
339.9088,210.0859,45.1153,116.9115
341.7459,210.2752,46.1600,116.1471
342.2107,209.8831,47.5022,116.2936
341.9082,210.1304,48.4770,116.0020
341.4945,210.4272,49.4751,115.9152
340.9937,210.1073,49.9642,116.2923
340.4999,210.2789,49.6056,116.5025
341.1528,209.2753,47.6214,117.6165
341.1643,207.3978,45.8895,118.5086
341.1114,204.4651,43.9360,120.8761
341.6251,202.8007,42.0562,121.5333
340.5239,202.3196,41.1091,120.7505
340.5417,204.7149,40.8615,118.8369
339.4268,208.5126,40.8819,116.7662
338.9824,208.1201,40.9437,115.1991
338.8987,205.5667,41.0420,115.5659
338.2256,208.1540,41.7977,114.3419
337.9741,208.4748,42.5075,113.4291
337.5750,209.4309,43.4240,109.9002
336.8493,208.6590,45.5620,109.0856
336.4323,209.5154,46.4756,108.2544
336.5976,210.2882,47.3807,107.2446
335.6701,208.6506,47.9740,107.6435
333.5662,209.1940,48.1574,106.3199
332.3724,208.1502,48.3685,105.7860
331.8373,206.4855,47.6661,103.8840
330.6373,206.9265,47.8970,102.6586
328.8394,207.5500,48.8320,102.3352
325.1683,209.0800,50.3803,100.2300
321.5732,211.1732,51.7469,98.9743
322.3471,209.3591,53.3853,98.1319
324.6463,210.5615,53.6187,98.2960
326.1317,211.8746,53.2774,99.1436
326.9493,212.6991,54.0315,98.5475
329.6975,210.7101,53.9425,100.3782
331.1065,210.9355,53.2745,101.3133
330.3618,206.5643,52.7244,101.7814
328.1523,206.4033,51.6881,99.0608
324.8123,208.8144,51.4392,97.5436
321.9574,210.1804,51.4672,96.5264
319.2177,208.8254,51.0881,95.7866
314.4265,206.4096,52.1219,96.4135
310.7611,204.1562,53.4767,96.6328
306.7427,199.1853,54.6578,98.7812
