1
183.9964,223.0678,44.7735,98.9900
175.7692,224.0364,51.7158,101.7601
174.4037,217.5305,58.5084,99.1780
175.1428,213.0506,58.5090,99.1776
171.7827,211.1021,58.5091,99.1775
169.6438,212.7165,58.5091,99.1775
167.3447,211.8989,58.5091,99.1775
164.9573,215.1376,58.5091,99.1775
154.8874,233.9686,67.0168,94.6592
155.6451,230.3097,70.3267,93.6029
158.0368,236.1851,72.6403,92.8066
158.6866,236.4499,76.3084,93.2707
161.7415,230.1386,77.1435,93.3191
161.3965,232.9667,77.4653,93.7044
162.6001,227.8047,78.3938,93.6731
172.4647,213.9397,87.2730,90.4736
174.3822,215.0320,91.6857,89.9094
176.7677,213.4082,93.0475,94.1740
178.6863,210.2587,89.5863,99.5762
168.1460,223.3565,93.4060,104.5680
181.4440,216.9241,87.3086,109.4642
181.7332,221.3205,85.6010,114.1576
190.9012,212.9597,85.0569,116.1998
186.0058,216.9353,88.2848,114.3753
192.1823,222.9303,89.6951,113.5706
208.6066,227.0744,89.4496,113.2976
210.6666,227.9006,90.3498,111.7023
218.8549,227.1931,90.5089,111.3725
213.5832,229.2067,91.2784,110.7773
217.8549,229.3062,91.7283,110.1967
223.9705,231.8543,92.5011,109.1685
229.7888,228.6559,93.5702,107.7259
237.8347,230.0695,91.4251,108.1960
243.6585,228.1783,90.5930,108.7150
247.8191,227.5912,90.1731,108.0657
251.5482,229.0569,90.5435,107.1053
255.7678,231.5633,94.7453,106.1692
257.1661,235.5868,100.0381,103.8085
258.7549,236.8717,105.3292,101.0905
257.4703,235.6422,104.3752,100.3244
261.0382,243.0439,109.1182,97.0028
255.7971,240.8416,108.6709,96.1620
259.5993,239.1839,112.5700,95.7044
261.6928,242.9741,117.7588,94.0882
261.7947,246.9458,117.8097,92.6789
258.0230,247.4814,117.3437,92.7786
252.6295,241.4109,113.1077,93.2375
256.3891,238.2202,110.0929,96.2661
257.4767,237.7542,111.3825,98.2011
258.4326,238.9408,113.2812,99.4041
255.4281,240.5403,109.6610,101.0346
251.9867,232.4688,104.9931,100.2980
255.7563,231.8059,106.8448,99.7147
254.9907,230.3482,106.2231,100.9206
249.0436,230.8398,103.4492,101.2074
254.3278,230.8896,103.7110,100.3944
247.8773,232.6421,101.8086,99.2187
251.2805,239.9775,99.2172,97.1210
253.2728,240.1567,101.2124,95.5854
245.1919,243.6083,95.1179,95.4916
245.8358,244.3378,90.2018,94.7000
241.7786,242.6859,86.3396,95.7715
236.7655,241.3699,85.8453,96.1485
228.0944,239.1193,83.5887,97.8365
220.0136,237.5315,81.2880,99.1083
222.3843,236.8265,80.0064,99.4322
215.5063,238.0298,79.2613,98.6224
211.7308,241.4913,78.9536,98.1781
203.4724,236.8613,81.0134,97.1442
193.2120,237.1190,82.5208,95.1754
185.8269,232.5414,82.4643,96.6414
178.4803,232.3471,84.4890,96.7140
176.4797,231.4432,85.8478,96.4392
175.2976,230.8027,86.9126,96.6145
172.0894,230.0896,87.0260,95.7142
157.6527,229.1180,85.6119,96.6366
150.8234,229.1192,83.8470,98.0712
153.3814,228.6649,83.5161,98.0462
148.1168,227.3411,81.4024,98.1420
143.9450,226.1370,80.6417,97.3471
144.2184,225.0613,81.6266,94.3446
140.8696,227.9326,81.4606,97.9803
138.2586,226.0973,84.5341,100.4741
134.2641,223.5470,86.2887,101.9692
119.9347,216.3682,88.1412,103.1955
110.0560,216.1665,90.1850,105.4795
97.1708,216.4573,91.5917,106.6031
94.8752,222.3991,91.8517,107.5007
96.0505,224.8111,89.5813,107.1174
101.9983,223.1177,85.9607,108.7384
108.0178,218.8032,83.9279,110.1555
107.6432,213.8301,82.6079,112.5700
104.3919,209.2926,81.6534,113.2416
107.2756,209.4325,82.7553,115.1263
95.2970,207.8528,86.8655,114.4160
94.0040,212.9725,90.9812,112.4526
91.5227,217.0283,94.3778,109.0062
91.9748,214.6711,92.8767,106.6429
93.4796,215.7471,88.1367,106.2193
92.6039,214.0708,83.9227,107.5245
90.0480,210.9130,77.6731,109.4942
95.3629,204.4738,72.8833,108.4517
98.4276,203.2770,72.1441,109.0414
100.5961,201.7817,72.2319,108.9772
100.2705,200.4851,77.0316,107.8747
94.6305,200.2443,81.9120,106.5294
94.9032,199.8508,81.1218,106.9608
105.1858,199.0302,79.1827,108.1604
120.0904,198.9853,76.8564,109.0135
126.0424,195.4598,72.9146,111.4423
116.3231,193.0385,72.4171,111.9913
122.9579,189.7630,70.8822,113.7695
129.7571,185.9959,68.7821,120.4034
144.8402,182.7635,69.4379,118.3423
150.5453,182.3160,70.1572,117.7750
152.0521,176.9375,70.1603,117.7720
156.4349,181.6411,70.3673,117.6898
157.4038,182.9634,73.6038,114.0426
160.8405,186.9883,75.4767,109.5158
162.4084,188.4644,74.7388,107.2561
163.5372,187.1859,72.5648,107.8547
162.9002,183.5542,68.3793,111.3692
163.7302,176.8991,67.4016,110.1974
170.6150,179.1377,66.4041,111.9631
175.4320,176.2580,67.3048,111.6635
180.2232,173.0722,68.6377,111.1852
183.8357,174.4157,69.7854,109.2282
185.8365,173.7372,70.8727,107.6513
189.2180,173.0634,70.2776,106.4274
192.7964,173.6959,68.0643,106.8889
187.9702,172.2228,62.7404,110.9098
190.0687,170.5052,58.1481,113.7564
195.7317,168.5403,55.5265,116.3802
200.3362,167.5405,57.4053,117.8273
206.1949,160.6140,62.2789,115.7253
208.4510,163.7176,67.8507,112.3149
208.6664,165.2984,72.6209,108.6163
206.7851,166.3114,79.2070,105.3591
206.1346,168.6432,82.9265,102.2923
208.2332,169.4761,83.1223,100.6858
210.2552,168.2317,81.2147,99.9734
210.7428,167.1099,78.5782,102.3303
207.1489,164.9405,73.8411,101.5007
206.5422,164.1169,65.8057,105.0504
210.5346,159.3967,61.7679,105.7465
215.0218,160.6924,58.2041,107.9067
213.6548,161.0120,57.0985,110.5171
215.7805,158.2935,57.5811,109.3580
216.6508,156.0417,55.1596,111.6881
218.4181,161.2015,54.1383,111.7323
223.0792,158.4803,51.9573,114.1373
220.2379,157.2887,53.2895,114.8954
222.7962,157.1064,58.5338,106.1552
223.0123,160.9323,61.8276,101.5152
219.3053,166.8071,65.0360,100.7804
226.4731,163.5363,66.2844,99.4331
228.5663,161.8934,70.8360,98.3343
230.5028,158.2975,76.3554,97.7880
235.7801,160.8017,79.2247,97.2302
236.7684,162.4101,79.5194,97.3976
236.4346,161.3109,78.5837,98.0145
236.6075,161.0208,79.2224,98.8243
237.5624,159.0779,75.9133,99.1479
235.9518,161.2695,68.8588,101.9431
245.5452,153.2193,66.4728,102.9737
247.3145,154.1372,61.6488,104.4393
253.4989,152.4391,56.5951,105.8273
257.7281,152.0081,54.1158,105.2030
258.8919,154.9542,52.7097,104.3028
262.5044,158.6309,51.3216,103.3749
265.1086,157.7249,51.0267,103.0684
269.5783,159.1351,52.2281,101.6712
270.5004,158.8233,52.6105,100.4503
268.9706,158.1540,54.1259,99.6229
269.8782,157.9141,57.2485,99.5853
267.8329,158.5872,61.8875,98.1566
263.6726,158.0593,68.5761,97.4623
264.6238,157.9891,73.7430,97.0964
264.8485,155.8801,77.8374,98.2172
266.1953,155.1226,79.1345,99.4054
268.3908,154.7427,77.6078,99.8716
266.2359,155.9360,72.5084,101.7760
268.9149,150.1614,65.4371,105.1987
267.8146,146.8884,62.7359,104.8701
268.6953,143.9504,55.4336,104.7544
273.2111,146.0396,49.2986,105.0628
274.6613,145.3941,45.3369,103.1204
276.9705,148.8111,43.7974,103.4210
276.3987,149.6127,43.4867,103.7766
273.8752,149.4002,44.4650,104.4254
272.1152,148.7173,45.7861,104.5388
270.4640,151.4355,47.5537,104.5439
271.8513,150.0336,53.4711,101.3655
268.9339,149.9363,53.5196,101.6803
269.5248,156.9688,53.5275,101.6755
273.0307,155.0704,53.6810,101.5977
274.7332,154.9334,56.2068,99.9782
273.0380,155.9043,59.2072,98.7591
274.1124,153.7207,60.5719,98.1604
271.9706,150.2711,56.8439,102.4961
270.0647,150.6334,53.7585,106.1372
272.5020,144.0196,50.1651,108.7623
272.2539,150.7414,49.6059,109.8811
269.9254,148.2596,51.4561,112.2745
275.0894,146.1907,53.3652,112.0754
266.4649,150.7600,55.5022,112.7963
270.3024,152.2610,57.3649,112.6223
269.6082,158.6700,59.4850,110.0404
269.8359,160.3092,59.8576,109.2464
269.5361,162.3324,60.3128,108.8660
272.4919,158.5188,60.3129,108.8660
275.3165,157.0392,60.3129,108.8660
271.1322,164.3911,60.3129,108.8660
268.7369,165.3604,60.3129,108.8660
267.5045,153.5218,60.3128,108.8661
264.8991,156.0747,60.0884,108.9881
263.8546,152.8630,60.0879,108.9884
262.4821,155.4558,60.0877,108.9886
261.6935,155.5362,60.0845,108.9922
261.6386,155.8206,60.0845,108.9922
262.4979,161.4766,60.0845,108.9922
262.2446,164.3296,60.0845,108.9922
260.9637,165.8731,60.0842,108.9930
260.0702,167.2664,59.8806,109.3849
255.6992,166.5483,59.8801,109.3859
255.9160,164.9780,59.8769,109.3932
256.5968,170.1501,59.5031,110.1247
252.9685,168.4561,59.3985,110.2743
252.5519,164.7641,59.3985,110.2743
251.6152,163.6501,59.3985,110.2743
250.0456,166.3503,59.3985,110.2743
246.7950,163.6633,59.3985,110.2744
244.8198,165.6303,59.3836,110.2969
241.6003,161.9756,59.3829,110.2982
240.0450,167.8502,59.3828,110.2983
237.9660,172.6349,59.3828,110.2984
235.2260,173.4094,59.3607,110.3374
232.0855,172.8348,58.8164,111.2828
232.5210,174.0916,58.8161,111.2835
230.4699,176.6070,58.8158,111.2841
228.7475,177.8143,58.8158,111.2841
225.7065,183.3824,58.7169,111.4996
224.2383,182.3603,57.9314,113.9071
215.9930,187.5591,57.5197,116.1982
213.2022,188.0970,57.0785,117.8586
210.0513,188.4666,58.2427,119.1725
209.1560,188.5648,59.4941,119.6383
208.6509,186.0657,59.7965,120.0282
209.5638,182.5685,59.8129,119.9787
209.5856,178.1230,59.8093,119.9870
207.0798,178.5992,59.8021,120.0078
209.1789,178.4013,59.3222,120.6004
210.6078,183.4666,59.2903,121.4260
206.5271,185.7593,59.3049,121.4399
203.7862,188.0644,59.3254,121.4340
197.5993,191.4290,59.3289,121.4352
198.1897,195.4563,59.5137,121.4336
197.3574,195.1056,59.7556,121.4181
193.9609,194.0297,59.7848,121.4107
188.8492,194.8967,59.9079,121.4487
185.6603,197.7592,61.7569,122.3432
182.9301,197.0972,61.7578,122.3417
181.1759,196.2515,61.7688,122.3307
180.7150,193.8373,63.2927,119.5660
179.4857,192.7050,63.2250,119.4246
178.2730,180.8807,63.1199,119.6492
176.2143,184.0796,63.1190,119.6506
177.9744,186.3181,63.0738,119.6813
175.6535,178.9878,63.0534,119.7308
177.7816,179.7812,62.1322,121.3346
178.0211,182.6235,59.8295,126.0456
179.9023,171.2473,57.7711,130.3385
181.9724,177.0357,55.3631,132.2245
177.5407,187.0857,55.4485,132.3092
181.2018,186.8052,54.8462,132.7217
177.5642,186.6756,56.9213,131.2590
177.2125,181.6826,58.7001,129.2421
180.0499,175.4581,58.9224,128.9703
182.6193,171.3677,59.3526,128.6589
183.6258,167.8478,60.0627,127.9735
180.1029,165.6761,60.0998,127.9339
179.1220,168.1262,60.2116,127.8407
181.1688,168.0987,60.3632,127.7158
180.1839,172.4188,60.5754,127.5803
174.3045,174.9725,72.2594,120.6309
174.4324,176.2823,72.3139,120.6001
175.9841,178.2926,72.3141,120.6000
176.9055,176.1277,72.3142,120.6000
175.5007,172.4409,72.3142,120.6000
174.5345,172.7381,72.3142,120.6000
170.3040,172.9299,72.3142,120.6000
165.2624,185.3139,72.3142,120.6000
164.3703,188.2699,72.3142,120.6000
161.1775,191.5070,72.3141,120.6000
160.4501,193.6109,72.3141,120.6000
161.7149,193.4932,72.3133,120.6019
159.3065,195.4813,72.3212,120.6340
158.9243,196.8765,72.3345,120.6430
158.4818,198.5944,72.5227,120.7765
157.9695,196.7493,72.6765,120.7191
155.2116,202.3910,72.9352,120.6535
145.2953,192.4448,73.4143,120.7532
142.2038,196.3555,77.5122,124.2654
139.0853,198.2551,82.2458,128.7220
135.7882,200.1205,85.4483,131.0362
132.4632,201.6764,84.3755,133.1341
131.8754,197.6310,80.2643,136.7491
128.2367,198.6755,78.8280,137.7270
125.3701,198.4648,78.5351,137.8770
125.3009,184.0650,78.3653,137.9924
124.3516,182.3752,78.3406,138.0011
124.4201,182.8790,78.2914,138.0339
122.7311,182.0440,78.2859,138.0399
121.5915,184.8885,78.2509,138.0690
119.6951,187.9924,78.0240,138.3414
115.6742,177.0933,78.0240,138.3414
114.4928,177.1721,78.0240,138.3414
111.2397,177.8977,78.0240,138.3414
110.8038,179.7941,78.0240,138.3414
109.4510,187.5255,78.0240,138.3414
109.7196,192.8013,78.0238,138.3416
107.9493,193.0055,78.0238,138.3417
108.6418,196.9204,78.0238,138.3417
108.1298,203.0849,78.0232,138.3421
110.3087,198.4862,78.0232,138.3421
107.6903,199.3651,78.0230,138.3423
109.2623,204.1687,78.0229,138.3424
109.8914,200.0758,78.0229,138.3424
109.9995,200.5950,78.0229,138.3424
109.0440,200.6543,78.0229,138.3424
108.4961,201.6204,78.0229,138.3424
111.2450,200.6791,78.0229,138.3424
110.6602,200.6654,78.0229,138.3424
113.2765,202.0882,78.0229,138.3424
113.7947,201.8077,78.0229,138.3424
115.0006,203.1176,78.0229,138.3424
115.6310,204.9334,78.0229,138.3424
117.4962,204.1680,78.0229,138.3424
117.5951,204.1622,78.0229,138.3424
118.4746,202.7834,78.0229,138.3424
119.5946,205.0592,78.0229,138.3424
119.3059,200.8212,78.0229,138.3424
119.1669,202.6950,78.0229,138.3424
120.2998,200.6520,78.0229,138.3424
118.6853,200.5525,78.0229,138.3424
119.8057,201.8379,78.0229,138.3424
121.4467,198.7677,78.0229,138.3424
119.5745,203.1089,78.0229,138.3424
121.4654,199.5388,78.0229,138.3424
118.9033,202.1110,78.0229,138.3424
116.0070,209.8683,78.0229,138.3424
115.9566,209.6340,78.0229,138.3424
115.3729,211.6805,78.0229,138.3424
116.6022,210.6650,78.0229,138.3424
115.4099,209.6316,78.0229,138.3424
118.6351,198.2285,78.0229,138.3424
115.6713,190.7807,78.0229,138.3424
116.1622,197.0469,78.0229,138.3424
113.6683,190.6459,78.0229,138.3424
113.4468,191.4659,78.0229,138.3424
114.3656,192.7341,78.0229,138.3424
114.7387,196.3749,78.0229,138.3424
112.5972,191.5287,78.0229,138.3424
105.5238,214.2029,78.0229,138.3424
102.6644,218.1964,78.0229,138.3424
106.3474,205.9501,78.0229,138.3424
103.3911,216.0989,78.0229,138.3424
106.9418,203.2147,78.0229,138.3424
104.8120,216.7481,78.0229,138.3424
109.1735,206.0576,78.0229,138.3424
114.0232,197.3510,78.0229,138.3424
110.1667,221.6415,78.0229,138.3424
114.8422,208.8855,78.0229,138.3424
113.9487,221.3875,78.0229,138.3424
117.7088,221.2122,78.0229,138.3424
118.7669,219.6220,78.0229,138.3424
117.9824,219.8050,78.0229,138.3424
117.9488,221.0796,78.0229,138.3424
116.0813,222.4404,78.0229,138.3424
115.1387,222.8368,78.0229,138.3424
113.5913,230.0925,78.0229,138.3424
120.4986,215.4896,78.0229,138.3424
118.8492,225.9088,78.0229,138.3424
126.2345,213.2464,78.0229,138.3424
123.0192,227.6105,78.0229,138.3424
125.8592,215.3288,78.0229,138.3424
124.0011,227.8203,78.0229,138.3424
125.4723,213.0880,78.0229,138.3424
125.5153,223.9849,78.0229,138.3424
126.2148,225.8908,78.0229,138.3423
132.3026,224.2665,77.9403,138.3114
127.9669,224.5805,77.9319,138.3110
133.6671,228.7950,74.9730,135.6231
133.4997,223.0461,74.8462,135.4266
133.3839,222.7672,74.4326,134.7153
139.9622,222.4860,70.5225,130.5461
135.5344,228.2021,70.1139,127.5237
133.5316,232.2153,71.1008,122.4556
135.7141,233.1935,70.5604,121.2348
135.2657,240.8572,70.8708,121.1479
132.6710,224.8136,70.8540,121.1669
135.5779,232.2447,71.0119,121.3097
132.8749,230.5967,71.5307,121.4616
123.0733,221.3117,74.3024,118.6763
134.3828,227.1526,72.7289,120.3883
135.1651,222.7216,72.2925,120.6333
135.7353,227.8449,72.2882,120.6470
135.3109,230.6521,72.2901,120.6348
136.6521,229.0585,72.3090,120.6878
136.0488,229.5395,72.4786,120.6694
136.3208,228.8722,72.9026,120.5198
139.5891,231.2675,74.3117,120.5887
136.4182,232.1432,78.2518,118.5742
136.9864,230.3435,82.0163,118.2436
134.9962,232.5280,85.5541,116.9819
134.6074,232.6460,88.4570,115.8177
136.1224,230.7642,86.7079,116.0318
132.3404,234.0577,89.4238,114.2173
132.8632,224.4494,90.3341,112.7227
133.0024,225.9271,89.9373,112.5137
138.8643,235.5562,87.3571,113.6259
138.9475,233.9363,85.0282,115.3399
138.9758,233.7039,83.3408,116.8372
139.2232,232.0816,81.5240,117.2860
136.9582,232.1804,81.6598,117.6612
133.9590,234.2191,81.7093,117.6336
137.7540,234.5683,81.7342,117.7704
134.3408,235.3413,81.8011,117.7729
137.8886,235.2977,82.1735,118.6569
140.4288,219.8974,83.0512,118.6885
139.0685,220.9109,84.3535,118.4993
145.2429,234.2257,81.5255,120.9731
141.4184,231.8914,82.1273,121.7897
149.3585,230.7014,79.2054,124.5071
147.9899,216.9245,79.4066,124.3913
152.6156,227.3664,79.2867,124.4229
151.4028,215.0023,79.7571,124.0261
152.1036,216.5552,80.8942,123.0442
151.8247,214.8621,81.2165,122.8375
152.7703,211.4183,81.2770,122.7955
152.3541,205.3753,81.2770,122.7955
155.4140,202.8499,81.2770,122.7955
156.9629,200.8265,81.2770,122.7955
2
0
0
0
0
1
205.7174,219.8887,38.8151,125.1168
210.7014,192.9435,39.7413,139.6807
211.9676,194.7894,40.4613,143.9420
212.5594,194.9715,40.5642,145.8607
212.6505,193.9714,42.9173,147.1418
214.8660,199.4646,46.0138,146.3854
219.0814,197.4944,49.4727,147.2813
222.1665,208.9641,55.1959,143.6145
224.3194,211.4570,59.8514,140.6310
226.5529,216.7852,65.0226,135.5507
219.5528,225.3885,72.6190,128.1353
217.0168,223.5125,78.8105,123.7018
217.5312,221.0488,83.8380,121.8574
218.7342,223.1028,88.3678,119.5016
227.7823,219.3691,88.5581,119.4722
233.4050,215.1603,88.5581,119.4722
2
0
0
0
0
1
305.3685,246.1808,39.5935,87.5963
312.6035,244.3772,39.5908,87.7220
313.9756,247.5332,43.1396,85.9558
322.9485,250.5257,43.3685,85.8700
328.9797,251.8013,46.3270,84.4049
331.2713,247.1694,46.6881,84.1636
333.2892,271.7195,52.4355,80.0736
336.0592,276.3605,54.7550,78.5819
334.1617,272.7033,55.8051,77.8255
333.8007,271.2747,55.8494,77.7959
331.2622,270.1477,55.8612,77.7861
2
0
0
0
0
1
409.1004,240.8089,56.9246,91.3999
405.9290,237.5741,61.6124,88.3442
404.0668,239.0224,66.3760,87.1751
400.9391,234.7059,66.4811,87.3140
401.4194,234.4355,66.4827,87.3160
404.8930,233.8361,66.5705,87.4636
405.9617,232.5876,66.6731,87.6652
403.7677,231.8011,66.6749,87.6717
400.9544,228.2670,66.6750,87.6730
397.1357,226.7643,66.6749,87.6735
394.5491,222.8234,66.6747,87.6741
390.2008,216.8127,66.6747,87.6741
385.8021,215.4125,66.6747,87.6742
381.0248,214.6263,66.6747,87.6743
377.2698,210.9210,66.6738,87.6763
370.6663,208.7355,66.6738,87.6763
367.7505,205.1133,66.6737,87.6765
363.2607,200.4172,66.6736,87.6766
357.7483,198.4633,66.6736,87.6766
356.5069,200.3147,66.6736,87.6766
351.8627,198.9607,66.6736,87.6767
349.5955,198.6639,66.6736,87.6767
340.6775,202.3119,66.6725,87.6782
344.7510,204.6475,66.6652,87.6884
338.5270,200.5542,66.5314,87.8489
338.2355,203.2232,66.4447,87.9830
337.8126,196.9213,66.4366,87.9900
336.3750,194.4398,66.1163,88.3099
335.9852,193.4682,66.0804,88.3859
335.5507,192.1444,65.8539,88.5926
331.8051,190.9847,65.1146,88.9316
333.0266,188.7666,63.4715,89.6560
335.5072,185.8160,61.9610,93.7443
330.9668,181.1897,60.8947,93.9385
330.2484,179.3194,60.2874,94.2447
330.2894,180.7367,59.8373,96.1377
331.4371,177.5496,59.2074,96.7798
330.2874,177.2445,59.2620,97.5481
332.9364,178.2804,59.0669,99.5494
335.2260,177.0212,59.2396,100.5676
336.1697,178.5186,59.0273,99.9064
334.9957,179.2386,59.2895,99.6322
334.0135,180.4325,61.2107,98.2865
332.9944,182.8076,61.7605,96.5751
334.8455,182.5957,55.9713,100.8258
329.6069,181.1372,53.2096,103.3379
331.1634,181.7558,49.8992,105.3609
333.4605,179.7382,48.4355,108.0736
331.9904,178.6046,45.9799,110.2716
332.3815,178.8929,45.5172,110.8485
330.8814,179.7016,45.2168,111.3683
330.5000,180.6508,45.9295,111.4235
328.8769,181.9122,46.8986,110.9502
327.2654,181.5539,46.8229,110.9635
331.5489,181.6359,45.5091,110.3078
326.7017,185.2883,44.0612,110.2807
330.5146,183.5402,42.5393,109.3544
330.6630,186.2379,42.0706,108.8767
327.8774,186.1724,41.1603,109.2220
327.6813,182.5633,39.9992,110.5013
325.7201,179.7000,40.0462,111.2138
323.8542,170.3486,41.6090,113.2396
321.1947,170.8134,43.2371,113.9784
316.6312,175.8094,46.0742,112.5193
313.4943,175.6105,48.4963,112.3030
309.3569,174.5762,50.5692,112.4859
311.8239,175.5758,51.5797,111.8387
308.9598,176.7303,51.8051,110.5968
309.5347,177.6853,52.0549,109.3463
305.5863,179.3795,52.0958,111.1263
308.2647,180.2657,52.2035,112.3629
306.3510,180.0811,52.4657,114.2237
304.3823,182.7204,53.3785,112.9120
303.4044,181.9852,54.0149,113.4616
303.7900,181.9190,54.5833,112.7606
301.8046,184.4632,56.7884,111.0441
298.7877,185.9411,59.4054,109.6115
296.8852,187.2982,60.5027,109.9313
293.5533,186.3692,62.0496,111.3338
291.5698,183.7589,62.7704,113.4614
293.0861,181.8021,63.1563,114.5777
289.0912,182.6760,64.5613,114.0849
287.3398,182.8317,65.0071,114.0498
288.1442,181.6040,63.4545,115.3123
285.4096,181.1479,62.6021,116.1539
284.3960,174.5020,62.8769,116.2899
284.2710,175.1375,60.9539,117.6173
286.2292,175.0525,59.3387,118.8684
289.7112,174.3725,58.0309,119.8831
290.9118,174.3056,57.3099,120.7113
290.5898,173.9927,57.4214,120.7101
291.6424,175.2038,57.4369,119.5644
289.9496,176.7354,59.1660,117.9812
288.0363,176.4095,62.0681,116.5830
284.6133,177.6499,64.5574,113.9844
281.4245,177.2308,66.9749,112.7485
281.7310,176.6150,69.8610,112.6920
278.5959,176.7249,71.0284,113.1960
277.8669,176.7514,72.4512,114.3865
277.0265,178.2868,76.2067,110.1454
274.4901,179.6207,77.4166,108.0143
274.5064,175.6859,76.6467,108.5713
275.6846,175.0803,72.7027,111.6635
277.3105,171.5820,67.1486,113.6547
280.4469,167.6005,63.2861,115.8980
279.3246,168.0847,59.9277,116.1355
281.6504,166.3701,59.1440,115.5876
280.5414,164.9120,57.9963,114.7332
283.0017,165.3226,58.1478,113.7993
282.9805,166.9687,57.7004,112.8465
286.5275,165.2522,55.7870,113.0742
288.7361,164.0860,54.2462,112.7881
292.2061,161.7376,53.1477,113.7198
293.9507,159.5573,51.2458,115.1515
299.1400,158.6010,50.0601,116.5146
300.9665,158.4793,48.0195,117.4542
305.3295,156.6075,47.2400,117.8669
307.9941,157.1778,47.6518,117.4237
309.8594,160.9158,50.0876,115.1317
310.8329,159.6781,51.8479,114.1139
312.0709,161.7669,54.5111,114.2467
312.5298,160.0271,55.1103,114.1409
314.1221,159.4253,54.9901,114.3113
314.3203,160.4344,56.2962,112.9841
316.5108,159.6055,57.6342,112.2959
317.0651,160.6658,58.8184,112.3155
321.6874,162.3196,58.8786,112.0302
323.5344,164.4761,58.8693,111.9861
324.4547,163.6587,58.8584,111.9540
324.2665,164.6764,58.8584,111.9406
315.6000,157.3658,59.6203,111.4610
316.6382,149.9830,59.8818,111.3230
317.8689,152.5566,59.9460,111.2943
319.9189,159.6197,59.9462,111.2973
321.5086,145.5232,59.9462,111.2974
319.4259,141.8020,59.9462,111.2975
319.2113,132.6845,59.9455,111.2993
317.6019,132.7027,59.9597,111.3016
315.8135,135.8236,59.9615,111.3024
316.3989,128.8309,59.9347,111.4203
316.6292,128.5921,55.8160,116.2913
318.6140,123.7924,51.6560,121.3820
318.2696,124.4758,51.0820,122.9651
320.3801,127.7741,49.2260,127.4477
322.6846,144.3936,49.4865,127.1301
322.6062,138.0890,48.4066,128.5404
322.1722,147.5097,48.2536,127.9102
318.7493,150.4677,48.2645,127.8557
317.4629,160.1539,48.5533,127.5779
315.1946,161.3319,49.4802,126.8356
312.4896,176.1196,51.0283,125.7452
311.8761,170.0739,54.2457,123.4558
310.8068,172.3565,56.0638,122.3722
311.6821,174.1058,59.9032,121.1546
312.0485,174.3891,64.0312,119.5359
313.9526,162.6973,65.3173,118.4707
314.6769,170.9491,67.9980,116.9864
324.8846,160.7762,70.9015,113.0522
324.4103,164.2858,72.8653,111.1715
324.4862,166.9054,74.6116,109.5202
320.4808,165.5042,74.6274,109.4431
311.1085,181.1851,74.3402,110.4881
308.7302,170.5422,74.3341,110.5019
304.5708,169.2702,74.3278,110.5159
306.0947,174.3072,74.3277,110.5162
305.2098,168.6251,74.3277,110.5162
303.9570,159.3362,74.3277,110.5162
304.3209,149.1762,74.3277,110.5162
299.8787,172.4061,74.3277,110.5162
308.2180,183.6980,74.4648,110.6979
313.1742,181.8148,75.9316,110.2747
319.0947,186.3527,76.3999,110.2374
315.4816,210.0080,76.4001,110.2393
329.1776,207.0058,76.8931,110.3705
332.4772,208.8062,77.1150,110.3720
335.6586,211.8197,77.1835,110.3932
336.2520,212.3749,77.1838,110.3932
334.7307,211.8578,77.1838,110.3932
335.1626,214.1374,77.1838,110.3932
332.4147,215.3227,77.1838,110.3932
323.9027,232.3692,77.1838,110.3932
325.3913,230.6840,77.1838,110.3933
321.0780,235.1253,77.1838,110.3933
320.9766,233.7285,77.1838,110.3933
330.6703,219.4229,77.1838,110.3933
2
0
0
0
0
1
345.6993,211.0938,31.4924,115.4920
346.8200,197.1747,34.7339,126.3222
345.3591,197.7538,37.2258,135.0670
346.3632,197.7288,38.8864,142.7418
343.9333,193.5135,41.1483,141.8649
344.0148,193.6039,42.2267,145.2989
344.8561,188.0910,43.1330,148.6317
341.4909,185.9081,44.3688,146.1233
2
0
0
0
0
1
340.8995,209.1333,35.4830,103.4150
336.8850,219.9362,39.5808,105.2916
336.0581,215.8257,41.6335,110.0069
334.2126,217.6189,43.3769,110.9012
333.3354,222.8133,47.0860,112.2922
332.9951,202.0735,47.0860,112.2922
337.1147,198.4694,46.9482,118.4497
337.3467,191.6807,46.6444,121.3152
336.5574,194.8675,48.2676,121.0766
335.6496,190.8927,49.2264,122.0609
333.3202,192.8082,49.1698,120.7437
331.2189,193.9845,49.0237,119.7556
330.3240,193.4070,47.1189,120.5010
330.6770,189.7756,46.2955,118.7734
328.7929,193.9453,45.9417,119.4891
325.6104,195.5463,47.8977,118.1312
319.4973,201.9257,52.2449,110.0288
319.7538,201.8785,53.8216,104.6405
326.3726,209.3637,53.2551,104.0975
325.8264,213.2218,53.0770,103.5900
324.9049,214.3483,53.0114,103.5248
324.6463,213.4263,52.3228,104.7770
332.3644,204.1582,52.3228,104.7770
329.2283,197.9476,52.0045,105.3334
326.5485,199.3138,47.9575,109.0645
325.4979,200.7657,47.9574,109.0646
320.6784,212.3402,47.9699,109.0493
319.9027,208.3784,47.9702,109.0490
312.7647,207.0421,48.0794,108.9916
314.5004,203.3859,48.0794,108.9916
312.5104,191.1766,48.0795,108.9915
