1
508.7473,198.0479,54.4197,30.2600
502.8427,197.6088,54.7432,30.3838
492.7332,198.4078,51.2542,30.9011
480.0144,200.1424,49.8826,30.6789
476.3643,200.3412,49.1956,29.7486
461.1495,197.3142,47.3444,29.6133
442.8040,192.9816,45.8679,29.7847
439.3704,192.5359,44.0099,30.1102
426.5023,190.1194,41.5573,32.0852
414.8052,189.2232,40.1507,34.6601
409.7992,186.1340,39.2270,37.1273
398.3942,179.5138,38.7582,38.6540
385.2247,177.1763,39.0562,39.5913
378.3155,171.9184,39.6008,40.5686
363.8457,169.3685,40.2815,41.0204
351.5779,171.7722,40.6934,40.6846
346.5316,170.3636,40.4021,40.0720
333.7738,165.2517,40.7230,39.3891
325.3764,164.5981,42.1551,38.5081
316.4534,161.7260,42.9215,38.5541
297.8739,162.4355,41.9651,39.6733
286.6061,157.8370,40.5191,40.1302
277.3052,151.4584,40.8077,39.3889
267.8968,154.8214,41.0368,38.5787
262.5087,156.0263,41.7295,37.5965
252.3624,161.8550,42.5365,38.0918
240.5771,156.4763,44.8451,35.6333
226.5771,157.4863,42.7048,37.2600
227.3875,162.8463,42.2790,38.0136
231.4610,167.7669,41.7009,36.5599
231.3930,168.8232,40.8810,36.7113
219.8338,150.7590,40.2112,37.8375
206.9202,149.7950,39.9381,38.5592
196.5918,133.3971,38.9435,39.5561
180.0888,140.3568,38.9561,40.8034
164.4994,147.1194,39.9289,39.9811
156.8297,158.5056,40.5583,40.0013
150.8115,167.1330,40.7538,40.0989
167.6166,172.9101,42.1698,39.3916
164.5640,183.0433,45.7537,36.9562
164.3929,184.8846,49.1840,34.6263
169.0724,189.0199,52.3670,32.7604
173.1839,196.0210,54.0659,32.0647
174.0188,195.6106,55.6114,31.7934
175.0204,197.1737,55.9909,31.6211
179.1297,200.4761,56.3343,31.8723
175.8956,195.8187,53.7262,34.0647
2
0
0
0
0
1
161.4849,174.6705,35.4808,35.8890
164.9803,176.0641,34.8464,36.7102
165.3365,175.7254,34.4110,37.2647
168.5082,173.9196,35.0397,37.6107
170.0113,173.9716,35.1347,38.1248
170.5945,173.7453,35.2623,38.0066
173.3613,174.1665,35.9724,38.3955
176.1633,176.9880,36.3299,38.4518
178.2550,176.3478,35.9254,38.2713
180.8331,182.0200,35.2318,37.1239
183.1699,181.3313,35.0396,36.6123
184.1401,178.7620,34.6110,36.5349
185.6218,180.6561,33.7905,37.7622
188.4865,181.0382,32.9856,38.4413
190.8800,180.2570,32.2810,39.5199
195.5725,183.4722,31.7483,39.8207
202.5527,183.7754,30.9775,40.1994
202.5791,186.3722,30.5065,40.3695
209.5610,186.2451,30.8251,40.3600
212.2403,189.2070,31.3034,40.3634
213.7463,191.4770,31.8514,40.3274
215.4138,195.7907,32.7365,40.1707
219.1055,199.4073,33.2313,40.7122
220.7177,201.0849,33.6655,41.3907
223.4896,204.1198,34.5563,41.0667
225.1017,207.6424,35.5067,41.4338
225.8703,209.3853,36.3754,42.0437
228.1311,214.8538,37.9287,41.2419
232.8411,220.2884,39.6946,40.4509
235.5103,222.9111,40.6792,40.4175
244.0758,222.5082,41.6072,39.7503
242.4075,229.0873,41.8269,39.4629
243.4674,229.7571,41.4145,39.7183
245.9374,231.1277,41.8181,39.7416
249.7477,236.3187,41.6678,39.8829
256.4319,239.8826,42.5988,39.7631
260.8175,245.0709,41.9681,39.6482
272.3723,242.6293,41.4639,40.0085
278.7995,238.7243,40.3410,40.8352
286.7190,239.9535,39.9174,41.3095
291.8394,238.7702,40.0339,40.9819
298.6187,245.0712,39.7605,41.2080
2
0
0
0
0
1
264.1734,255.5807,52.5537,33.5202
264.9736,259.1924,52.3201,34.0025
264.1712,262.2795,51.7147,34.6013
264.4029,263.3670,50.9932,34.8532
267.0018,266.3334,48.2671,36.3286
269.6902,270.5190,46.6897,36.9999
271.1191,271.5900,45.2590,36.9252
273.4674,274.8606,48.1606,34.7788
275.5609,278.2846,46.8074,35.8815
275.8385,280.3502,45.9223,36.8983
274.2230,284.8421,44.8226,37.3983
283.6741,290.0917,44.6743,37.9245
290.4360,292.8387,47.9266,36.3587
287.1546,295.2044,47.1730,37.4567
278.7326,291.3166,47.0922,38.0680
277.5216,291.0159,47.4499,38.0798
274.8826,291.2523,48.3181,38.0712
272.7868,292.7704,48.9220,38.6535
270.9543,292.8282,49.4113,39.0610
269.6379,294.2492,50.2794,39.3904
266.6341,294.5239,50.5272,39.7530
264.2696,295.5159,50.4571,39.4920
262.7570,296.7124,48.8970,39.7085
259.9204,296.9427,46.0160,40.0454
261.0963,297.6498,44.3938,40.1186
260.6535,301.3321,43.5395,39.9084
257.5444,303.7882,43.4920,39.7988
256.2070,304.3075,42.8906,40.2677
257.5862,306.8734,46.7173,38.1677
253.5563,309.6013,51.0298,35.7473
251.6523,311.0511,53.8445,34.3919
253.8553,311.4281,56.3525,33.3381
253.9962,316.2397,59.5351,32.6761
250.0732,318.9204,60.9708,32.4785
249.8676,323.6318,61.5949,32.4519
246.5775,330.2391,62.5845,32.9013
244.9095,333.9103,62.5327,33.5569
241.5155,338.9023,59.9520,34.6093
240.7511,342.5533,58.6357,35.0236
239.7762,344.0643,57.5913,35.2313
265.7124,345.4265,60.1504,34.3453
279.2223,345.8264,60.1377,34.0632
281.5993,346.1910,60.2497,34.0822
283.5368,346.6001,59.9596,34.3688
2
0
0
0
0
1
235.4440,336.9594,44.5421,38.9047
235.6128,335.6076,43.8988,40.8684
236.7487,335.0480,43.9459,42.3147
236.4992,334.0894,45.4239,43.5417
238.0719,333.0055,46.9021,44.6739
242.6245,330.6219,47.8036,45.4528
