1
313.2317,539.3693,15.5806,49.1845
308.9474,527.0616,16.1337,49.5845
306.4952,530.9683,16.8064,50.1585
323.4968,522.4233,18.7009,49.0720
316.0597,520.0855,20.3373,48.1930
292.6566,499.1582,21.2603,45.8937
291.6145,481.6987,24.5640,41.5605
2
0
0
0
0
1
344.1935,424.2354,16.3325,44.3774
353.4700,429.0948,17.5481,43.3003
371.2020,435.5716,18.4338,41.9314
385.1783,435.8963,19.6006,41.8600
388.2924,424.5610,20.1794,41.5288
372.0604,416.4725,21.7086,39.1395
370.9479,411.8162,21.5956,38.2496
370.6973,410.4082,21.7749,37.5336
371.3417,401.7722,21.4978,35.8370
363.8846,396.6685,23.3137,34.6390
353.5302,391.0877,23.1100,34.1288
348.1498,384.0235,22.1732,34.3520
349.4982,377.5610,21.5991,34.2846
347.2869,360.0340,24.4461,31.7997
2
0
0
0
0
1
409.4500,250.0963,21.6128,41.6280
427.4564,259.8760,22.7995,39.6194
440.5722,270.2491,22.0501,40.4717
446.4764,278.0077,21.1320,40.3526
446.9645,279.2713,22.4074,40.4839
430.8393,294.5337,25.5648,36.8864
430.5345,293.6878,24.7099,36.5364
423.7827,306.3368,27.6414,34.5185
2
0
0
0
0
1
274.0550,290.6921,26.4095,50.8405
262.6187,278.2256,25.8740,52.2220
248.1757,275.7352,26.6942,51.4312
246.7238,268.8768,26.7098,49.7013
263.2655,270.2148,30.5488,46.4830
287.3996,282.0721,34.1156,43.9644
313.5232,302.4415,35.6187,43.8262
332.3353,310.5002,33.0282,43.6544
326.7516,312.7088,32.2273,43.6373
330.1948,308.6462,31.3978,44.2179
339.0446,323.0099,29.4326,47.1326
341.8432,339.6433,27.3843,50.1015
343.6203,367.2431,26.0748,51.4668
339.7498,370.6609,26.6428,49.8635
321.1295,368.3534,27.0008,51.4571
301.4478,356.1925,27.8381,51.8903
292.6258,341.5610,26.0582,56.8922
292.5644,340.8814,27.0876,57.7920
298.1737,338.1221,28.5158,58.5410
294.1828,348.6600,29.2675,59.1747
293.2183,343.6245,30.1033,59.4634
297.7108,341.3191,30.1841,60.7474
296.3761,327.5680,28.2742,65.7794
287.2377,335.2105,26.9556,68.7835
290.1216,340.7632,26.9800,69.6650
307.2722,342.2428,25.2010,70.5853
301.3875,341.4332,26.3598,70.0355
286.2132,325.9546,26.5555,71.7493
286.1887,322.5385,25.3988,73.5265
290.1114,332.5348,25.0191,73.0716
300.8604,334.6107,24.1450,73.0923
300.5001,344.2258,24.1695,73.3548
305.2769,343.7989,24.2469,73.6788
315.4270,348.3282,24.0473,73.1620
318.3038,360.4139,23.8231,73.5936
328.7153,359.3337,25.7470,71.0504
333.1135,356.8698,25.3029,71.8426
333.9013,343.0415,25.6529,71.7127
342.9409,334.2852,26.1095,72.2268
366.3038,336.9582,28.8232,70.7361
390.4633,332.6805,29.4418,70.4494
392.1396,317.3081,29.4727,72.8690
389.4937,314.4251,27.6915,73.0003
392.6370,309.4572,27.4578,75.2311
407.8109,295.5581,26.9486,74.2360
410.8760,305.1077,26.4001,74.8439
432.6445,302.9674,28.2079,74.8965
455.4728,304.9090,27.8548,75.5638
464.6271,316.1349,27.0962,75.1103
474.2559,311.9531,25.9470,75.2989
476.3719,301.8671,25.4086,75.2680
480.1111,302.1587,24.9783,75.6956
490.2044,295.1259,25.2250,75.9846
506.8683,279.7889,26.2013,73.6362
518.2925,278.4169,27.5435,72.7525
534.6273,266.9088,28.3878,72.1225
550.0189,257.0458,28.5142,73.3490
559.2294,247.1842,28.5749,75.0293
567.7181,227.9985,28.5527,76.8397
576.7669,212.0024,28.4173,76.2840
586.9666,206.2169,28.2165,76.1888
598.8928,204.1936,28.2884,76.6072
604.8068,204.4617,27.8126,75.7065
597.5168,194.2357,28.3507,78.4088
580.1660,190.5932,27.9576,76.2796
576.3545,196.5472,26.8701,74.8236
565.0422,185.4782,28.0963,76.9179
539.7708,174.2486,30.1622,74.8322
520.9868,167.0053,32.2245,72.4179
513.5428,155.5336,32.3276,71.7989
503.2560,141.0032,34.0913,70.0044
469.7552,143.9372,36.6647,67.3736
453.1048,146.8581,34.4554,68.5976
452.8678,150.8118,31.3058,71.8922
462.0723,158.8352,30.6649,71.2091
478.4172,165.9868,30.8081,71.0696
486.4212,172.5406,29.9842,67.9162
488.5160,170.6173,28.8397,68.1774
499.3089,167.8924,28.0974,68.6975
513.9241,161.6866,28.7329,68.4852
534.6439,161.1852,29.0280,69.5404
