1
295.0467,144.4271,45.3688,148.9364
294.6512,143.2188,46.8084,150.4291
295.9057,142.9939,47.2078,151.9075
296.6062,142.6986,47.4603,154.2050
297.3291,142.3236,47.5354,156.1840
298.1360,141.6970,47.1346,156.7355
298.1887,141.7787,47.1523,156.8385
299.0903,142.2535,46.7877,156.3725
299.0379,143.0483,46.2642,156.0464
297.5976,142.5370,45.6605,155.4951
297.1270,141.7550,45.8254,154.3572
294.3249,143.1987,45.7813,153.4128
292.1600,142.1287,45.5488,152.6118
289.1674,143.1162,45.1108,151.7285
287.3057,144.0806,45.3619,150.4930
286.0194,144.4594,45.3129,149.5610
282.8699,145.2504,44.9000,150.0458
281.8586,145.0950,45.0815,149.6001
279.3934,146.7729,44.6571,149.2795
277.7698,145.7178,44.4456,150.8382
274.7341,146.0909,45.3824,150.3562
272.8293,148.0885,45.8445,149.1369
272.9705,149.0680,46.3363,148.1488
272.0346,152.1442,46.8584,146.1605
272.6391,153.2707,47.0039,145.1952
271.6986,153.5005,46.8740,144.9537
270.3513,152.8121,46.9438,144.2223
269.9958,157.7356,46.6220,140.9898
270.7070,157.4163,45.9888,140.7081
269.3315,157.8904,44.8383,140.6665
268.5784,157.7689,43.9590,141.4524
267.9908,159.0162,43.4233,141.1133
267.3710,158.8197,43.3340,141.0966
265.6585,161.2966,43.0146,140.3236
264.5050,161.4368,43.0081,139.7533
261.8098,160.6185,43.3155,139.5134
261.0290,159.8416,43.2014,139.4542
259.7946,159.8351,43.1641,139.9184
257.3987,160.1265,42.8714,140.0862
254.4939,160.3760,43.0210,139.4569
252.6742,160.9402,43.2002,138.6561
251.6248,162.2108,42.9600,138.5614
251.7166,161.9858,43.1367,138.0511
252.4682,161.0607,43.5135,138.5229
253.2047,161.3666,43.4807,139.3450
254.7317,162.1774,43.2760,139.9315
255.5850,161.7154,43.1095,139.4383
258.4030,158.5067,42.9867,141.0648
258.7737,157.6149,42.7667,142.3994
258.6577,157.5071,42.5462,143.0536
257.2676,158.3946,42.4962,142.9167
255.4968,158.1035,42.6724,142.6282
253.9635,158.3758,41.9578,142.0064
252.9507,157.6343,41.7964,141.7663
252.4496,156.1692,41.2397,142.3685
252.2390,155.1986,41.0037,142.6033
252.3525,149.5573,40.5215,144.7538
252.0481,148.1863,41.3008,146.6380
249.8393,147.4115,43.9321,146.0107
246.3351,144.5386,47.4204,146.0008
244.8964,141.8210,49.2904,146.8546
244.9943,141.5154,50.1025,147.3299
244.5947,143.0154,50.1304,147.4926
243.4271,142.9979,49.8461,146.9733
244.3283,143.0758,49.6319,146.1244
244.2909,141.0934,50.1759,144.8284
243.7731,141.3541,50.1222,143.3249
244.9199,141.4728,49.7629,141.5826
244.4336,141.5623,50.4835,140.1007
243.1556,141.0821,51.0369,141.3889
244.7851,140.9597,51.1809,142.4796
244.0340,141.4386,52.2285,142.7037
244.7764,143.3558,51.9667,143.5505
244.4058,143.4269,52.2942,142.4098
244.3231,143.7473,52.6955,141.2331
243.6600,144.7360,53.1393,140.2162
243.6224,143.7133,53.8288,139.0398
243.7258,143.6897,53.4480,139.2567
245.7529,141.1044,53.8471,139.8814
245.7567,141.0431,54.5715,140.4709
245.4635,140.7622,54.3289,141.8579
244.1383,140.6696,54.4232,142.0215
243.6978,140.6875,54.9951,142.3105
243.8791,141.4367,55.0390,142.8296
243.5317,141.2267,55.4789,142.9169
242.7427,139.5530,56.3778,141.1246
242.1110,140.0876,56.5225,139.3317
242.2803,139.7951,57.1939,136.7552
242.1644,139.4014,57.9043,136.1357
242.3663,138.1609,58.6201,136.4888
242.5199,138.3613,60.0708,136.9329
242.9900,138.5974,60.9051,137.1312
243.1609,138.0260,62.2456,137.5289
243.6020,138.2822,63.0102,138.7846
243.9935,138.5603,63.8343,140.1649
244.9578,137.2066,64.0931,141.1969
245.9540,135.7074,64.6047,141.3645
247.0486,135.9470,64.4096,141.3313
248.4276,135.9857,64.1628,141.9834
251.0265,136.1120,62.6699,143.2960
256.3547,134.9800,59.8408,143.4300
260.9814,136.4434,56.7485,143.7181
265.4272,135.7821,53.8438,144.6662
269.9594,136.4083,51.4155,145.0057
279.9125,139.0542,49.2253,144.8761
268.3307,143.5891,49.5667,148.1513
261.5254,172.6613,52.8832,145.7357
274.2990,192.7998,55.9107,140.4761
276.2732,203.3274,61.1319,133.9787
290.2125,198.0796,60.4954,133.3953
292.5456,207.3540,62.6323,129.6249
302.3278,171.5862,58.7587,134.8600
313.3963,205.0124,58.9168,132.1764
320.4208,199.2766,58.5978,131.9379
2
0
0
0
0
1
276.1539,149.8624,45.8008,100.1753
276.2392,147.2119,46.3288,102.8840
276.0526,146.6381,46.5369,105.1369
275.7645,145.2693,46.8565,106.2581
277.0154,144.8972,47.1153,106.4560
277.0716,145.4204,47.3420,107.1353
277.8930,145.4610,47.4778,107.4597
276.7366,146.9936,47.5450,109.2584
275.9382,146.7329,47.8371,110.9052
275.3627,147.1862,47.6792,112.9272
276.0284,147.0333,47.5804,115.0884
274.6136,146.8597,48.0708,116.9226
272.9846,146.3528,48.5177,119.5144
271.5367,147.1427,48.7793,122.1433
271.2969,146.0977,48.7837,125.1809
271.7614,147.1052,47.8744,128.3963
271.2845,145.1987,48.1851,130.0288
271.4230,144.3801,48.3719,131.3528
271.6204,144.4115,48.4765,132.3241
271.4453,143.8566,48.4314,132.9522
271.3336,144.5969,47.6984,133.2946
271.0731,144.3205,46.7026,134.2533
271.5226,143.3916,46.3408,134.2293
272.4022,144.1381,45.6332,134.1743
272.5228,141.2936,45.6137,134.1385
273.9466,142.2574,45.2873,133.7499
274.0264,141.0781,45.4813,133.8380
274.9019,142.1834,45.3206,134.6223
275.3871,142.9440,45.1039,135.9279
276.0368,143.3453,45.0195,137.5387
277.0880,144.8719,45.4516,137.9802
279.3270,147.4193,45.6584,137.0533
279.1860,145.6038,45.9942,136.6582
281.2518,147.5561,46.7424,135.2219
281.6241,149.1332,46.8988,133.8508
282.0458,148.5774,46.7958,133.5233
280.6385,148.5379,47.2493,132.9869
280.0783,150.6411,47.9696,132.9806
278.8738,151.0321,48.4040,133.1503
276.2952,152.1674,48.7484,134.5322
276.6123,150.7610,49.1389,136.3630
275.6877,149.9504,50.3586,136.9829
274.9109,151.5553,51.1021,136.6889
275.3458,151.9622,51.1253,136.0953
274.8644,151.8975,51.1257,135.9340
274.3596,154.1637,51.4655,135.4139
274.7130,153.6143,51.7118,134.9326
275.2924,155.6390,53.1366,133.5445
277.0269,156.6236,54.2110,131.5665
278.6046,157.2533,54.5348,130.3774
279.8548,155.9777,54.3574,130.7776
279.6300,154.6605,54.0201,131.2086
281.7569,154.3205,54.0103,132.4444
283.2152,152.9801,54.2150,132.9809
283.8154,154.3192,55.2077,132.9685
283.3875,154.2494,55.3923,134.0966
283.0010,153.2749,55.7409,134.9277
283.5689,152.7791,56.2656,136.4660
283.6515,152.1495,56.7772,139.3271
283.8982,151.5118,57.0630,141.0703
285.4882,152.2055,56.3474,142.2062
287.5263,153.4747,55.9257,141.9358
288.3354,153.7635,55.8014,141.5256
291.8035,153.2301,54.3795,142.2479
292.5654,152.8403,52.6098,141.1650
294.3898,153.3776,50.8129,139.8310
295.0038,154.7353,48.6119,138.1403
294.6500,155.9033,47.0585,137.1209
295.6553,155.7285,46.0807,136.2098
295.7778,157.0269,45.6661,135.5417
294.8004,157.0148,45.8233,134.9438
294.7402,158.9653,45.6386,136.4849
295.0616,159.1020,45.8211,137.1029
294.8378,160.4658,45.9365,137.5576
294.6949,160.1970,47.0409,137.0194
294.0416,159.5462,48.6727,136.1868
293.3177,159.2856,48.8473,135.6076
292.0427,157.6928,48.6919,135.6702
292.6422,157.3215,48.3499,135.3562
292.5833,155.5654,48.4316,135.4312
292.9204,155.8662,48.4798,135.9392
293.6675,154.3408,48.5806,135.9834
296.1099,150.1763,47.8009,137.9229
299.4852,149.3703,46.2448,139.8297
303.3781,147.7278,45.2983,142.1064
307.1453,144.3156,45.0692,144.5394
309.8700,141.9130,47.0605,146.5175
310.5678,138.7717,48.6219,147.8920
310.6339,139.2170,49.4887,148.5227
309.7954,139.0737,50.3348,149.0397
307.9344,136.7231,50.6582,149.8267
306.1189,136.2457,52.2663,149.5684
304.7881,134.3967,54.2499,150.0105
304.8592,136.6976,55.1803,150.0110
306.1645,140.7082,56.3275,149.1471
307.6343,141.6058,56.8518,147.5372
308.5450,145.2834,57.0141,145.5269
308.7039,149.0837,57.3410,144.0830
306.5914,148.6773,57.2547,143.4184
306.9332,153.1078,57.3811,141.9098
307.4821,154.7762,57.9022,139.1143
308.4598,158.0833,57.6322,137.1667
309.3963,157.9508,57.4665,135.8481
308.4920,157.6075,58.0932,134.7673
309.2254,159.0131,58.4416,133.4963
308.2847,158.7852,58.8360,132.2302
308.7066,158.9030,58.3432,132.1699
309.8913,159.8186,58.3145,131.3645
311.7851,160.0472,57.8794,131.5934
311.4375,159.1542,58.0127,131.6297
313.1267,159.7700,57.4354,131.9261
314.3173,161.0316,56.7226,131.4113
316.1836,159.1848,56.6754,131.8321
318.1383,159.6876,55.9841,131.1236
321.1268,161.9001,55.2342,129.3758
322.7813,163.6511,55.2495,128.0045
325.6532,161.1672,54.7949,128.6386
327.9466,161.9552,54.5661,129.2088
329.7519,163.6493,54.4530,130.0934
331.8893,163.0492,54.6672,130.0505
333.9220,163.4361,55.2291,130.3179
336.3024,165.5532,55.7485,129.0120
338.8871,166.5224,56.0462,128.8216
339.9357,166.4244,56.2813,128.6465
341.1824,164.3485,56.2718,129.5606
341.9050,165.2822,56.2371,130.9668
342.6559,165.5178,56.4063,130.1729
342.3701,165.7882,56.4082,129.7890
343.2729,165.9036,56.1056,130.1217
344.8800,163.8328,55.9330,130.6109
345.7749,164.7762,55.4640,130.8471
347.6637,163.6357,55.2349,131.8228
350.9409,164.7040,54.7376,132.1118
353.1414,164.4505,55.3326,132.1259
356.9202,164.7149,55.5123,132.4803
360.3573,164.8591,56.0715,133.0215
363.5196,163.8018,56.1553,133.3967
365.2170,162.8764,56.5736,133.8336
369.3828,162.0622,55.8405,135.2913
372.9380,162.0659,55.2571,136.7981
376.3075,161.1328,54.4963,138.2659
379.7203,161.2533,53.4532,139.6636
382.2314,160.0132,52.6257,140.0732
384.5053,160.7257,52.1412,140.1186
386.4974,161.9194,51.6296,140.0766
388.4120,162.5651,51.6424,138.9655
391.1622,162.9784,51.1316,139.0452
392.9682,163.1495,51.0851,139.2663
393.6135,163.9432,51.8406,138.1638
394.5727,165.3864,53.4459,136.7598
394.7509,166.7176,55.1097,136.2876
395.0241,169.7487,57.0468,136.0848
395.6394,171.1873,58.8495,136.4008
396.6219,172.4544,60.6275,136.2599
398.5515,173.9250,62.3337,136.6427
401.4025,173.9971,63.4626,136.6049
404.1676,173.3066,64.8424,136.4580
405.9839,173.6081,65.7602,136.9181
409.1508,172.8980,66.1640,137.4520
411.0952,170.2425,66.9169,137.6894
413.7927,167.5285,67.3263,137.7340
415.5068,163.7865,66.4381,138.4229
418.5651,163.1290,65.4701,139.5616
421.7026,160.5072,62.9628,140.8029
424.3524,158.2419,59.6386,141.8069
427.6893,157.5207,58.3077,141.5620
429.0988,158.7556,58.1510,141.5353
430.3033,158.3418,58.3970,140.9864
430.6317,158.2397,58.4993,140.5223
430.4719,158.3806,58.6568,140.6230
429.4388,157.8752,59.1452,140.0780
428.2963,158.2122,58.9528,139.9235
427.2544,156.5203,58.7881,140.1575
425.0847,157.9734,58.8494,140.5210
423.5007,157.7517,58.7365,141.5466
420.7378,158.1058,59.1847,142.1531
418.5874,158.4362,59.3550,143.5715
415.5868,156.9371,59.9580,144.1862
412.8504,158.8879,60.2535,145.3054
409.8668,159.1193,60.8895,145.9874
406.2162,158.9654,61.2912,145.8819
403.9043,158.8095,61.5335,143.9731
400.7034,157.8180,61.3370,143.0516
397.6093,157.6622,61.1574,142.4285
396.0258,156.9253,61.1264,141.8576
393.5729,156.9650,61.2519,141.1068
392.4736,157.3964,61.5552,140.2737
391.8440,156.5283,61.7458,138.9581
391.4004,156.7094,61.9732,137.7558
390.8711,156.7479,62.3935,137.0881
391.4161,156.7951,62.2502,137.3541
392.1941,156.6022,62.0480,137.2825
392.2724,155.6750,61.6652,137.5881
392.5542,153.4023,61.7556,136.5257
393.1856,152.7994,61.5830,136.3944
393.7809,152.1458,61.3886,136.6933
394.4829,152.1813,61.2190,136.6553
395.3051,151.8112,61.2992,136.9394
395.9393,151.3448,61.5236,136.9813
395.8416,152.0610,61.7548,137.8418
396.2369,151.1102,62.0735,138.5503
396.1160,149.9022,62.2965,139.5006
397.0552,150.1613,61.5232,143.1611
396.8411,150.2200,60.6600,145.0298
396.6179,148.8262,59.2620,145.4042
396.8799,147.2091,58.7696,145.6038
397.3500,146.8524,58.2530,146.3348
397.1811,143.4462,58.4458,145.9345
397.0233,143.5979,58.1387,146.5991
396.8033,143.8534,57.0979,148.4730
398.2324,144.7213,55.2664,151.3479
400.0034,143.7251,54.1146,151.9304
400.4818,143.8497,53.3381,153.0885
402.4249,144.4259,52.1326,153.4504
403.8338,143.8573,51.4575,151.9911
405.0575,142.4280,50.9640,152.1065
405.6873,142.8554,50.6790,153.8474
406.8549,143.8046,50.3781,156.0223
407.9416,142.3462,50.4753,158.4792
407.8452,141.4289,51.4557,160.3651
408.4477,139.6965,52.2004,162.5460
409.8264,137.8268,52.5110,163.7682
411.8401,137.9082,51.4602,165.8593
412.7444,138.7262,50.7981,166.5382
412.5051,138.4176,52.0285,166.0239
411.4642,138.1609,52.3323,164.9209
410.6665,137.3542,52.9880,164.3721
407.1696,138.6429,52.7515,163.4900
406.2542,137.8506,52.7664,162.9175
402.8969,137.7454,53.2665,162.6094
398.5530,136.6179,53.9767,162.3579
396.8257,135.8309,54.3925,162.6321
392.2847,135.8047,54.1999,163.7631
387.5466,134.5039,53.7058,165.8995
385.3591,133.3643,53.3068,168.2661
382.1978,133.2356,52.9239,170.0616
379.5180,130.6649,52.9363,171.9424
377.0839,129.8689,52.5832,173.3103
375.1599,127.1122,52.1434,175.4885
372.3795,126.5930,51.2515,176.1209
370.3865,125.9797,51.3072,175.8178
368.1356,126.5882,51.2057,174.9353
366.4999,126.8834,51.6118,173.8333
365.9543,127.0798,52.3979,172.3448
364.4028,127.0429,53.2458,170.8140
364.2727,126.3197,53.6362,169.5095
363.3076,125.8723,54.1885,167.9062
362.9951,125.2260,54.8689,166.6921
362.9427,123.8670,55.4105,165.8325
361.9438,123.3423,55.7450,165.4405
361.0777,122.1215,56.1778,164.9739
360.5702,121.5340,56.9275,164.3711
359.1755,121.2037,57.2176,164.5578
358.6098,121.7722,57.2392,164.2448
357.7182,121.9473,58.3907,163.0891
357.3098,122.6198,58.0597,162.4013
355.7318,121.8086,57.8444,160.8846
354.8324,122.4669,57.7703,159.7766
354.7849,123.4033,58.3730,158.5446
353.6029,123.0265,59.0471,157.7186
351.8048,122.7642,59.7166,156.3631
350.9359,122.9317,60.2641,155.0978
350.0017,123.2085,60.3941,154.8014
348.8045,123.4004,59.5922,155.5878
348.3021,123.8793,59.1777,155.4186
347.6606,123.5024,58.9107,155.7104
346.2544,122.2127,58.7071,155.2050
345.8726,123.1156,57.1884,155.1153
345.0621,125.3341,55.1172,157.4641
344.0934,126.4590,53.5092,157.8428
343.0376,127.6047,52.1795,157.3102
340.8498,127.7891,51.4186,157.2539
340.1552,127.4973,50.9735,156.3550
337.7132,126.9702,50.6906,156.5678
334.8648,124.4863,50.8038,157.1882
332.1172,125.0161,50.5109,157.9386
328.7979,122.3641,50.6419,157.3409
326.5571,120.9505,50.6257,157.5207
322.1663,119.6112,50.3430,159.5070
318.5511,120.2769,50.2739,159.9637
316.6625,120.6687,49.7585,160.3254
314.8026,120.3714,48.7972,161.0298
312.0475,122.0244,48.3992,159.8093
309.0636,123.1797,48.2323,157.4710
305.3018,123.3732,48.5501,154.5566
301.4010,123.7763,48.6627,151.9876
297.8636,123.5884,49.3077,148.7996
293.4272,124.0587,49.8728,146.0273
289.6196,124.4459,51.0183,143.7047
285.8231,123.5387,52.7134,140.8328
283.7319,123.8791,54.1029,136.8222
283.2082,124.1147,54.5032,134.6539
283.8598,124.6472,55.1528,132.0907
282.0122,125.2602,56.4801,128.7949
278.7961,125.7353,57.1924,126.3058
277.5443,128.5571,56.9216,125.0210
275.0369,129.4888,56.8477,125.1880
275.1205,129.4113,57.6382,125.5483
277.0121,131.5947,57.4647,126.5876
275.8655,133.3334,56.1965,129.0406
277.6729,134.0841,55.0492,131.6131
279.8739,135.6284,52.1562,135.8237
277.3742,134.2110,50.5788,139.9283
278.2435,132.7348,49.1457,142.8062
276.8195,131.9330,48.2854,145.5735
274.1176,133.1794,47.7779,147.5943
273.1222,133.1335,47.3808,149.7173
269.4724,134.4092,48.0567,150.3363
268.1831,134.7855,48.7884,150.2048
267.1009,134.7252,49.8363,149.1899
264.3874,135.1332,51.0166,147.6093
262.8358,136.5480,52.3104,146.0558
261.1427,136.7966,54.3708,143.5605
260.4221,137.7950,56.6126,141.1797
259.5170,139.6581,58.1760,139.2459
259.0586,141.9580,58.9199,136.9332
258.6784,143.4066,59.2964,135.3296
259.1305,144.8013,59.3606,134.4863
258.8239,145.3980,59.3362,133.4595
259.4612,147.6851,59.2938,132.8884
261.0587,148.5057,58.8797,133.5641
261.9333,149.1140,58.8875,133.5760
262.9316,147.6620,59.1631,134.1157
263.8183,148.5370,59.1306,134.7572
265.6969,149.4087,58.7439,135.6567
267.6601,148.1066,58.0804,136.9585
269.4279,146.7200,57.6307,137.6933
272.4784,145.5105,56.5219,138.8114
274.7735,146.0810,55.3092,140.0658
277.1197,144.0195,55.4067,139.8833
278.6830,142.9140,54.6572,138.3781
278.6725,141.9959,53.9172,137.0608
278.9431,139.1263,53.4523,136.5972
278.2413,133.6565,52.7239,136.1169
277.2476,136.9131,51.9944,136.6928
275.9579,132.5255,52.3663,136.5068
274.0496,137.4750,52.6734,137.0096
272.4811,140.2598,53.1205,138.5556
271.0981,135.9380,53.1855,139.7917
268.7857,142.0220,53.3868,139.1756
266.3961,136.6235,52.9805,137.4720
264.1515,140.2253,52.8304,136.3890
262.0213,141.0869,52.3990,135.9347
259.7863,133.3248,51.5064,135.2597
258.4107,133.7804,50.7359,135.6634
256.1877,137.8700,50.2248,134.8699
254.0508,138.0224,49.6011,136.6776
252.8356,132.9684,49.5527,137.1918
251.8405,136.4396,49.4392,137.6637
251.5160,137.9355,49.4195,139.3819
250.8889,129.7033,49.6935,139.9585
249.3387,133.9421,50.1486,139.7248
249.8443,129.1234,50.4807,140.2595
250.6085,126.2464,50.6326,140.2699
250.9878,131.4228,50.8745,141.7061
252.0659,140.9230,51.2779,141.5710
253.0612,137.0469,51.5051,142.8609
253.8783,130.4422,51.0189,145.0834
255.6261,137.5070,51.0199,146.0604
257.4046,128.8355,50.5264,147.7296
259.0692,122.4500,50.4255,147.5645
259.2531,131.2345,50.3775,146.7805
257.9183,132.4434,49.8627,149.0703
257.2073,128.4993,50.5229,146.7156
255.3437,142.8415,50.8746,147.7797
253.4698,143.2029,51.2887,149.5350
251.9325,137.9237,51.6498,149.7133
250.9582,119.5002,51.9468,147.9443
250.2980,127.0324,52.2240,147.6318
248.0954,128.9194,52.3393,148.3667
246.4550,131.5688,52.5779,149.9836
243.9185,133.3259,53.2013,151.9039
243.4780,124.4229,53.1829,153.1098
242.2075,120.9233,53.6931,152.3543
241.1986,124.8750,52.9545,153.2975
240.8449,117.1365,52.3286,154.6752
239.5388,130.7513,51.6528,155.6100
239.6104,132.6830,51.0413,155.1541
240.2708,130.4751,50.4911,155.3026
240.2307,124.9168,50.1061,153.4747
241.7647,129.2978,50.0339,151.4545
242.8656,130.0142,49.7010,151.6938
243.6257,124.7281,49.9533,149.3936
245.6853,128.6097,49.3708,149.2204
245.4599,121.9856,49.4764,148.6900
246.5965,117.5549,49.4973,149.5151
247.9733,98.6721,50.1021,149.8720
249.1667,114.3717,50.3420,151.2656
249.8033,91.1504,50.9449,152.4347
250.5653,84.8096,52.6257,151.6998
250.5967,88.2127,53.2860,153.4635
251.0929,82.0243,54.3105,152.3260
250.8308,86.9663,55.2082,151.8065
251.6495,91.3324,54.7853,153.1614
251.6387,87.0215,55.3340,150.7148
252.8189,92.4490,54.8173,150.3656
253.0564,93.2892,54.9396,146.9374
254.8479,97.8884,52.9814,147.8165
254.4649,94.3194,52.1380,146.2139
254.8892,94.8753,51.6908,144.3857
253.9844,93.7668,50.9068,143.2707
253.2538,94.0021,51.0143,142.2559
252.7388,95.0922,50.3934,141.4980
251.5936,95.7768,49.8101,141.6124
251.4792,91.9964,48.6625,143.1141
250.3379,90.8768,48.2522,142.4270
250.3727,92.0943,48.2972,141.0257
250.0461,90.0206,48.3638,139.5372
248.4069,90.3774,48.9688,138.6454
247.2663,89.5648,49.3507,137.3037
246.6631,84.7896,49.3261,137.4515
246.0023,82.4246,49.4469,137.7025
245.3693,80.1300,49.6626,137.0974
244.1483,76.7452,49.4802,136.7516
243.6627,72.4857,50.2709,135.4479
242.6305,70.7602,50.8843,134.0255
242.3729,73.8584,50.9379,135.6273
240.7890,70.4518,50.8949,136.1437
239.6135,70.2154,51.3695,134.1010
238.9410,69.6432,51.3707,133.7382
237.0692,65.9271,51.3937,133.4621
236.1019,62.2859,51.3771,132.7042
233.5529,61.8458,51.7218,130.2950
232.0283,61.9746,51.8156,128.5253
230.3216,61.7794,51.9030,127.0128
229.2728,63.6289,51.9672,126.3247
228.5279,65.2168,51.8979,125.7442
227.6557,66.0526,51.5347,125.6737
227.5919,65.0786,51.3165,126.2978
227.3603,62.3150,51.7884,126.4781
225.8436,61.9868,52.6679,126.5738
225.7491,60.5253,53.2889,126.2698
225.1991,59.4766,53.1980,127.2189
226.0699,57.7316,53.1143,128.5589
225.8122,55.2261,53.0793,130.0277
226.1512,51.6845,52.8278,132.4232
226.8226,48.7223,53.5729,133.5597
226.2271,46.7475,54.0052,134.0488
226.6774,44.0261,54.6261,134.0041
226.9802,43.1431,55.1529,133.6162
225.8672,41.9656,54.3722,134.7581
225.0430,40.5946,53.9537,135.4958
222.6851,39.0928,53.9424,136.2551
222.1084,38.7273,53.5656,136.9427
220.9155,36.7574,53.3900,137.8242
218.7204,38.8575,52.3709,138.5213
218.3121,37.7723,51.9438,140.6176
217.1711,36.2187,51.5604,142.2894
216.3804,37.5078,50.6993,143.6538
215.4833,37.6244,50.8818,145.2201
215.6406,36.2877,50.6882,147.0031
215.9557,35.2940,50.2163,149.0172
222.3822,32.9280,51.9022,149.5036
217.9673,28.9938,53.9436,149.6564
214.6673,30.7922,54.5460,149.2676
212.1481,30.2168,55.6133,148.9090
212.4629,26.8924,55.2146,150.2964
213.3022,25.2649,54.4555,152.0834
214.1433,23.5750,53.7169,152.9090
215.3793,20.2249,53.0223,152.7358
215.9875,19.7923,52.5587,150.6772
216.0259,16.9550,52.3778,150.2477
215.5918,15.4586,52.5933,149.5603
214.7435,16.0771,54.3514,148.4756
214.1084,16.5255,54.6859,148.4239
214.3145,17.0098,55.5402,148.6396
214.5510,17.6445,56.1245,150.1330
215.0734,19.5750,56.4952,151.2155
215.7757,19.5820,57.4827,151.2125
215.9308,20.2819,58.2816,151.1418
216.5013,20.5212,58.4200,151.2519
218.0745,21.4395,57.9938,150.7589
218.1549,23.5224,57.3402,149.9199
219.1999,24.9285,56.5391,149.1091
218.4324,24.9095,56.5896,147.4713
218.6910,26.8103,56.4973,144.8192
218.7203,27.3384,56.0761,142.9549
218.6872,26.9089,55.7960,140.7327
219.4196,26.8104,55.0647,138.8246
218.7176,25.4653,54.5861,137.5278
220.3435,25.9975,54.7167,135.0296
220.4051,24.8513,54.2858,133.5568
220.0270,24.5310,53.6339,132.3067
220.4520,24.1770,53.2487,132.4670
220.3609,24.3923,53.4169,132.2845
220.8554,24.9321,53.6064,131.7445
221.1389,26.1247,53.6273,131.5170
221.9583,27.1982,53.1305,131.6461
222.0980,30.4593,52.7485,131.8685
222.5326,32.8796,51.7600,132.1101
223.2878,37.2630,51.5735,131.5925
224.4381,41.1405,51.7584,131.8702
225.8626,44.0378,52.0919,131.6641
225.5826,46.0717,53.1944,132.5441
226.7465,50.4050,53.7896,133.0120
226.1152,52.0524,53.8799,133.2640
227.4152,52.1533,54.1484,133.5907
227.7033,52.6049,54.0700,131.5610
230.6105,53.6918,53.0511,131.2800
232.3666,54.1796,52.3844,130.1967
235.9705,52.1818,51.7168,129.8439
244.7805,49.4725,53.1936,128.0571
243.5764,52.4274,52.9434,128.7548
243.6256,49.5137,52.8579,128.4823
245.4847,51.9698,51.6981,130.3834
247.4691,53.2648,51.5955,131.6451
250.1722,52.5139,51.9485,132.2487
253.3929,52.0655,52.5098,134.0109
255.6092,52.6603,53.7449,134.9554
256.1507,46.5414,54.7494,135.3491
257.1446,47.7324,56.1394,136.7546
264.9166,48.6665,57.3307,138.6788
260.5169,50.2930,57.9739,141.7200
249.2571,36.1199,59.3125,145.0443
251.1900,38.0919,59.4699,147.3663
250.6481,35.8725,60.0636,150.7385
250.6583,35.8491,60.6972,153.6484
249.9936,37.0403,60.8713,155.2763
249.6616,36.5155,60.6195,157.0821
249.6931,38.1352,60.7696,157.8316
249.9041,37.3820,60.0366,159.0443
250.8773,36.8344,60.0686,159.2464
251.9302,34.9465,60.2517,159.1561
252.3077,34.1635,59.9990,159.1197
253.8804,34.3989,60.2735,158.7231
254.8402,35.5258,59.8334,157.4437
256.0582,35.4070,59.3166,156.2547
257.7539,35.7923,59.1433,154.3446
270.8546,32.0747,59.5468,153.9877
270.9782,30.8927,59.5506,152.7385
284.9977,28.4387,60.9936,152.2057
288.5474,27.3510,62.8218,151.3981
291.8351,24.5879,63.8456,151.5395
294.6039,22.7533,65.2019,151.0046
298.8232,18.6908,66.5578,152.2227
303.4048,14.6799,67.4435,153.9842
306.6697,9.3585,69.0284,155.3575
310.7514,5.2917,70.3709,156.4630
312.6013,1.3925,73.2561,155.6039
314.0244,0.4615,75.2615,155.0897
308.5693,4.6589,76.5698,154.8601
314.3740,2.9797,76.1211,156.3826
318.7771,3.1346,76.1695,156.6554
320.2875,2.7853,75.9603,157.4870
312.9692,15.1276,75.1956,158.1032
316.9001,10.7712,74.8823,160.3092
320.9931,8.0999,74.6026,160.8938
323.5641,5.8776,74.9506,161.9860
325.6419,5.3794,75.0095,162.7371
327.0768,6.5877,75.3978,162.1660
328.1939,6.4136,74.7297,162.4378
329.1759,6.9603,74.4434,160.5957
328.8374,5.9560,74.1247,159.8691
321.0556,9.5026,73.8568,158.6472
325.1539,7.4312,73.9251,159.4626
327.7858,6.2704,74.0684,158.9414
327.6641,5.2351,74.9565,157.7856
329.5127,3.7144,75.4161,156.6653
327.8003,5.0990,75.7539,153.3998
325.9346,5.0933,76.4759,151.0702
326.5048,8.0136,77.2269,147.9901
326.2215,8.9413,76.7463,147.8909
325.5744,11.0980,76.2953,147.6037
325.9523,14.3727,75.9493,146.8566
324.0711,15.0680,75.9671,146.7429
325.5227,17.3318,75.1094,146.7153
323.7788,16.9836,74.4716,147.7341
321.7623,17.8481,73.9836,148.9363
323.0019,19.3070,72.6761,149.2989
322.1644,18.6920,71.6992,151.6470
321.8618,17.3593,71.7544,152.4716
322.7281,16.4653,70.7510,153.3158
323.9716,15.6571,70.4690,152.6551
324.5491,16.2713,70.3178,152.3317
327.0580,18.2963,69.8331,152.8221
328.3088,16.6538,69.1906,154.1981
327.9851,18.5024,69.1888,153.5747
330.0996,21.9257,68.1231,153.0358
329.7408,24.0465,67.4051,152.7496
329.7613,24.6241,66.6948,152.5657
330.3998,27.8749,66.0499,152.0331
330.3719,27.3669,65.8103,152.2454
331.0002,26.5469,65.3658,153.1171
330.6479,26.3128,64.4226,154.4676
330.8903,24.8322,63.8030,156.1992
331.8736,25.3827,62.5232,156.4743
332.2892,25.0102,61.8290,156.2819
332.2303,25.5173,61.5682,156.2503
332.5939,24.5986,61.7301,156.5656
333.1133,23.6214,62.0334,157.0298
332.8249,23.1424,61.7969,158.8946
333.0978,22.9078,61.7409,160.3894
333.6743,21.0076,62.4519,161.0762
333.4855,16.1447,63.4051,162.4675
332.7730,13.2496,64.9775,163.4729
332.2616,11.6898,66.4453,164.0045
332.5580,11.6852,67.8681,162.3336
332.8758,12.6153,68.0599,160.2794
332.8983,14.6971,67.6624,157.7472
333.8616,15.2319,67.6324,155.4915
336.2682,13.7523,66.8310,154.0330
336.5712,11.9045,65.8680,152.4241
336.8072,11.2297,65.2814,150.4766
337.2974,11.4003,64.6395,148.7382
337.4872,10.7741,64.1690,147.6551
338.3344,10.5670,63.3656,146.9197
338.2868,11.8111,62.5924,146.5294
339.7031,11.2448,62.4670,145.6344
340.6876,10.5071,62.2496,144.4696
339.9927,11.7235,61.7268,143.4936
340.6698,12.2632,61.4635,143.3245
340.3858,11.6467,61.5523,142.1366
341.7317,12.3499,60.8610,141.6507
341.3271,12.6919,60.3251,141.5900
342.3062,13.4876,59.3609,140.8501
343.8725,13.9513,58.5559,140.5796
344.4300,15.2394,58.3615,139.6783
345.0929,16.4482,57.9205,139.2677
346.4034,17.9330,57.2348,138.8781
347.8115,19.1727,56.4070,138.9934
348.9320,19.7850,55.5938,139.3635
350.1468,19.3583,54.9899,140.0402
351.1977,19.5666,54.4314,140.0985
352.8358,19.9105,53.9898,140.7957
354.2162,18.3034,53.8216,141.1844
353.5116,19.2532,53.8632,141.6496
354.9259,20.0849,53.7374,141.8077
355.3556,18.5576,54.1797,141.7299
354.8165,16.7928,54.7175,142.0095
354.6885,15.3410,54.7719,142.5638
355.6877,16.0725,54.3510,143.0032
356.1666,16.0590,54.7686,143.2283
356.1712,16.7034,55.1683,142.0628
356.7969,18.2367,55.2879,141.7132
357.9212,19.5995,55.0245,140.4770
359.5321,21.5604,54.5455,139.3891
359.1797,20.6328,54.7857,138.9256
360.0572,22.3793,54.7239,138.6493
360.8514,22.6441,54.6545,138.4419
360.8040,22.1300,55.1146,138.4109
360.6484,22.4248,55.8669,138.3510
360.2552,22.5609,56.5203,138.9648
361.0991,21.6519,56.5201,139.3607
361.6086,20.4903,56.8532,139.9389
362.3195,20.6135,57.6435,140.9147
363.0536,20.8424,58.4488,141.6082
364.6194,20.9520,59.1366,142.3485
366.6999,19.7089,59.9635,143.1473
368.5892,18.4208,60.8016,144.4104
370.8737,15.4972,61.1395,144.9849
373.4645,13.0776,61.3189,146.2088
374.8023,12.4659,61.3701,147.1545
376.2455,12.4863,61.1960,147.3077
377.5863,11.1869,61.0390,148.0187
380.1064,9.8745,60.7297,149.2104
374.0307,12.6688,61.9556,148.8478
377.8922,11.7943,62.1883,150.1211
369.1219,15.1963,65.4295,147.7471
376.3736,15.1697,65.5219,147.9870
381.5156,13.4784,64.9429,149.9790
383.1353,10.8406,65.2710,149.8481
2
0
0
0
0
1
338.0577,40.1602,31.4269,126.7260
336.8518,38.9156,31.8527,126.0582
334.4443,38.2415,31.9615,125.9828
333.4452,37.4380,32.2369,126.4294
330.9574,36.7317,33.2997,126.4080
328.6967,36.3830,33.9921,126.6108
327.4669,36.3137,34.7329,127.0996
324.2778,36.7745,35.5125,127.2862
324.2900,37.0237,35.4910,125.9311
322.1577,37.5465,35.5574,125.8514
320.8959,38.5044,35.3610,125.4837
320.3565,37.0630,35.7330,125.1698
317.8901,38.2594,35.3844,124.8964
317.8817,38.4611,35.3341,124.7835
315.8042,38.3391,35.3757,124.3137
314.4055,38.8085,35.1570,124.1326
312.5028,38.4477,35.4082,123.9851
310.3588,38.9336,35.9334,123.8641
309.4200,39.2485,36.0495,124.1135
308.0923,38.6897,36.0803,123.7822
307.0326,39.9267,36.2770,123.1394
305.3444,39.4506,36.3567,122.4053
303.9691,39.5881,35.9789,122.3505
303.1841,39.8307,35.5018,122.2844
302.7774,40.4792,35.0414,122.3699
300.8428,41.8767,34.7147,121.4501
298.5116,42.6693,35.0621,121.0232
296.6227,43.3459,34.5147,122.3757
294.7971,41.3647,34.2762,124.4811
292.8691,41.4551,34.2829,124.8641
290.2309,41.4774,34.7195,126.5113
287.1966,41.1155,36.1937,127.6867
283.2635,41.4944,38.5593,127.6316
281.0415,42.1488,40.1714,127.9069
278.3678,42.4113,41.4483,128.8107
278.5720,42.9761,41.9392,129.6428
279.4230,44.1840,41.6503,129.8824
279.6206,45.2949,41.8157,129.6113
281.1656,45.6530,41.4739,128.6572
280.3223,48.0886,41.0917,127.5357
281.3427,51.0966,40.8325,126.2911
280.5399,49.2746,40.4038,126.7855
280.6124,50.2442,40.3869,126.3974
281.8630,51.5758,40.0959,125.3062
281.2052,53.3832,39.9408,124.6525
281.9585,56.4395,39.9529,122.8530
282.6288,58.0483,39.4231,121.6507
281.6405,59.1057,39.1380,120.7625
282.2686,60.4966,38.5165,119.5510
282.1742,61.4798,37.6390,118.5739
282.5520,61.7549,36.4591,117.3944
282.1587,60.3303,35.4854,117.1967
280.8834,60.6595,34.9032,117.3174
280.8037,59.5068,34.5377,117.3610
281.5965,58.7655,33.6336,117.9571
281.4813,58.8199,33.0377,118.0629
283.2691,58.1728,32.6240,118.5658
282.7237,57.3641,32.3906,118.9459
283.2160,57.5336,32.2898,119.1778
283.8549,56.3460,32.3647,120.2604
283.2641,56.5000,32.7767,120.3333
283.8368,55.9326,33.2957,119.9482
283.8842,55.9290,33.8138,119.6664
284.1634,55.6729,34.5369,120.0377
285.7301,54.6157,35.5967,119.7622
287.4677,55.0967,36.1739,119.5893
289.6109,57.0656,37.4901,117.9688
291.0735,55.7589,37.5236,117.2438
293.7093,58.5916,37.8034,116.3243
296.4955,56.9711,37.3857,115.5379
299.1474,58.2799,36.3292,114.7420
300.8571,57.5526,36.0495,114.5665
303.5017,57.5900,34.5241,115.0977
306.3254,57.1884,33.4961,115.1591
308.2593,57.1248,32.6649,115.4476
310.4606,56.3929,31.7310,115.9418
312.1679,56.8646,31.4172,116.2197
314.4234,55.3414,31.0452,117.1566
317.0623,55.9009,30.6578,117.5179
319.1832,56.1900,30.5919,117.9823
320.7112,55.1549,30.8423,118.0443
322.7985,54.7495,31.1226,118.1459
324.1988,53.9104,31.4894,118.7948
326.0616,55.0283,31.9533,119.2168
327.0150,55.3239,33.2603,120.4619
328.4310,54.6571,34.2034,120.8285
329.9028,52.2029,34.6264,121.7198
331.8401,52.1736,35.1271,122.4026
333.5079,49.7434,35.1228,122.9278
334.8860,49.9826,35.6650,123.0950
335.3230,50.1958,36.1449,123.3754
334.7370,49.5931,36.9631,123.9058
334.1709,50.2653,37.5010,124.1441
334.0602,50.4438,37.8947,124.1899
333.9164,53.1402,38.1166,122.4740
333.1201,52.4969,38.0420,122.7054
333.4064,52.6319,37.6423,122.2004
333.6377,53.1747,37.1151,122.6469
333.3180,50.8978,37.6380,122.9553
331.8617,49.8734,38.0157,123.4220
330.1979,49.4931,38.8616,124.3630
327.7993,48.0418,39.4780,124.6089
323.9145,44.2712,40.4513,127.3161
331.6714,48.0194,40.1629,127.9696
327.4406,44.4455,40.3800,130.2156
322.5778,42.1601,40.9422,133.4217
320.0202,37.6077,41.7340,136.3829
323.8417,39.0038,42.8935,136.2100
347.6277,47.0439,41.6782,131.4231
352.1694,53.8235,40.0285,126.4327
356.7246,56.4157,38.8606,122.3971
361.5551,58.0610,38.2032,118.7560
366.2240,59.9220,37.2344,116.3976
369.7231,62.1087,36.4447,114.2320
373.5248,62.7213,35.5479,112.2896
375.1836,63.3986,34.7486,110.4132
378.0136,64.0553,33.7805,109.1326
381.4684,63.2457,32.6577,108.6155
383.8169,63.9979,31.5442,107.8627
386.5226,63.5339,30.8717,106.8112
389.3401,64.0376,30.2159,105.5290
390.7946,65.3110,29.8438,104.3760
393.8253,64.6687,29.5861,104.3917
395.8519,65.0509,29.6374,104.9949
397.6599,64.6390,29.6460,105.5519
398.2310,63.0710,30.0211,106.5627
399.3944,63.0941,30.2091,107.0769
400.1203,61.5265,30.5075,107.8507
400.2170,61.2087,31.1047,108.4593
400.0977,64.0132,31.5436,108.9840
400.0560,65.2787,31.6210,108.4279
398.6078,65.8424,32.1453,108.0311
398.5074,66.6683,32.3826,108.5741
397.7618,66.2207,32.2564,109.1793
396.5101,67.4744,32.2745,108.8245
396.2239,68.2252,32.0134,108.4631
394.1429,68.7496,32.0375,108.8822
392.3832,69.8599,31.9772,108.2911
391.6044,71.0943,31.5259,107.5789
391.3257,71.3631,31.6315,107.3491
389.8635,73.4204,31.3942,107.4584
388.9348,75.3315,31.3783,107.1628
388.4753,75.9353,32.0110,107.5518
386.8687,78.4270,32.5284,107.8753
387.3342,80.6535,32.5275,107.2440
388.5676,81.1718,32.1063,107.4910
388.8797,83.4974,32.2946,106.7485
390.4820,84.4447,31.5720,107.2528
391.6265,84.3860,30.6963,108.3442
391.6393,83.9909,30.3619,109.3363
390.9788,86.4802,29.8551,109.5809
389.7568,86.9166,30.0196,108.6175
390.3969,89.7590,29.2571,108.6432
389.5371,91.7014,29.9669,107.7314
388.9162,93.8483,29.6298,107.5243
389.2781,96.1333,29.3650,106.7530
387.5808,98.9465,29.8308,105.7428
387.3074,98.4295,29.7608,105.5808
386.9322,99.1004,29.8530,105.9769
386.0290,97.4742,29.9570,108.1216
386.6581,100.4285,29.9120,107.8906
386.9363,100.9975,30.2556,107.8776
386.6340,102.1626,30.5874,107.1332
387.0294,103.4535,30.9652,105.9424
387.6705,104.5196,31.4393,105.0088
388.6115,104.9751,31.2379,104.4816
389.3074,105.7951,31.4435,104.2841
390.8496,106.0311,31.5619,103.9779
391.3696,107.2385,31.7402,103.3894
391.8040,107.4651,31.8093,103.4617
393.2895,108.9587,31.7738,102.5010
393.1201,110.6115,31.6497,101.6065
392.9948,111.6409,31.0557,101.1302
392.3864,112.5054,30.9300,99.9823
391.4550,112.1974,30.3973,99.9425
391.7243,114.1032,30.0776,99.9316
391.1446,115.1782,30.0844,100.1376
390.4894,119.0200,30.5986,99.2433
388.8078,119.4372,30.9198,99.0723
387.5868,122.1786,30.8653,98.7950
386.8942,124.6118,30.6929,98.4673
385.5729,125.3347,30.1693,99.0503
384.3771,127.9240,29.7100,99.8774
383.4736,130.2312,30.0136,100.1158
383.8505,133.4366,30.4050,100.0408
384.5934,135.1099,30.9277,100.1834
384.2691,139.0196,31.2998,99.4382
384.4536,139.9138,30.9665,98.5197
383.3369,143.5799,30.8654,96.9529
382.2944,144.1390,30.6278,96.2543
380.5732,145.2176,30.7588,95.2259
379.0728,145.2915,31.0134,95.3236
376.8685,146.3177,31.2614,95.8902
375.1929,145.9926,31.7152,96.1962
374.4135,145.9195,32.0095,96.1701
373.2067,146.2453,31.5299,95.8383
371.7037,147.1879,31.5496,95.5762
372.1605,147.5782,31.5801,95.9055
371.8003,145.5511,31.7153,97.2842
371.5236,146.0854,31.9661,98.2230
371.9710,144.5893,32.1723,98.1690
369.4157,144.2766,32.0992,98.5778
368.4950,141.2517,32.5500,99.5824
366.4178,140.2248,32.8199,100.8412
364.5543,139.2210,33.1145,102.2112
365.4590,135.5319,33.4879,103.3704
364.9146,132.3547,34.1674,104.3117
363.5732,129.3528,34.9402,106.8053
362.6700,128.0249,35.6591,108.9391
360.6113,125.8270,36.5272,111.9500
361.2839,120.4551,37.5704,115.2595
360.4159,119.2759,38.0535,118.3998
360.5349,115.8033,38.2395,122.3124
362.1122,112.6325,38.9119,126.4610
363.2292,112.0389,39.3030,129.5597
363.7141,109.3646,39.6170,133.5354
362.5575,108.7301,40.2464,136.5033
362.7561,107.4235,40.6268,139.5186
363.7766,107.1854,41.4361,141.0529
363.6213,107.8516,41.8147,143.3613
365.4499,110.8645,42.1867,143.7181
365.7411,113.3254,42.3958,143.8496
367.0885,115.3669,42.8447,143.4709
367.9647,112.6649,42.8275,145.3173
368.8237,117.3165,43.1869,144.0922
369.7078,115.1944,43.4270,146.4826
371.6502,114.3822,43.9553,147.1417
372.0995,115.6680,44.0649,146.6717
374.1668,120.9017,44.4028,144.5018
375.3990,128.5019,44.2573,140.2861
376.5816,133.3566,43.7665,135.9994
378.6436,132.5117,43.6872,133.6363
379.6672,133.5370,43.5303,131.3573
381.6235,133.3128,43.0991,129.5541
383.7760,132.6378,43.1338,129.3672
386.1781,132.6595,43.3339,130.0715
388.3482,133.1164,43.1505,130.9163
390.9457,132.2334,42.8769,131.7057
393.9172,132.2816,43.0740,132.5893
395.1857,131.0023,43.4197,133.1935
397.4372,131.2883,43.9940,134.1218
399.2847,130.1090,44.3461,135.9194
399.8320,127.9372,44.6372,138.2466
401.8208,127.8280,45.0118,138.7829
403.6027,125.7796,45.2789,141.2104
404.1490,124.4004,45.4934,144.4007
405.2318,124.7131,45.8759,147.0403
405.2009,126.5738,46.3325,148.6138
404.2393,125.6531,46.6843,149.6264
402.7251,123.7688,47.2452,150.9166
400.8651,122.4818,47.6254,152.0733
400.3054,120.4537,47.7467,154.3166
399.9816,118.6773,48.1340,156.1156
399.3445,118.3715,48.8460,157.3171
399.3915,116.7987,49.6023,159.3442
399.4893,117.6835,49.2715,160.1477
398.1662,115.4939,50.1628,162.0383
398.9878,115.0602,51.0334,163.5314
398.9462,113.4305,51.8252,165.4733
397.8461,113.2857,52.2688,167.2933
399.2009,110.6307,52.4400,169.3626
398.8823,108.5454,52.5803,170.6801
401.3831,105.6561,52.8439,172.1240
403.9751,103.7591,53.1830,173.3049
405.2925,104.5758,53.5316,174.4779
405.8813,106.6682,53.9265,175.2253
407.7654,106.9277,54.3663,175.9345
409.2886,109.7667,54.6470,175.4225
409.5932,108.7589,54.9302,176.1997
409.6790,108.4137,55.1139,177.0106
410.2336,106.4087,55.1573,177.0753
410.6422,104.3336,55.3642,178.1899
411.3266,103.8227,55.3959,179.1085
410.2724,103.2771,55.5549,180.5784
411.9776,104.1261,55.4058,181.5338
412.3423,105.4434,55.2890,182.4644
411.3719,107.6811,55.3064,182.9405
412.9614,109.5442,55.1542,183.2138
414.3816,110.9555,55.5013,182.6828
416.6244,112.2285,56.3096,182.4055
417.5681,112.4510,56.8209,181.5261
419.0962,114.6514,55.9252,181.1044
422.2844,113.0695,56.6180,180.2713
422.7600,116.1993,57.1400,179.5238
424.1374,117.3896,56.3626,180.1255
425.8940,115.5342,55.8872,180.6493
427.0987,116.3300,55.5292,180.8638
426.5436,115.5089,55.5220,180.8958
427.0793,112.8245,55.4819,180.6396
426.7291,110.6263,55.3448,180.1994
426.6289,105.9089,55.1304,180.0152
425.5053,102.3216,55.1327,179.5085
425.6283,97.8216,54.9572,181.0624
423.0509,96.1914,54.9007,183.1285
421.6514,98.8473,55.1572,182.5214
422.6247,102.2202,55.1867,181.1336
422.5290,105.1129,54.9305,181.1667
423.2419,108.1116,54.3710,180.9374
420.9453,108.9566,53.8898,181.4508
420.9114,111.9088,53.7408,180.2718
422.6851,113.3152,53.4997,180.9645
423.3721,115.6151,53.0712,181.0412
421.7620,118.5063,52.8360,180.5224
423.5022,117.7549,52.3337,181.0631
422.2065,117.8584,52.0142,181.3858
423.4404,119.8097,51.9949,181.6301
424.1138,121.1842,52.2477,182.7849
425.7926,121.4649,52.4847,184.7480
425.9628,117.6337,53.4013,187.1204
425.7388,119.8490,54.3580,187.1147
427.1396,115.7454,54.5419,189.2805
427.9798,114.8630,54.6961,188.9734
428.8664,114.7123,54.7977,188.3847
430.3895,117.2330,54.9844,186.9350
431.3135,115.3182,54.8132,186.7042
432.7091,119.0269,54.8532,184.4623
433.2216,116.9390,54.1406,183.4873
432.5523,121.9948,53.3050,180.6874
432.6138,122.2922,52.4237,179.4522
433.1297,122.4855,51.6385,178.3433
433.6707,125.1407,50.9141,178.1527
434.6101,126.3186,50.2264,178.0337
435.3272,127.0820,49.9685,178.4549
435.7136,128.5408,49.5737,178.3388
436.1232,128.6518,49.5103,177.4706
434.9412,130.9978,49.3512,176.3426
434.8201,130.9273,49.1496,175.3778
433.7108,132.6373,49.7361,173.7292
432.4278,133.6172,50.6441,173.2000
432.1861,133.9178,51.4571,173.1045
430.6366,134.3059,51.8128,172.1054
430.9415,133.8699,51.5781,171.0189
430.5550,134.4023,50.8986,169.5276
429.0766,137.3489,50.6943,168.5206
427.5228,135.8466,50.4827,168.3747
425.9716,135.2921,49.7968,169.7927
424.6401,133.5546,49.8922,172.1994
423.9604,131.5065,49.6198,173.9793
422.3681,127.3154,50.6656,174.7861
421.0835,128.5697,49.7075,175.4947
419.5006,127.2045,49.1594,174.9894
418.4987,127.9886,49.0148,175.4079
415.0660,124.7796,49.2670,174.4875
413.1638,122.7422,49.0416,175.2637
410.1991,120.4875,48.9632,174.7036
408.3747,119.4474,49.4146,173.3776
407.3436,116.2148,48.5460,173.6662
406.7646,112.5117,48.0603,173.6214
406.3388,108.9151,48.6522,173.9067
407.0113,108.1563,47.9361,174.0266
408.0515,104.7680,47.4469,173.7695
410.7149,103.2304,46.9575,173.7098
411.0971,99.6529,47.8946,173.7461
412.3625,95.6679,48.4670,173.5059
414.2396,92.5163,49.1446,173.5903
415.6729,93.1554,48.3870,175.1125
413.8753,90.0301,48.7107,175.9585
414.7682,90.0796,49.6198,174.7297
414.8143,88.0383,49.8741,175.1129
414.8220,87.0350,49.8133,175.3316
415.0766,85.8941,50.2927,175.0544
413.4619,85.8394,50.9822,175.7810
413.5930,84.5020,51.2916,176.1198
412.5238,83.3058,51.8303,176.3572
411.9410,82.2435,51.7351,176.8502
412.6656,81.7991,51.6195,176.1408
411.8172,80.3147,52.5033,175.7922
412.7281,81.3348,51.7024,175.6044
413.2991,80.2241,52.3242,174.7386
413.4880,78.4676,52.4006,173.9383
413.6008,78.6682,52.9007,173.7239
414.2467,77.6702,52.9093,173.2423
414.2260,79.1201,53.5856,172.9575
415.2577,77.3920,53.8530,173.7729
416.3204,79.8720,53.1191,175.0871
416.1469,77.4404,54.1749,176.1733
417.8358,77.3544,53.3957,176.4887
417.9193,77.5153,52.9612,176.6356
419.5076,77.4557,52.4642,176.5076
420.2308,78.8765,51.7500,175.7637
420.2872,81.6899,51.0749,173.9576
421.7155,82.5747,49.9793,172.3627
421.9615,85.1867,49.2927,171.8826
422.4630,86.4916,48.7139,172.0110
423.2570,88.1065,48.4003,171.9654
422.6055,89.6295,48.3888,171.9063
423.3810,91.3906,48.4876,171.6216
424.4786,91.4472,47.6043,171.5182
424.2595,92.5079,47.6145,171.9166
425.6667,93.2873,47.3957,171.7311
424.8052,95.4734,47.4672,171.8658
424.9364,98.3445,47.4161,171.5546
425.6107,100.1876,47.5493,170.9203
425.6509,103.1453,47.0937,171.5363
424.8010,106.4412,47.4377,170.5279
423.9851,109.4129,47.7568,170.0761
423.1762,113.6443,47.8418,168.6798
422.5053,115.1227,48.3524,168.2662
420.7683,116.7845,49.1760,168.5592
420.4652,118.8419,49.0223,169.5523
419.7888,121.9497,48.9012,168.7932
418.2651,123.7447,48.7560,168.9001
418.9331,125.5592,48.3842,169.3131
416.9713,128.6643,48.6080,169.1600
415.9869,131.4331,48.5392,169.4191
416.2640,133.6129,48.7233,170.2093
416.0644,135.7000,48.7641,170.0906
416.9243,136.5846,48.5642,169.2799
416.9510,135.7220,48.1362,169.4784
417.4335,136.9679,48.2291,169.3466
418.5567,137.2001,48.0071,168.8704
418.2758,138.5337,48.3593,169.3814
419.5379,137.5360,48.0589,169.5973
419.2182,137.7436,47.8169,169.9893
419.8600,136.3743,47.6627,170.6055
419.6133,137.5741,47.6559,169.2758
420.5643,137.6303,47.3808,169.6659
420.0565,137.7536,47.9821,169.3328
418.6126,138.4782,48.7093,169.1414
416.7378,138.6222,49.8525,167.9835
418.5886,136.9646,49.7243,168.8670
420.1299,137.8707,48.9578,169.5269
421.0094,138.2879,48.5136,170.2641
423.1714,137.7589,48.0908,171.0810
423.4433,139.1771,47.3932,171.5777
423.6880,136.5783,47.2702,172.6363
424.2339,135.5325,47.3453,172.9111
424.5201,136.3559,47.2897,173.3115
425.7965,135.4796,46.8156,173.6099
425.1137,136.8433,46.8730,174.2843
425.7450,137.7787,47.2077,173.2420
425.4037,135.9379,47.3359,173.2637
425.5628,136.4024,47.5377,172.1865
424.5418,135.1492,47.9988,173.7269
424.3661,136.4773,47.9907,172.9374
424.7816,136.6877,47.6415,171.9749
424.0205,135.5727,47.6060,172.8383
424.4956,136.5235,47.5712,171.7426
424.1779,135.3536,47.5249,171.9024
423.9409,136.4015,47.4656,171.2788
423.4617,137.5221,47.6317,170.4628
422.2281,137.5296,47.2893,169.5208
422.2389,136.9845,46.6701,168.8507
419.9665,138.0408,46.3494,166.9148
419.0297,138.1996,47.2162,166.0592
418.6307,137.2561,47.2193,165.4018
418.3761,137.7508,46.7075,166.6186
418.0468,134.3723,46.1668,168.4417
413.5011,131.7816,47.5880,169.2228
411.5204,129.8084,48.6676,172.2842
409.8660,128.2441,49.8310,174.4064
408.7514,129.3410,51.1737,174.3107
409.0369,128.0390,51.3381,173.9818
408.9611,127.0781,51.7520,173.2353
408.3028,125.4213,51.8231,174.6106
408.7410,122.5723,51.5477,177.8088
407.1929,117.9524,51.3588,182.1877
407.1472,115.7453,52.2667,185.2193
406.3185,110.9040,53.2957,188.9443
405.4240,107.6522,54.7901,192.7500
405.7425,103.0711,56.3903,197.1255
405.7301,97.0308,58.3379,202.7545
406.1938,92.4378,60.8749,206.6814
407.2669,88.3281,64.0562,209.6780
406.5452,85.9281,68.0508,210.9605
405.7632,85.2653,71.3580,212.5656
404.4768,83.8652,74.4552,214.3631
401.5198,84.5415,76.6646,215.6595
400.0415,85.1338,79.1501,216.6980
398.7734,85.4632,81.1294,217.8632
397.7582,84.8670,82.0927,219.5871
396.5918,84.2996,82.6840,221.5296
395.8813,81.6825,83.8313,224.5413
395.8663,79.5119,84.3670,226.8025
394.7280,79.2610,84.6892,227.8244
392.6824,80.4499,84.9640,228.1805
391.5631,81.2746,85.1114,228.4329
389.0098,84.5279,84.9207,227.4860
389.5152,84.6794,84.7678,226.7032
388.9019,87.6553,84.1219,225.5430
386.4578,90.4906,84.5366,225.3234
387.6151,90.2256,83.8591,223.8453
387.9113,88.9362,82.4429,222.9598
386.3817,89.5645,80.6734,221.6769
385.4273,91.1166,78.7520,220.7203
385.7222,91.1009,76.4063,219.8908
386.8483,91.4691,74.7931,219.6345
384.9612,93.4286,73.8720,217.9909
386.2143,94.2375,71.0630,217.7247
386.8037,94.8297,68.4637,216.7301
387.7502,96.0481,66.2386,214.5941
388.4524,99.7227,64.8188,213.2410
389.2627,105.3504,63.6632,208.4613
392.8625,109.7689,61.5995,203.5246
394.5663,114.3670,60.6420,198.6598
397.7541,119.5480,60.4416,193.3218
398.4147,122.6932,59.2381,189.4080
397.8757,123.6293,59.0647,184.6167
398.1090,122.2485,57.5295,181.1996
398.8864,124.3585,56.6286,178.4034
399.4813,122.9785,55.3866,175.9910
400.3639,121.7436,54.7575,175.9938
398.5569,120.3683,55.2257,175.1090
397.9251,120.8157,55.5689,175.0134
398.2010,121.6386,55.9962,174.7627
396.8828,120.7457,56.2763,174.8035
396.1414,121.0080,55.8487,174.1766
395.5475,121.2269,55.1512,173.0721
393.8825,119.9317,54.6027,173.0049
393.8351,119.3940,54.5776,172.3638
392.9826,118.4142,55.3446,173.4871
391.6215,116.1087,56.9736,174.2837
386.9177,115.9477,57.3069,173.8270
386.0022,116.3773,57.0480,173.6841
384.4788,115.5970,56.5928,173.6843
380.2206,116.6004,57.5909,173.6557
376.9587,114.7837,58.5032,173.6645
373.8505,116.7376,59.2295,172.0081
372.0294,118.2083,60.2580,169.5496
368.2673,118.6999,60.6160,167.3188
366.1747,118.5367,60.5184,166.7520
363.3658,119.7489,59.7495,165.8892
361.5594,118.2805,58.5183,165.2282
359.5145,117.4056,58.0698,165.1515
358.6288,117.0124,57.1875,164.8150
358.7165,116.9353,56.6262,165.1002
358.6958,117.8643,56.2402,165.2509
358.5956,117.6282,56.2893,165.8665
359.1977,119.8458,56.5288,166.0551
360.8234,121.4979,56.0396,166.1396
363.8139,123.3987,55.5057,166.5432
366.3040,125.4824,54.2728,167.1697
368.2920,125.8900,53.7750,167.5801
371.3755,127.0154,53.6534,167.9873
373.7206,128.8973,53.9422,168.3102
374.8214,128.7647,53.9692,169.3704
375.7575,129.4987,53.5467,170.4608
377.9577,131.0158,53.5261,170.9007
379.3242,133.5652,53.0805,170.9198
379.8519,136.0694,53.1006,170.0526
379.2013,139.6177,52.8699,168.4115
380.1323,141.5210,52.1106,166.4775
379.9657,144.0191,51.8254,165.8801
380.8015,145.5502,52.2205,165.2505
381.2979,148.9835,52.0148,164.6794
380.5563,148.6130,51.7407,163.9770
379.5847,149.7740,51.8987,163.1922
380.8441,152.3430,52.3251,162.4076
382.1785,152.9520,52.2976,162.1902
385.3087,153.9997,51.9389,161.9863
388.5255,157.1340,51.5698,161.2363
390.1556,155.9052,51.7916,162.1224
391.6522,159.7258,51.4853,160.7059
393.1552,161.7441,51.3651,159.3941
394.0309,165.1918,51.1252,157.3061
394.8454,168.7910,51.3031,154.8073
395.3329,171.4207,51.1295,152.1772
395.2256,177.7451,51.2788,149.1974
397.1808,180.6090,51.3741,145.2458
397.6318,183.8016,51.1794,142.9006
397.1440,183.7548,50.9759,141.3786
397.1251,182.2516,50.7976,141.1210
396.6167,182.9224,50.5445,141.7031
396.5088,180.5043,50.7234,141.9182
395.0599,180.7274,51.1008,142.2750
394.1636,181.3224,52.0441,142.5728
394.1032,182.7377,52.0277,141.9220
393.8210,181.5202,52.4624,142.8591
393.8329,181.9152,52.6621,143.2186
391.8455,180.1923,53.1142,144.4083
391.0948,178.6461,53.3623,144.6049
390.6718,181.5639,53.1288,144.2380
389.4719,182.2901,52.9837,143.5657
388.0654,181.2727,53.0865,143.3003
386.6327,180.4536,54.0263,142.7836
384.2289,180.4694,55.2170,142.1162
383.0038,179.9566,56.4582,141.4421
380.3343,179.3306,56.9787,140.3878
379.9356,179.0625,56.7098,138.7377
378.6387,177.4146,56.7321,137.3239
376.9568,174.7303,56.5373,136.8156
376.1600,169.2453,56.4428,137.2560
375.4389,167.5537,55.7784,137.9941
374.7830,164.9979,55.6096,137.7665
374.7340,162.8387,55.2563,137.1874
374.5887,161.3233,54.5353,136.8154
375.1655,159.1457,53.9809,136.5609
374.6728,156.3535,53.3896,136.7399
375.8842,153.8708,52.3292,136.7234
374.4529,150.2729,51.5042,138.3785
373.7891,148.0383,51.4991,139.0407
372.8877,144.4032,51.6205,139.9682
373.1703,141.0572,51.5658,140.5888
375.0480,138.7256,51.7248,140.7739
376.4507,140.2383,50.9529,139.2533
378.7501,139.6368,49.5283,137.5782
381.0698,141.8365,47.1576,135.0404
385.0271,143.4148,44.4830,131.6245
388.3665,142.9891,41.8982,129.4206
390.3667,144.8625,40.2775,125.8974
392.4059,146.0922,39.2389,122.5243
394.8064,150.1676,39.5152,118.8583
383.8241,136.6998,40.5968,120.6512
376.0864,135.4938,39.6124,120.7029
370.3911,135.5853,38.3245,119.7854
372.8219,135.1524,37.4985,117.9350
375.7180,135.7319,36.4569,118.4414
377.0846,134.3642,37.0479,117.8763
380.1906,132.3989,37.4434,118.8242
381.2130,128.1625,38.9530,120.9727
379.8209,124.2194,40.8371,122.1538
378.6805,124.7984,43.1284,125.6203
377.5581,128.2271,44.3650,129.0077
376.5138,129.4550,45.3088,130.1310
375.1684,132.8617,46.4836,128.9892
371.8141,134.7129,47.3717,126.4048
369.4776,135.3616,47.7168,125.3393
368.4219,135.1449,48.1464,124.2536
365.1988,133.2265,48.0593,124.7989
363.5862,133.7206,48.6882,125.3587
361.8464,133.9483,49.3486,124.7772
359.6399,133.4209,49.6598,125.1989
360.0290,132.1932,50.1883,127.4817
358.5147,133.2018,50.4702,129.2246
358.4106,134.2244,50.2940,128.8553
357.6467,134.8812,50.1639,128.4782
356.1559,135.3763,50.2734,128.3471
355.4463,136.3236,50.8384,128.8574
355.2192,137.3307,50.8816,129.6593
354.4574,140.4803,51.0867,130.4389
353.8244,140.9872,51.0292,131.3317
355.2064,141.9349,51.6536,132.7097
352.9541,142.3064,52.2450,133.7418
353.8062,143.8735,52.1618,134.7285
353.2458,145.7196,52.5402,134.7948
351.6179,147.0484,52.5662,134.4437
351.1397,149.2121,53.1464,132.5722
349.6597,149.9397,53.6912,131.3507
349.7740,154.2838,54.0161,129.7120
349.4344,157.1679,53.5794,128.5881
349.1411,159.4296,53.6200,128.0347
349.5064,160.6286,53.2398,127.2637
349.2352,160.1306,52.9772,128.3669
349.3611,160.9512,52.9457,129.0924
348.5899,163.4963,52.7266,129.3008
348.3813,163.6619,52.6652,129.2093
348.9584,163.0881,52.8448,129.8562
349.2112,164.2536,52.8918,130.0731
346.7352,164.9370,53.0417,130.4115
347.5376,166.1283,52.7065,130.5187
347.7208,166.9394,52.1306,130.4110
346.8772,167.2031,51.5318,131.2242
346.7887,167.4472,51.3758,132.6472
345.2553,168.2851,51.1164,133.3328
344.9752,166.5808,50.9842,133.2862
342.6326,166.2763,50.8897,133.1159
342.6607,166.8025,50.7239,132.5236
342.2625,167.6729,50.7882,132.2976
341.6403,169.2204,50.7573,132.2706
339.6865,170.2670,51.0463,132.1560
337.9905,171.3583,51.3114,132.3782
335.2343,172.9021,51.5487,132.4286
333.8919,174.8244,51.4961,132.2382
332.5844,174.6786,51.7390,131.6044
330.0554,175.5927,52.0147,131.4912
328.6172,177.0319,52.1531,131.0084
326.9803,177.3017,52.2486,131.3987
325.3900,176.1405,52.3575,131.4266
324.6039,178.1925,52.3170,130.8249
322.9874,179.5009,51.7796,131.0504
321.7053,180.6048,52.0253,131.7005
319.0745,182.3053,51.5583,130.7514
317.8618,183.1477,51.8440,131.1663
316.4644,182.8957,51.7884,131.0297
314.5044,184.6117,51.6570,130.8797
313.0320,183.0296,51.7630,130.7717
310.5976,185.5720,51.6429,130.0760
307.4547,185.4309,51.4690,130.0440
306.1481,184.6105,51.4190,130.5784
303.1620,186.6473,51.6101,130.4775
300.1850,187.7665,51.8046,130.1012
297.6078,186.8073,51.7598,130.2911
296.6573,186.0540,50.8876,130.4175
292.5403,185.4521,50.9715,130.8806
289.8775,186.5645,50.9491,131.8358
289.1270,185.3847,50.8958,132.4507
285.9041,188.3341,50.6503,132.0093
283.8196,186.0407,50.7598,131.9827
280.5817,189.0990,51.2280,131.2944
277.8925,186.5592,51.3668,131.1519
275.9320,187.6463,51.5109,131.2261
273.3889,187.2831,51.2924,130.3651
271.7018,187.2070,51.3410,130.0546
269.6345,189.1349,50.9264,128.6304
267.1129,190.2048,50.6798,127.8262
263.8618,191.1801,50.4918,126.5836
261.5075,190.6913,50.2529,126.3784
261.2123,191.8630,49.9837,126.4207
257.2144,193.9111,49.6364,125.8799
254.6497,192.8451,49.7575,125.1011
252.1707,196.1144,49.7134,124.0977
249.3634,196.1037,49.6984,123.8029
246.6864,196.7381,50.1621,123.2474
243.3085,197.9177,50.4093,122.8739
242.6052,198.6183,50.3495,122.6444
239.6375,197.8872,50.5096,122.6591
237.3479,200.3527,50.3041,122.0591
235.3144,200.7259,49.8792,121.5421
232.5907,199.1689,50.2348,121.4017
230.2635,200.5240,50.5258,121.7074
227.5402,200.1070,51.0049,121.1343
226.1024,200.0967,51.1041,120.9425
