1
552.2106,243.9125,21.9921,52.8648
557.4764,241.3822,21.6770,51.6474
557.9082,240.7612,21.9972,49.7207
557.3146,251.0172,22.3990,49.3130
550.5829,262.3716,23.9628,46.7704
538.2613,267.7294,24.3310,45.5618
526.9275,272.0350,26.0046,43.6871
507.9944,273.1490,26.5174,42.7446
498.3951,272.1219,28.7689,40.9268
496.5329,265.9052,29.1227,40.5902
492.0920,267.2030,29.1536,40.7420
490.3813,267.2925,29.6161,41.1874
485.9915,265.9134,29.1733,40.8981
491.6712,270.6880,29.7978,38.4984
505.2937,255.0861,27.9383,39.9088
2
0
0
0
0
1
379.5238,257.1616,53.3228,56.9226
367.2753,275.1886,58.5070,50.1742
355.8213,282.2912,62.6039,44.8579
336.9656,283.4211,67.0523,41.8388
320.8062,292.1092,68.7710,40.9407
315.5497,286.6038,65.8050,45.2787
304.0041,280.8947,62.6611,46.9952
324.0090,268.3616,60.0920,48.2727
2
0
0
0
0
1
189.6981,321.0372,32.2883,36.1312
189.6044,316.2149,32.4953,35.8465
209.9912,305.1794,31.8578,37.1844
213.0543,306.0337,34.4049,35.9181
233.6860,306.8758,37.7202,34.2109
250.0519,302.0901,39.6946,34.2551
265.2279,296.8810,39.9839,34.2186
270.4974,296.0220,38.6871,33.8020
299.3186,290.4943,38.1063,33.9466
306.8436,289.7531,37.0701,33.4876
306.9243,284.7661,38.2947,32.8754
2
0
0
0
0
1
414.5465,283.5284,53.1729,34.1496
416.6082,285.7121,47.9896,38.0416
419.2845,291.0284,46.3723,38.5821
2
0
0
0
0
1
404.1461,284.1284,55.0350,33.3824
389.6891,284.5335,57.3224,31.8644
380.4203,284.4050,56.3400,31.8762
394.0548,279.5317,53.5044,33.6467
2
0
0
0
0
1
208.7286,280.2868,61.1580,37.2505
225.3037,259.2660,55.5145,39.6996
2
0
0
0
0
1
232.6593,158.4748,71.5692,55.5064
233.2870,143.0827,67.9276,56.6224
232.2441,125.6493,68.4037,57.0086
227.8650,116.7328,66.6272,59.0048
222.4855,110.6496,68.7427,57.6947
217.2854,118.2335,72.6076,55.1487
215.9445,121.9717,72.2703,55.5297
214.8495,128.0033,74.1475,55.6900
216.2629,130.4602,75.9446,54.7363
212.9915,132.8877,76.3724,54.3001
212.7929,132.8589,76.8135,53.5552
206.2631,127.4157,75.9971,53.2377
198.9563,127.0963,80.8410,53.5125
189.2090,129.4036,79.7381,54.0492
188.3725,124.9332,80.6285,54.5489
188.4137,127.7604,80.8630,53.6507
192.5538,128.8660,79.5684,53.1967
198.9967,131.4601,80.8443,54.4812
216.7722,134.4320,82.7703,52.7220
225.5306,135.7215,85.9746,50.8611
