1
711.2727,231.0824,22.5269,23.7791
711.5524,231.7632,23.2281,23.3927
711.9418,232.0619,23.6431,23.0107
712.8784,232.5538,24.2503,22.5614
713.5484,232.6172,24.2231,22.4709
714.7340,232.2293,24.1199,22.5659
715.6686,232.1843,24.2633,22.4367
716.3580,232.0171,24.3906,22.1812
716.8481,232.0882,24.4124,22.1253
717.3486,231.9660,24.4582,22.0179
717.6010,231.8705,24.3888,21.9680
717.9778,231.6170,24.2971,21.9062
718.5184,231.2269,24.1571,21.9567
718.5737,231.4588,24.1249,22.1895
718.3654,230.8493,23.9398,22.2931
718.5433,231.1827,24.0283,22.3574
717.7108,231.3093,23.7536,22.3832
716.9610,230.0918,23.4453,22.4879
716.4718,230.4233,23.7668,22.5424
715.9335,230.3213,23.8297,22.4679
715.0937,230.2011,23.5901,22.5964
713.7958,230.6177,23.2052,22.9141
712.9089,230.5893,23.2871,22.7950
711.2261,230.6342,23.2059,22.8614
710.0603,230.3347,23.3988,22.6776
708.4966,230.5190,23.2266,22.9792
706.4993,230.9881,23.3627,23.1659
704.6194,230.7612,23.5704,23.0354
700.6777,230.8142,23.7794,23.1693
699.2796,230.9196,23.8006,23.1065
697.1107,231.0774,23.6751,23.2313
694.3092,231.1857,23.5000,23.2514
689.8236,231.4663,23.4755,23.2577
685.8420,230.8810,23.6956,23.2488
682.9854,231.1843,23.8124,23.6337
678.2783,231.0647,23.9044,23.6347
673.3658,230.6657,23.2932,24.0623
668.9299,230.5089,22.8783,24.3060
663.9336,230.2593,22.8104,24.1922
658.9285,229.9829,22.9181,24.3230
654.8453,229.5552,23.4629,24.1430
646.7709,230.3646,23.3030,23.6887
641.8109,230.0869,23.5270,23.5397
633.5141,229.6788,22.9011,24.1470
629.2095,230.9168,23.0099,22.9589
628.7238,229.2618,22.6233,23.6414
635.6470,230.0824,23.0502,23.2510
639.5207,228.3231,23.2212,23.1360
649.9182,229.2887,23.1898,23.3029
656.8151,230.3050,23.7158,23.2183
660.9728,231.1573,23.6350,23.5156
668.5705,231.4280,23.6840,23.7384
672.9417,232.3627,24.0158,23.7370
680.3162,230.5562,23.7617,23.7058
687.3994,232.1076,23.9193,23.3835
692.0068,233.1920,24.0614,23.5083
696.7056,234.3324,24.0558,23.3443
701.3362,234.8354,24.1129,23.4980
705.8029,235.7522,24.3530,23.4257
710.5292,236.3755,24.6302,23.4556
714.5447,237.1029,24.9342,23.3307
718.6709,237.5530,25.1847,23.1886
722.3205,238.1653,25.2086,23.2406
725.4854,238.4231,25.3011,23.3014
726.2852,238.5296,25.1093,23.1546
727.6591,239.1126,25.1098,23.0922
730.7543,239.1066,25.1066,22.7052
731.4015,239.5669,24.9698,22.4147
733.5231,239.3396,24.5825,22.1646
733.7811,239.3812,24.5230,21.9693
733.6503,239.6212,24.5086,21.8002
733.3700,238.6933,24.2022,21.5252
733.3858,238.9675,24.2685,21.5510
733.0190,239.0956,23.9938,21.7778
732.1080,239.3615,23.6346,21.9291
730.8179,239.1208,23.4473,21.8696
729.2032,238.6733,23.3897,21.8135
727.8865,238.1150,23.2276,21.7092
725.5541,238.6502,23.1161,22.2299
723.6679,238.2923,23.1026,22.1703
719.7159,238.5408,22.9429,22.3289
717.3729,238.2293,22.9477,22.2686
713.6254,238.5025,22.3657,23.0727
709.3518,238.6141,22.5007,23.0597
706.3959,239.0155,22.6435,23.2270
701.1094,238.9955,22.6725,23.1973
696.3309,239.0649,22.6535,23.3070
693.0739,239.2224,22.6527,23.5185
687.0026,239.1508,22.5392,23.6794
681.3240,239.1025,22.7257,23.7170
672.5029,237.5734,22.5344,24.1180
668.3521,238.8203,21.4992,24.4525
661.2463,239.1138,21.9192,23.9313
652.7169,239.3420,22.0690,24.0903
647.5406,236.7583,22.1394,24.2909
642.3981,238.8613,22.3010,24.0751
647.4084,239.1230,22.3973,24.2923
654.5558,240.1157,23.0717,23.8081
661.0928,239.0941,23.3693,23.7257
668.6229,240.1141,23.5728,24.2009
675.9845,240.1184,23.4666,24.3197
683.6331,240.6568,23.7280,24.3360
688.3246,241.0528,23.8085,24.3655
693.2576,241.7413,23.8223,24.6302
698.0960,242.0453,24.0585,24.6915
703.0214,242.4010,24.3372,24.5864
707.8109,243.0478,24.7860,24.3781
712.6656,243.5347,24.5798,24.5759
717.2162,243.5632,24.7703,24.3854
721.0370,243.9110,24.7346,24.1716
725.2991,244.7918,25.0184,23.9571
728.6677,245.0311,25.1760,23.5404
731.3019,245.2946,25.0412,23.3570
734.3632,245.6827,25.0570,23.0050
737.3015,245.5201,24.6912,22.8797
737.8881,246.0869,24.7855,22.6961
739.1266,246.5799,24.9580,22.4443
741.4757,246.6017,24.6769,22.4406
741.7195,246.6802,24.7103,22.1525
742.3344,246.9037,24.7655,22.1274
742.5718,247.4803,24.9987,22.0690
742.0529,247.6929,24.8557,21.9626
741.7103,247.9964,24.7227,21.9219
740.9227,248.4593,24.2635,22.0898
739.9246,247.8413,23.8731,21.8893
738.2200,248.4086,23.6726,21.6693
736.0468,248.0412,23.3902,21.5130
734.1581,247.7778,22.8552,21.4796
731.1308,247.1774,22.6318,21.3786
728.3967,247.4510,22.2917,21.4675
723.7330,246.3457,21.7368,21.4814
719.4523,246.1878,21.6244,21.3659
716.5447,246.1404,21.6350,21.3155
711.1606,245.5074,21.4296,21.6149
706.5030,244.5603,21.5606,21.6706
698.6842,244.5370,21.6321,21.5781
693.1675,244.1800,21.6877,21.6163
688.1569,243.7987,22.1736,21.5847
680.1823,243.2641,21.9730,21.9340
673.8170,241.1809,22.2266,22.4384
668.6966,238.2323,22.9718,22.1334
659.4423,241.2744,22.6464,22.6272
653.3518,239.5122,21.0723,24.5653
643.8200,240.4725,21.4864,24.1665
645.8079,239.3737,19.7186,25.9925
656.0831,237.6960,18.5214,26.7859
663.3307,238.6911,18.0458,26.7909
667.2823,237.5068,17.4059,27.1845
676.8141,238.4460,17.1901,27.3969
683.8912,239.0180,17.1317,27.5307
690.5338,239.8329,17.2378,27.6627
697.4282,240.6432,17.1894,27.7198
701.3328,241.1512,17.3782,27.6076
705.0480,241.9207,17.4684,27.5222
712.0213,242.5548,17.2648,27.6187
716.1261,243.0191,16.9153,27.9862
722.8049,243.9533,16.9387,27.9329
729.4997,244.9299,17.2361,27.4598
733.3898,245.7822,17.4698,27.2535
737.1342,246.7636,17.4526,27.1513
741.0284,247.3963,17.6333,26.7661
744.6119,247.5915,17.5749,26.6755
747.9814,248.0128,17.5658,26.6106
749.0004,248.1018,17.5222,26.6864
750.2000,248.3700,17.4825,26.6664
753.5745,248.7399,17.3916,27.0040
754.2282,249.2978,17.3141,27.1283
754.7573,249.0500,17.1462,27.3152
755.1123,249.3375,17.2645,27.1499
754.7130,249.9482,17.1272,27.2385
754.3386,249.5023,17.1017,27.2660
753.5684,249.8810,16.9035,27.3240
750.2951,250.0000,16.6985,27.2049
749.3113,250.1242,16.7784,26.7822
746.0704,249.5938,16.6630,26.3411
742.7988,249.8462,16.5583,26.1107
739.8638,249.3401,16.5324,25.5971
736.1727,248.1366,16.3508,25.5828
732.6528,249.2477,16.0341,25.4253
729.3340,249.3014,16.2188,25.0394
725.1315,247.7959,16.2200,25.4631
719.5781,248.4311,17.7656,23.9217
713.4772,248.1932,17.4465,24.3885
709.0098,246.2543,17.6357,25.0335
704.5396,245.9787,17.5612,25.2735
695.1768,246.5765,18.8439,24.4806
689.1509,246.4785,19.7279,23.7712
680.6392,246.9038,20.6891,22.8430
674.4005,245.2948,21.8770,22.6340
668.6091,243.1283,21.5995,23.4996
659.2869,241.8840,21.9535,23.5485
650.6245,242.1341,21.5619,24.0786
654.2191,242.4675,21.4269,24.5416
658.1665,243.1099,22.3528,23.9366
661.6518,241.8661,22.8048,23.5377
668.6517,242.8858,23.4358,23.4085
675.7853,244.0866,23.8272,23.1756
680.2073,244.6527,23.9369,23.4121
684.8835,245.4723,24.2297,23.5246
689.7178,245.7094,24.2857,23.6986
694.4124,246.6017,24.4702,23.6516
698.4281,247.5651,24.5273,23.5848
702.8138,248.4467,24.7193,23.3664
704.5161,248.6116,24.5460,23.4468
706.2285,248.6098,23.7171,24.2741
710.3998,249.2805,24.4286,23.5954
713.9108,248.8447,24.2956,23.4212
714.9838,249.6195,24.5476,23.0011
718.1577,249.7710,24.6979,22.5638
718.5458,249.9077,24.6766,22.3374
720.2158,249.3931,24.3582,22.6500
721.3786,249.7981,24.3070,22.3527
722.4177,249.7599,23.9439,22.4937
723.4533,249.5501,23.3086,22.7521
724.1452,249.5306,22.8253,22.5573
724.2068,249.1894,22.1481,22.3179
724.4890,249.8189,22.0771,21.9947
725.7756,250.4804,21.8681,21.5960
723.9694,249.1474,21.4969,22.1735
723.8353,248.6954,20.7657,22.3150
720.7512,249.4247,20.6020,22.0755
719.6718,249.4515,20.4707,21.4246
718.1313,249.1890,20.4813,20.9920
716.4171,248.8637,20.3192,20.8241
712.4237,248.9901,20.6471,20.7202
708.9281,248.7827,21.0303,20.5372
708.1698,248.1157,20.9961,20.4079
703.6915,248.2287,21.3127,20.0802
702.7620,246.8020,21.1934,20.0605
700.7581,246.9948,21.0979,20.1335
694.1320,248.7397,25.0607,16.6429
689.2902,246.9849,26.6301,15.5404
681.2425,248.8112,29.1323,14.0615
679.3522,249.2532,29.8102,13.4639
677.2164,249.6472,30.8175,12.8383
670.9808,248.5708,31.6992,12.4526
669.0194,249.0550,32.6534,11.6484
663.3516,249.3667,32.4553,11.7032
661.3939,248.0282,32.2129,11.7999
664.1635,249.6131,32.9263,10.6939
664.2355,247.8254,33.6468,10.0000
667.1288,240.0626,34.3798,10.0000
669.7495,248.1456,34.2370,10.0000
671.1788,247.8839,34.4941,10.0000
673.2146,247.5275,34.7856,10.0000
668.3493,246.2058,35.0723,10.0000
669.3011,246.4291,35.1753,10.0000
669.2269,247.0246,34.9643,10.0000
670.3339,246.1192,34.0726,10.0000
660.3727,246.7059,34.6687,10.0000
655.5255,246.5627,35.1493,10.0000
655.0532,244.8612,36.3181,10.0000
655.8860,245.7103,36.8984,10.0000
659.2119,246.3922,37.2361,10.0000
661.1656,247.0295,37.8163,10.0000
663.0704,246.7394,37.8500,10.0000
663.5430,247.4752,38.4467,10.0000
665.6716,247.9053,39.2514,10.0000
667.8900,248.4661,39.0300,10.0000
669.9862,248.3743,38.8899,10.0000
669.5047,248.3331,39.2016,10.0000
671.2166,248.4213,39.5771,10.0000
673.1855,248.9682,39.5242,10.0000
672.6773,248.7521,39.9724,10.0000
673.4855,248.3606,40.6035,10.0000
675.0430,248.3623,40.5907,10.0333
676.0148,248.2283,40.8785,10.0000
675.5510,247.6850,40.9985,10.0000
675.4788,247.4400,41.1126,10.0000
677.9807,247.2086,40.3604,10.0000
677.8549,246.5903,39.8318,10.0000
678.0128,246.2941,40.1796,10.0000
678.0377,246.2469,40.3816,10.0000
680.6125,246.2899,39.8782,10.0162
680.6835,246.1400,39.7422,10.0000
680.8906,246.2565,40.1342,10.0000
682.8698,246.3088,40.1915,10.0000
681.7941,246.2347,40.4758,10.0000
682.8441,246.4531,40.8401,10.0000
684.5483,246.7203,41.3457,10.0000
683.0543,246.8225,41.3767,10.0000
682.8820,246.7032,41.4130,10.0000
682.4019,245.7189,41.8985,10.0000
683.0998,245.0291,42.1101,10.0000
683.9373,244.5512,41.8942,10.0597
684.2352,244.2467,41.5572,10.0155
683.1553,244.6643,41.8034,10.0000
685.1807,244.4514,41.7124,10.0000
685.4274,245.3624,41.5937,10.0000
686.8666,245.6794,41.7014,10.0000
685.6570,245.1623,41.6691,10.0000
684.7761,245.1387,43.1740,10.0000
686.4705,244.9798,43.7544,10.0000
687.4447,245.4276,44.4091,10.0000
685.3550,245.0858,44.4416,10.0000
680.1000,244.6939,45.5557,10.0000
680.7017,244.9265,46.6342,10.0000
680.8833,244.8673,47.0438,10.0000
678.2316,244.7825,47.7014,10.0000
679.0909,244.8540,48.3566,10.0000
683.0365,239.4129,46.1051,11.8375
678.2045,243.5592,46.7143,11.6054
673.1240,246.3852,41.7474,15.4407
676.9731,246.5749,38.4231,18.1414
673.9919,243.9673,37.0586,19.1971
674.4647,239.6911,35.8010,20.5133
2
0
0
0
0
1
692.5498,224.8109,33.9615,41.6258
696.8024,216.7207,34.9532,41.9868
701.8646,206.8809,35.2000,44.1761
706.8262,197.4978,35.8215,46.9381
711.2386,189.3159,37.3207,47.8141
2
0
0
0
0
1
691.0896,228.1357,35.1055,38.3058
692.5474,228.3714,34.7103,39.6760
692.7222,227.7707,34.3351,40.8850
693.1245,227.9661,34.5910,41.5461
697.8177,227.1472,35.3093,42.4181
703.8971,226.3319,33.2574,44.6002
712.4805,227.0414,35.2717,44.3480
708.6270,225.7611,31.3285,47.6787
708.3201,226.2329,31.6548,46.3365
709.4515,227.7798,31.4081,44.5353
2
0
0
0
0
1
665.8102,236.0770,29.3784,32.7346
664.3008,237.4263,29.6446,33.0276
660.3510,238.0344,29.9611,32.5384
659.6058,237.9635,30.1828,32.2489
656.8316,237.9957,29.9834,32.1930
