1
188.1848,348.0776,50.3448,105.6329
193.9850,351.3747,48.5901,106.7859
198.9894,353.8788,48.3520,109.9038
201.0851,359.6723,50.0641,110.6471
205.0717,363.4209,52.0253,110.3216
221.7527,366.7327,52.5120,109.2546
237.3652,366.2135,51.7874,111.8148
241.5210,371.9253,53.3715,109.8981
256.9340,374.1654,51.6459,113.6438
272.3936,371.7081,51.9755,115.8854
288.4820,367.8257,53.1820,118.6301
305.9192,363.1530,53.4571,120.7231
321.6595,363.2718,55.5742,119.9906
337.8689,360.9648,56.1111,122.1722
354.8873,361.5153,57.6508,122.2917
369.0320,366.1211,59.7888,121.5614
385.7599,375.5944,59.6142,122.9365
401.6650,381.0988,59.4592,127.2032
417.2808,399.9455,60.9490,127.8387
424.9091,412.3631,67.8470,124.3269
442.2190,396.1036,89.2744,104.9042
449.9971,403.2102,106.6056,95.5861
470.9775,401.6086,113.6906,95.9687
501.4720,415.7498,112.9176,100.5967
496.5998,416.2473,114.4986,105.6864
493.2881,411.5497,114.5503,109.9076
501.4926,405.6714,105.8791,118.9909
508.3235,405.1821,100.7736,126.3074
510.6441,405.1356,97.0747,129.7642
497.5353,402.9531,93.7533,129.6837
483.3076,413.0367,90.1400,130.4330
484.1883,403.1287,86.2958,126.4404
490.1359,376.3807,91.3448,117.8534
573.6317,376.4178,97.1381,113.4947
589.9612,379.9778,99.2952,112.6804
615.2829,384.7898,97.2265,112.9912
621.8909,375.5058,86.1498,130.5275
611.1260,389.7514,78.2687,145.1843
600.9685,384.0089,73.0162,157.9496
2
0
0
0
0
1
622.5936,165.1173,121.4673,151.8066
627.4515,143.6583,116.8871,160.1704
653.4316,120.6644,103.1383,176.9701
672.6909,113.8374,104.7609,180.5739
575.2950,244.7905,111.8449,169.0261
572.5677,246.6227,109.1091,166.0107
574.8072,218.3083,115.3020,160.4203
572.9553,197.3923,121.6983,148.8724
542.4991,181.0218,127.4282,138.2732
537.0084,164.2660,133.3743,135.6083
541.9445,133.3938,136.7054,137.6775
562.6972,119.3938,135.2022,139.1909
602.8607,178.6949,125.1403,147.4688
607.3809,183.7429,126.6028,144.1517
617.9729,193.1414,129.1597,142.1659
623.7064,213.4666,130.3132,141.0581
618.2048,221.1227,143.1738,127.4888
617.9364,240.8006,141.1799,123.8809
619.6473,251.1762,138.5159,123.8411
627.6528,254.6173,129.4379,132.5621
629.4280,261.8398,131.3123,131.6121
649.8323,283.5801,130.2623,129.8711
637.5410,305.1992,114.6953,140.0348
636.3383,326.4829,105.8953,146.0952
646.9584,345.8678,103.2630,146.8448
2
0
0
0
0
1
712.6047,475.5040,130.0132,151.6806
720.1769,469.6674,127.0533,159.9398
719.9074,461.7715,126.3511,166.6497
722.7723,454.3468,127.4175,171.6608
722.7465,449.8933,130.0039,173.9106
724.5079,444.4671,129.1315,177.3273
721.5023,439.8546,129.6307,179.8215
719.2552,436.3542,130.1316,182.5758
717.6367,431.3341,131.0609,185.5786
716.3170,426.9005,133.9907,186.3723
715.2120,424.5222,135.6576,187.7434
713.8542,420.7654,138.1653,188.9785
714.1677,418.5209,138.1213,191.7581
713.6497,417.6986,138.2076,192.7747
711.7559,417.9954,138.3536,192.4552
710.5034,414.6334,138.6476,193.1752
709.1160,412.8831,140.4623,192.2548
707.2112,410.9768,141.7953,191.7858
705.9172,409.2743,141.5429,192.7023
706.3209,406.3872,140.8702,195.3336
704.9695,403.8853,141.0186,197.6415
701.3740,403.8818,141.4727,198.4055
698.2087,405.2053,143.0500,196.6105
696.2756,403.3005,145.4140,196.4808
693.3210,402.0061,147.0428,198.5493
691.9285,402.4602,149.2946,199.1159
691.0871,400.8235,151.0629,200.9066
689.4396,397.4466,151.5106,204.5623
689.8656,394.8887,152.1817,207.9200
689.8593,397.1626,151.9483,208.9495
692.6534,398.3289,151.4594,209.5759
693.1528,401.1214,152.3319,206.8224
692.7468,398.6313,153.4865,206.1107
693.8293,400.1746,153.6541,203.1426
692.9900,403.2744,156.0072,199.2233
691.8644,402.5355,157.7731,193.6460
690.1371,394.4900,158.8316,190.3630
688.1238,393.3204,160.8722,186.4772
689.4923,391.1175,160.0138,184.6490
690.5665,390.3879,160.1171,181.4790
691.0777,388.4520,158.8664,181.0804
