1
300.1436,136.9232,72.9622,88.1683
297.5167,139.7235,74.6930,90.1291
298.4562,143.1558,74.9464,91.6321
300.5927,144.5118,74.9612,92.9366
303.1765,143.3078,75.1205,94.3114
307.3027,143.0815,76.0097,95.0419
309.1695,141.6839,76.5322,96.7555
307.4487,139.7217,78.8748,98.9034
307.0148,141.2025,78.9075,100.9532
307.3990,142.4030,80.1948,102.1054
310.1793,142.2985,81.7897,102.5421
314.0289,137.4695,83.6753,104.2276
320.2216,130.5356,84.4362,104.2750
325.2508,127.0446,84.8658,105.0945
327.3746,123.0433,86.3369,105.8633
328.8083,124.0644,86.3426,106.4321
328.4532,123.0717,86.9737,106.9389
327.1077,119.9423,88.5499,109.2262
330.1830,111.5608,91.0752,111.1126
335.4683,110.0156,91.0630,110.5281
341.3729,106.5143,91.9401,111.5547
345.2054,104.1529,93.0015,112.9709
349.4842,104.6822,93.5764,114.3671
357.8445,111.2818,96.4651,112.5512
367.1214,122.6389,98.9960,113.2993
373.2083,123.9193,98.7627,113.8538
369.0024,116.4818,97.9447,113.1465
359.6359,103.0490,96.2579,112.9658
351.4380,89.0887,96.1662,111.4423
341.7997,82.8080,95.6438,110.0585
334.6646,79.2066,94.4846,109.6241
329.9897,79.3059,94.8270,110.4611
329.7036,81.0569,95.3709,109.8075
333.0920,90.8013,96.9311,109.8499
340.5165,103.9763,99.3757,111.6174
350.1134,117.0220,104.5120,112.6172
362.1666,127.5391,106.6803,115.7378
364.2505,125.5362,108.4355,116.7422
359.7644,109.4234,106.1276,120.3943
355.7382,93.3968,102.3806,119.9101
355.3766,84.3950,100.1503,121.0125
352.4231,81.3069,100.4265,121.3632
351.0137,78.9668,99.8605,122.7443
349.6440,80.6767,101.8093,123.7955
351.7807,87.5964,102.8348,125.1607
355.0335,97.9028,106.0548,127.4633
358.2928,110.9639,107.6140,128.3537
367.4473,130.5681,109.3394,130.4814
367.4001,135.1710,109.0641,136.4785
361.3645,125.3488,106.8614,139.5184
355.5439,114.5204,103.7268,140.6460
352.5157,103.5990,102.7058,144.9081
347.3514,96.8200,102.7134,145.3004
344.2753,95.5536,103.4251,143.6117
342.4371,101.4709,104.3171,140.6714
342.1945,113.4519,102.1870,142.1048
342.7204,133.2602,104.2582,144.1285
341.1507,155.2137,106.6049,145.2220
336.5826,169.3108,107.0002,146.8297
330.5022,160.8803,107.2958,148.7421
325.0682,139.2568,106.5147,150.1231
317.2253,124.9448,104.5652,151.2742
309.1086,119.3590,103.9106,151.5115
302.9342,116.6527,102.9373,151.7644
299.5448,115.7870,100.3003,153.3417
296.8725,120.6711,100.0056,157.5306
296.5171,128.2987,99.6871,162.1628
292.1008,136.5036,101.0988,164.8604
290.6168,148.0878,102.0159,172.6758
292.9091,164.1706,104.2888,180.2474
294.4647,180.6687,107.7642,182.4198
289.8533,176.9128,106.7646,184.4036
280.9493,164.7442,108.3116,185.1637
277.3806,141.4332,103.5990,196.1814
269.5894,126.4320,105.9070,192.2347
261.2087,123.6828,106.0195,190.4202
259.2614,120.2085,102.4764,186.3188
257.3970,120.3765,101.1647,182.5345
255.5912,126.7478,101.8034,178.3906
253.7912,137.2124,101.4345,180.9815
249.9398,150.9554,101.2178,184.6054
250.1808,170.9471,101.4856,184.2193
247.2067,183.2169,100.3016,185.8160
241.5497,181.5176,99.9642,184.2959
239.1773,176.0070,99.0792,183.3905
235.8096,170.2280,97.7799,182.7089
231.4543,170.2431,96.9566,178.5859
227.8239,174.2721,97.2626,176.1416
229.6202,180.3381,95.1246,174.9765
230.6424,187.7683,93.7198,173.9566
230.7482,193.6352,93.6867,172.1013
229.5061,193.7096,93.1465,171.4823
229.0571,191.1036,92.1773,171.3913
229.1097,191.8715,90.4234,171.3465
231.8756,189.7042,88.0365,171.6358
235.2789,189.0072,87.5591,170.9405
235.4165,187.3083,87.4859,171.5795
236.4991,185.9077,88.0649,174.2919
237.4032,180.7900,89.9770,175.7310
240.9310,177.6487,89.3504,178.4717
244.0550,172.5606,89.0139,179.7350
245.4637,171.9094,90.3020,180.6387
247.0937,165.2178,90.6109,184.1284
245.5248,153.6893,92.3202,187.7091
243.9112,155.6328,92.5336,185.9488
243.0804,164.0799,94.3201,184.0367
240.3725,160.2557,96.7884,183.5063
241.6719,162.1470,99.0654,180.2942
251.3360,163.9842,96.9827,183.5558
249.4918,155.8183,94.2545,187.2223
252.5885,166.9963,90.5139,188.1199
252.1423,168.5352,90.0613,187.4037
248.3901,176.2449,90.5642,186.6985
248.9024,180.0653,90.7983,185.4996
245.6953,173.6231,89.1198,187.7379
234.5278,157.6342,90.0482,191.5433
162.9766,178.2906,93.3516,183.3839
2
0
0
0
0
1
247.2549,132.9574,61.9062,76.3214
249.3184,131.8107,62.3712,78.9512
251.7030,130.9666,64.1348,81.8932
254.4755,129.6624,63.5216,83.1582
261.5801,130.4666,63.7143,84.3094
264.9191,130.2968,63.4828,82.1019
223.6823,60.8051,57.7534,91.6216
2
0
0
0
0
1
272.4795,145.2266,82.7728,95.9861
276.9707,146.5582,81.7368,96.1819
274.9650,144.7841,81.9480,96.9329
268.8745,145.0842,82.6532,96.2696
264.9885,147.1457,81.1833,95.9237
265.1199,147.4773,81.0851,97.6612
263.4568,148.0894,80.4802,98.2718
261.2538,144.4200,81.6603,99.7022
259.8419,144.5557,79.3213,99.8874
259.2038,137.7816,81.7217,98.8299
251.6233,132.7234,82.3531,98.7265
248.9922,132.3784,81.5466,97.8749
240.3833,133.3992,82.4247,96.4451
233.4923,135.9451,81.2606,96.2081
224.8889,137.8841,82.9256,96.4063
217.5652,135.6239,81.1581,97.0589
218.3574,141.0727,78.1349,96.3091
216.5699,138.2787,76.6007,98.8909
216.1340,135.8568,75.8426,97.0401
214.0238,135.7469,74.6377,94.6295
209.9121,135.5993,74.4538,95.4655
208.3895,137.5334,74.9538,96.7144
208.4020,142.3744,76.5056,96.5696
206.8329,142.7669,76.0361,97.1647
209.7224,141.3900,76.0507,100.0588
212.7140,144.6385,75.9795,102.5093
219.1631,146.3932,74.7737,106.2614
226.9770,147.2232,74.7170,106.2171
232.8598,148.7866,73.9462,105.2046
237.9270,151.0457,73.8069,104.1690
245.1145,154.9816,74.9492,103.3666
252.5533,154.1322,74.6878,101.0109
259.5369,156.1387,76.5037,98.5451
265.5651,159.8858,78.6898,95.1226
270.8759,163.7477,78.3956,93.9876
274.2181,167.9904,78.5353,93.2622
279.0372,170.7563,77.7422,93.0722
283.9171,174.0314,76.4994,91.9737
290.2447,175.9393,74.5121,90.2910
295.6237,178.2292,73.7141,88.6396
300.5912,179.5658,72.4871,86.4337
304.5789,177.9687,76.2625,83.8721
305.1179,177.8197,76.5993,83.8560
304.2266,180.6508,78.8687,80.1855
304.9940,177.5832,80.3300,77.3166
305.2260,176.4950,84.4187,73.8391
313.7205,172.9171,85.2875,71.9643
323.2776,171.3326,88.4848,71.4521
326.6926,170.4372,88.9922,69.0961
331.9442,167.5558,90.0103,69.4039
336.4518,170.1734,89.1902,69.8789
340.2275,174.5184,87.2088,68.3528
345.1648,178.8934,87.1235,69.1891
346.2518,176.8817,85.2753,69.5497
343.6841,168.4866,82.0540,73.7804
340.2656,162.1683,79.5975,76.3504
340.7841,158.6902,78.0683,77.7185
339.5738,157.8319,74.5042,81.0898
339.0680,166.4722,73.6285,83.3868
337.0297,176.5374,74.5078,80.6935
342.2494,183.2553,73.1075,79.7649
344.1376,191.0813,72.6728,78.4188
346.4548,187.6438,72.6625,78.1359
342.7296,177.0051,72.9064,81.9515
343.0989,166.1371,70.1758,84.7899
340.2329,155.0522,69.9203,85.0985
337.0459,150.1623,70.9911,88.3693
334.1304,148.8420,72.0239,90.5300
333.9894,158.7221,68.8394,91.0958
331.4307,161.7959,70.0893,91.8826
328.4080,167.3682,72.9858,92.3334
321.3721,171.1996,73.5043,94.1277
314.5125,167.0041,75.1004,93.3812
308.0512,158.3768,75.0571,94.0015
303.5687,152.5655,74.1713,92.0112
298.2439,150.3005,74.7544,92.6186
291.8062,154.8592,75.8940,91.6301
288.5816,159.5970,76.3075,91.7567
285.8490,164.4978,74.5322,91.4365
285.1139,174.2380,74.2010,91.5779
286.5964,183.3385,72.5623,91.2933
287.2802,189.5976,73.7545,93.0949
290.8564,183.4639,72.9877,92.6098
292.5754,178.8671,72.1285,92.3426
290.4408,173.2174,72.9675,90.5084
291.3799,168.4779,72.9797,88.8850
291.7912,168.8141,72.6863,88.7831
289.8510,172.0536,73.2556,89.6488
288.7672,180.0802,74.7779,90.0747
286.2526,187.9981,74.9663,89.3085
284.7780,190.4534,74.1475,89.4594
283.9312,185.3393,75.1198,89.1987
284.6400,174.5828,74.6112,90.0216
281.8430,165.6717,73.0723,91.5862
281.2126,161.3275,73.3733,90.6132
280.3971,163.0966,73.0693,91.5840
280.0143,166.9925,72.8674,92.9094
279.1542,171.9276,72.7759,94.6351
277.7892,179.5128,73.9800,94.6734
274.9855,185.6510,75.8679,95.9835
272.9515,186.7039,76.7854,96.1969
277.2628,173.0932,76.3747,97.8564
280.0800,177.8207,74.7944,101.7087
283.7653,183.4818,72.9851,103.8370
289.2219,186.5888,71.4760,109.2552
293.0244,186.7245,71.7133,110.6478
294.0060,175.9209,72.7953,111.9335
292.7876,165.0995,71.8255,112.2324
292.1436,156.4162,71.1655,113.2934
293.0237,149.7752,70.6734,115.9701
290.6746,145.8715,70.3533,114.4987
291.1470,145.3998,70.4897,114.1569
291.7030,146.8073,69.6912,115.6352
293.4214,151.0069,69.5624,115.3267
295.5378,153.6307,68.8981,115.2287
295.8908,151.6308,68.4754,113.6420
295.8396,145.0970,68.1752,112.1513
296.6344,135.7870,69.9153,110.3428
297.1267,128.3486,67.8402,110.7029
297.5819,126.1578,65.6587,110.6624
298.4956,126.3640,64.5832,112.7281
296.6083,127.9737,65.8302,112.7826
295.8523,130.0880,65.8224,112.0999
296.2798,135.7536,65.0997,113.0466
295.5961,139.3653,64.7158,114.1719
292.9431,137.6343,64.9080,114.2297
289.4330,130.5167,64.7507,114.4874
286.2601,123.5489,66.4746,116.8045
286.5238,121.1661,67.2355,118.7944
284.7594,123.6995,68.3638,120.9815
281.2506,128.1485,70.3537,122.9118
278.5297,136.9026,70.7647,124.9880
280.8462,146.5113,69.0380,130.2826
279.1725,156.8608,69.9890,137.2212
275.1178,164.0373,71.5778,138.3994
271.8992,161.7825,72.0907,139.9367
269.3033,161.3363,72.2749,138.5717
267.5045,157.0790,72.6787,136.5701
267.3102,156.4357,74.4182,133.3602
265.9170,156.1806,76.6047,132.9267
266.8168,156.5718,77.2211,133.2752
269.2195,157.2278,77.7758,136.8223
270.9573,161.0296,78.4260,139.2637
273.5944,161.3236,80.1311,143.8761
272.3286,162.5394,80.6958,143.8462
273.3827,156.7132,80.7802,145.5451
273.4652,148.6925,80.4113,145.9436
274.3556,142.0067,80.0504,146.1141
274.8039,142.6765,81.6133,144.8524
274.8883,144.3551,83.2916,146.3067
273.4875,146.1281,84.3728,149.0157
271.1273,153.4358,85.9139,148.9095
268.6770,156.5381,87.7441,149.3689
270.5044,153.0101,88.2734,150.4957
270.5102,144.0421,88.9131,150.4369
274.6145,136.4844,88.8004,149.8127
278.2291,131.7301,88.0479,151.0128
280.9221,131.9965,88.9329,151.7069
281.9021,133.2995,89.3037,153.1923
282.1601,136.8192,89.2165,154.8077
284.3610,141.6500,90.0454,155.2744
282.2966,144.2695,90.9947,159.7503
280.8808,145.6173,89.8422,161.0870
280.2956,135.4243,88.9706,162.7171
283.1834,132.6250,87.3790,161.6057
285.7863,124.0847,86.3397,162.2893
284.3564,125.6201,86.8067,157.2753
284.9022,126.6553,87.6410,157.9070
285.1806,132.4590,88.4321,158.0379
283.6686,140.6566,89.3532,157.1543
284.0691,146.9270,88.6480,158.3003
285.7667,154.7331,90.2181,157.3012
286.5479,150.3373,91.3504,157.7512
287.1913,142.8390,92.2572,157.5842
287.8353,134.5146,92.8206,157.1641
287.6823,125.0595,95.1608,157.0536
291.4640,121.2978,94.3116,159.4052
290.2110,118.0039,95.5042,160.1344
288.1432,121.0446,96.5086,159.7913
286.6018,124.6525,96.4980,160.1599
286.1230,129.9073,97.2437,162.4337
281.8168,132.0433,101.7851,164.3913
281.6742,127.8597,100.9875,163.5925
280.3867,117.5650,101.1625,166.1126
282.8582,110.8826,100.9853,168.0376
280.0869,104.9943,101.1107,168.4524
277.4836,103.8248,102.9343,168.3644
273.7812,109.2866,104.4656,166.7426
269.3540,114.3534,105.1118,165.3632
270.6299,118.9522,102.8076,167.5993
270.2289,120.0080,98.9743,170.6578
270.1433,114.7454,95.2319,175.2878
270.4490,106.2326,93.6605,178.9525
271.5416,100.8511,94.3406,175.9968
270.8029,96.4185,94.0376,174.3815
273.0747,94.8278,91.6584,176.0361
273.5529,95.4458,90.3405,175.0526
272.7564,99.2726,89.5531,172.7833
272.5128,106.3959,90.9309,170.2903
272.9890,111.9080,91.0656,168.4549
274.3470,118.8319,89.8618,169.7272
275.1212,118.9435,89.5664,168.3909
275.8181,112.4305,89.3115,168.8404
277.0207,105.4736,90.1808,167.1161
279.6682,99.7806,88.3869,166.5909
282.4533,102.0723,88.1086,164.1886
284.1266,106.1280,87.9122,162.6027
284.1622,107.2546,90.3931,164.8330
285.7993,112.1668,92.0707,164.1532
290.3599,114.8898,92.0138,163.2422
293.1343,113.9594,90.4816,166.1388
295.1522,113.8505,90.4100,166.7310
294.4343,117.2557,88.3999,165.8416
292.6668,112.7230,87.3746,165.3456
290.3900,109.0649,87.1500,167.7576
290.3382,103.0541,85.1695,171.3607
292.8208,99.3761,83.3409,173.8639
292.9476,95.2401,83.4680,177.5981
293.9265,86.7258,82.3330,184.3595
295.4612,78.4751,80.7981,190.1091
293.5849,76.5350,79.5698,195.1326
292.3233,74.4602,80.4102,198.8538
292.9478,76.9195,78.1436,200.4624
291.0752,75.4398,78.6406,201.0437
286.8940,73.3196,79.9991,204.1351
279.9303,69.8627,83.8121,208.9661
277.7126,68.3465,85.5179,210.0359
273.6159,65.6326,87.7272,214.1515
272.9598,65.3181,87.4729,216.9445
269.1899,66.6009,89.1633,216.7522
266.6123,64.5042,91.2863,218.4887
265.0629,68.4778,88.6918,217.0602
263.4080,71.1186,89.0910,216.4012
265.8776,72.4044,88.5721,217.3686
268.1938,74.5621,89.5230,218.5578
269.3996,75.7007,87.3599,218.3232
270.4614,75.9040,85.0786,218.7570
271.0919,81.5126,85.6430,216.8737
271.3470,85.3151,87.2442,214.5329
274.9184,88.0563,89.7699,212.2775
278.7687,91.2611,90.4913,211.2139
282.1861,97.9369,91.2933,211.0367
285.2241,104.6494,93.3275,208.8773
284.1830,112.6338,97.0369,208.4627
285.3851,115.9449,96.3273,210.8936
285.4093,117.8820,97.0104,213.5023
287.0902,124.8387,95.1180,217.0005
285.9705,135.9943,94.5974,218.3199
284.7887,145.3883,96.3724,216.5392
286.1461,145.3245,96.9325,218.3625
286.7672,146.2158,97.4193,217.5663
285.3689,144.3440,99.4246,218.6880
282.3155,144.2218,100.1291,218.0331
277.8752,146.6305,101.9128,215.8262
273.5970,143.1519,102.2668,214.2516
