1
397.9556,186.6414,29.5086,31.3336
398.1134,186.8621,28.7652,32.5110
398.5368,187.9453,28.5576,32.8880
398.5654,188.9765,28.4904,33.5149
398.9853,189.9737,26.9331,35.2727
399.9478,189.5240,25.5187,37.2810
400.8669,189.1796,24.7013,38.7269
400.7051,188.9897,24.0398,39.4993
401.4827,189.2334,23.6276,39.7674
401.2492,188.5350,23.3019,40.3791
401.3437,188.7765,23.0552,40.4967
402.1895,188.3522,23.2425,40.9518
403.0627,189.1788,23.8770,40.9055
403.2349,188.8628,23.8264,40.8942
402.9308,189.0930,23.7822,40.8845
402.3084,188.1840,23.6046,40.8941
402.1152,187.9464,23.7613,41.1025
401.7591,187.6796,23.4635,41.1909
402.1964,187.9333,23.6035,40.7585
401.9855,187.9333,23.6634,40.3257
401.5849,187.6712,23.7574,39.9324
401.2868,186.8744,23.8908,39.7711
401.1960,187.0527,24.0283,39.3336
400.9387,186.9330,24.1768,39.4218
400.7564,186.7291,24.3748,39.1234
400.5064,186.9217,24.2946,39.1409
400.4929,186.5055,24.2015,39.4731
400.4227,187.0734,24.6961,39.5193
401.1239,186.6156,25.2345,39.6511
400.3632,186.0922,25.1514,40.3154
400.7265,186.2085,25.1571,40.4187
401.1434,186.1768,24.9636,40.3122
401.5777,185.9095,25.0012,40.3963
401.2874,185.4946,24.9150,40.2796
401.7488,185.4856,25.0028,40.3419
401.4107,185.7045,24.9114,40.2806
401.7342,185.9833,24.9954,40.6323
401.5347,186.4838,24.9980,40.2688
400.7962,186.9916,24.7488,40.4532
399.9937,187.1277,24.4318,41.0610
399.6673,187.5627,24.3430,41.1790
400.0158,187.1785,24.3148,41.4669
399.8119,187.4122,24.4219,41.4658
399.3459,187.3476,24.4888,41.4963
398.7021,186.9974,24.6297,41.4262
398.1528,186.9867,24.8038,41.5327
397.6482,187.2612,24.8097,41.4681
397.2977,187.4640,24.8202,41.5091
397.0480,187.4213,24.7901,41.4879
396.5158,187.0241,24.8645,41.3637
396.5888,186.6734,24.8520,41.6849
396.7751,186.0685,25.1735,41.8444
396.9738,186.7643,25.4024,42.1337
396.8865,186.7721,25.6351,42.4916
397.4539,186.2605,25.7977,42.4866
397.3084,186.8459,26.1809,42.9077
397.1648,186.5553,26.5443,43.3740
397.1270,187.0582,26.6493,43.3741
396.9138,187.2521,26.6795,43.2710
396.9157,187.1520,26.8737,43.3598
395.5134,188.5237,29.3894,41.8159
393.8427,188.6537,31.2349,40.7721
393.3120,188.9835,32.8327,40.3043
391.9645,189.3130,34.0959,39.9810
391.2144,189.8916,35.5587,39.7586
390.3047,190.3941,36.0322,40.3730
389.4909,189.3580,36.8974,41.1645
387.8833,189.6279,37.6417,41.9443
386.4815,189.4165,38.3811,42.8768
385.7621,188.7138,38.7961,43.6554
385.2263,189.2077,39.7840,44.5213
383.4887,189.1993,40.5578,44.9749
382.8415,189.6400,41.1517,45.1098
382.1856,189.5952,41.3505,45.2610
381.6414,189.5197,41.6154,45.4690
380.2366,189.8495,42.1001,45.4006
378.8941,189.9082,42.2154,45.5842
377.5816,189.7565,42.3787,45.8380
376.8922,189.4431,42.3704,46.1889
375.9174,190.1541,42.6642,46.3724
375.4418,188.6702,42.5810,46.7037
373.5870,188.1948,42.3595,46.6388
371.9117,187.8373,43.0331,46.8129
370.1815,188.3520,43.4499,46.6963
369.6352,188.7273,43.4180,47.1360
368.3426,188.6867,43.1478,47.1978
366.3004,188.9638,44.8913,46.2094
365.0345,189.8292,44.8582,46.0626
364.8282,190.1534,44.9093,45.7099
362.7532,190.0880,46.2285,45.1978
361.8019,190.6272,46.8810,44.7734
360.3974,190.3770,47.4336,45.7234
359.7234,191.0284,47.4201,46.3923
358.7768,190.2268,47.2295,47.6305
357.2502,189.7538,47.3917,48.3537
356.7771,190.7066,47.4055,48.6066
356.0206,190.3990,47.5081,48.5165
354.0898,190.3751,47.9998,48.1223
353.4879,191.4232,48.4172,48.0750
352.2351,191.4436,48.7402,47.7502
350.4628,191.7302,49.2723,47.3449
347.8798,191.8972,50.0863,47.1143
346.7998,192.7351,50.4980,46.8039
345.8607,193.5939,50.2664,46.9052
344.3380,193.7982,50.1254,47.2361
343.1214,193.7731,49.9451,47.4190
341.8869,193.7837,49.3620,47.6826
340.1268,192.8419,49.1363,47.6854
338.9610,193.4644,49.7562,47.4979
336.3249,194.1234,51.0505,47.3919
335.4611,195.2276,51.9915,46.8294
334.8301,195.6996,52.2599,46.8834
332.8870,196.0919,52.9335,46.4954
331.2289,196.4406,53.5468,46.3510
329.8721,197.0201,53.7691,46.7853
328.9258,196.9448,54.5395,46.7999
327.5212,197.3138,55.0232,46.8537
325.8917,197.3151,55.1257,46.9983
324.3315,197.3226,55.4140,47.4729
321.1112,197.3853,56.0648,47.5486
319.3018,197.5804,56.5591,47.4408
317.1124,198.5698,57.1472,47.2132
315.1133,199.1085,57.7360,47.3490
312.2758,198.9629,58.6401,47.6347
310.8378,198.9695,59.2321,47.8503
309.1551,198.9713,60.1932,48.2199
307.8016,198.7923,60.4778,49.0490
306.1869,198.5303,60.7518,48.7367
304.9553,198.7678,61.4801,49.2498
304.1426,198.3842,61.5874,49.5762
301.3365,198.7824,61.6660,49.5321
299.3510,198.3159,61.7625,49.7174
297.2041,198.1894,61.8738,49.7485
294.6620,198.1009,62.3611,49.9807
293.5019,198.5102,62.9610,50.3195
292.0515,198.5855,63.5805,50.3787
291.6200,199.6850,64.1249,50.1923
288.9666,199.7097,64.9202,50.5630
287.5878,200.1401,65.8273,51.3283
283.9635,199.4368,66.7187,51.7339
282.4178,200.0881,67.6186,52.4980
279.9320,199.7653,68.5169,52.9715
277.4303,199.2860,68.9217,53.0108
274.6211,198.8938,69.7022,53.1616
272.6231,198.6086,70.0116,53.0884
269.6747,198.7211,70.4893,53.8877
268.6753,198.5901,71.3295,53.7708
266.3751,199.6631,72.5138,54.2729
265.8340,200.2499,73.0109,55.0845
265.4280,199.6608,73.4412,55.8348
264.4957,199.3807,73.8747,56.5985
260.7143,199.0014,74.9390,56.8185
255.0317,199.9487,75.5948,57.1070
252.2813,199.4389,76.3947,57.0864
249.1759,199.2874,76.1758,57.1247
246.9901,198.5703,75.6181,57.3037
244.6505,198.2073,75.4010,57.7411
242.4947,198.4317,75.5785,57.0397
238.9158,199.2190,76.6406,57.1192
236.5252,199.8036,77.1790,56.9089
233.4388,199.9029,77.8514,56.8718
232.6547,199.5978,77.8522,57.4179
230.2492,200.1569,78.3738,58.1728
227.9613,200.1237,79.3284,58.3910
225.1791,199.1456,79.5308,58.6639
222.8971,200.0831,79.1586,58.8201
219.7289,199.7525,79.5447,58.9083
216.7237,198.8276,80.4023,59.5879
214.7231,199.0860,81.0875,59.5358
212.7647,199.1937,80.8131,60.0747
210.4807,199.4492,81.7318,60.0464
208.7133,200.7973,83.3901,59.5789
207.1892,200.9791,85.2308,59.5844
206.6947,201.0098,86.4217,59.3206
204.1760,200.3284,87.9689,59.7248
201.5867,201.0357,90.0048,60.0750
200.5099,200.1341,91.1625,59.8823
198.5302,200.4219,92.3815,59.7423
196.2419,200.3627,94.7672,60.0182
193.7234,200.4816,96.6698,60.2079
190.9700,200.0157,99.2446,59.6271
188.1245,200.5834,101.5463,59.5598
187.4068,202.3707,102.8152,59.4869
185.6195,201.8401,104.2993,59.2489
183.1506,202.1399,106.1886,59.4638
182.8960,202.3256,107.1750,59.7533
182.0733,201.2129,107.8691,60.3030
180.3116,201.0471,108.1551,60.5962
177.7899,201.8448,108.4992,61.2920
174.8760,202.3844,109.1826,62.1234
172.3900,203.6652,110.9784,62.2587
169.1476,203.6258,112.3268,62.5553
166.0882,204.9534,113.7797,62.3489
163.3694,204.8029,114.8704,62.5176
162.0561,204.2608,116.2625,63.2307
158.8111,205.4968,119.4988,64.0785
155.9712,205.2632,121.0930,64.6561
152.5609,203.5646,122.9383,64.6997
148.4526,204.7010,124.3306,64.7614
144.6220,203.1419,123.5476,65.9704
140.2956,202.5287,122.5788,67.6503
134.8915,202.0567,120.8798,69.3555
131.4754,200.7417,118.2035,71.6873
126.8221,199.8551,115.9176,73.0351
123.3154,198.8195,114.4891,73.8331
121.9202,199.2484,112.6837,74.0043
119.6504,198.3468,111.4623,73.9684
114.6974,199.2410,111.3338,73.1448
112.0646,200.8515,110.6272,73.3401
109.3571,200.5198,111.1564,73.5866
106.5021,201.5351,111.3627,73.8225
102.1323,201.4912,111.8692,73.4291
101.1693,201.0916,111.6982,73.2266
98.4448,200.5902,113.0065,73.3761
96.1124,200.3098,113.7154,74.0419
95.7473,200.5197,114.9670,74.3935
94.6192,199.1976,115.2477,74.2965
89.8933,198.3103,115.9660,75.2790
87.1962,198.9216,117.5992,75.5996
87.0654,198.8217,117.7515,76.2775
84.2548,197.8341,118.6945,76.4259
79.9648,198.2563,119.2199,76.4545
77.2699,198.7563,120.1531,75.8763
75.3297,200.1639,122.0186,77.5646
74.9629,201.3529,122.7581,79.0996
70.9259,199.9829,124.6747,80.0310
70.2161,199.5910,125.5874,80.4483
67.7273,199.4557,126.0339,80.5648
65.6451,199.0548,127.0291,80.6902
63.3149,198.0592,127.7180,81.0628
60.1818,197.5664,130.2437,81.3522
60.0287,195.6240,129.7697,83.0878
60.0913,195.0810,129.1772,84.1373
57.6960,195.0283,128.9895,84.8590
56.4630,195.3551,129.5518,86.0649
51.6605,194.7432,130.3979,86.8455
49.0322,195.0040,131.2776,87.8762
46.4918,195.8190,130.8876,88.8955
44.3606,195.1008,130.2913,90.5631
43.3584,192.9538,128.9277,91.2560
42.5690,192.6050,127.5498,90.3024
40.4762,193.0602,127.6517,89.4334
38.9491,193.0256,128.4476,88.9036
37.3538,194.1831,129.4601,88.0461
33.9861,193.4895,130.3967,88.0144
29.7267,193.3406,131.7402,87.8127
24.1766,194.4601,133.0775,87.7047
15.8153,193.9940,133.6084,88.2222
6.5430,195.9732,134.0079,88.3481
-0.7647,199.5240,134.2998,86.4818
