1
288.4641,152.7386,91.6417,196.0813
287.4395,152.6666,93.2642,196.3939
286.9119,151.7387,93.4152,197.3671
284.6338,148.0692,92.0403,198.8342
283.9548,148.7120,91.6398,201.0822
283.7982,148.7253,91.1323,199.9120
283.3055,150.1358,91.4981,199.6836
286.0742,150.6897,91.7727,199.6119
286.9880,147.0589,91.5170,199.9442
289.7527,148.3476,93.8118,198.9326
290.6427,144.0969,94.8932,200.7876
289.0325,141.5270,95.9039,202.6167
289.3193,144.7827,98.3348,199.1758
288.2217,142.7893,100.4939,198.6557
289.4363,136.7024,101.8937,202.3037
287.8724,136.8915,104.2914,202.7486
289.5411,135.9176,106.4246,203.9805
292.0149,135.7447,108.0427,203.2993
290.2997,135.8250,108.8580,202.0938
288.2113,133.5056,109.1418,203.2281
288.1020,132.5198,109.6656,205.2434
288.3524,131.1681,110.7794,206.3619
286.7577,135.0377,111.3158,205.1185
286.4136,136.1659,111.7556,203.0826
289.8211,133.8182,112.5787,202.1647
292.5592,135.0312,111.7736,200.3828
293.7006,141.7060,111.1439,197.8961
291.1844,137.7615,111.5041,196.9633
290.4180,138.2509,111.5093,195.7103
290.6786,135.9132,110.6983,196.0695
292.5808,137.0255,110.5865,194.7555
291.6958,142.2494,109.1468,191.4609
292.7924,139.2578,107.1348,189.4549
291.4548,140.7166,105.7588,187.0126
295.6870,134.3609,105.1335,187.3639
298.5223,128.6318,106.9008,189.4670
297.5923,125.1777,107.3752,190.9989
297.9033,126.5317,107.8552,190.8467
294.8724,126.9114,108.2191,189.3000
293.7392,127.8407,106.3179,186.8647
296.1879,127.0523,106.0352,185.3554
297.9595,121.9636,103.8622,187.3460
301.3707,120.6704,103.9935,186.4329
301.7673,118.0925,103.4757,187.2277
301.9905,120.3935,102.1060,185.4635
303.1490,121.9004,100.1001,183.4338
304.1780,119.3953,98.6667,183.3067
306.7444,120.5529,97.7759,182.1665
308.4171,118.5759,95.9069,182.4716
309.0607,118.0407,95.0683,181.4366
311.7370,119.5018,94.2755,179.9215
312.6801,121.8380,93.8139,177.6544
314.2633,122.0341,92.9764,176.6154
314.6595,124.5153,92.2779,175.5389
315.6267,125.0290,91.4030,174.5407
317.9912,124.8037,90.1603,172.8635
319.8238,128.1925,89.4789,170.9017
323.6165,134.9517,87.4110,165.9269
327.4573,133.5173,87.4500,164.5791
329.0982,132.4979,86.6340,165.2463
332.5117,128.5937,83.8102,166.2943
334.3292,135.2122,83.7207,164.9673
334.8539,136.7131,86.0236,162.5161
336.2906,139.9058,87.0049,159.3726
338.8634,141.4498,88.0473,157.1329
340.6561,141.7741,88.0377,154.8302
342.6207,144.1277,87.2811,152.0442
341.6717,145.4047,86.7385,149.7162
344.3447,144.4684,84.8278,149.9188
348.4047,143.9777,82.6963,149.7627
347.9214,144.0337,81.6274,149.6524
351.2894,141.7831,81.8007,150.3232
352.0946,142.0215,82.8027,150.5884
353.0544,141.9044,82.2834,150.7862
354.3441,141.8525,82.7314,149.8758
353.9311,141.8127,81.7320,150.3176
355.9840,139.1132,80.1301,150.3857
356.0266,137.9140,78.6030,151.3316
357.3141,134.6628,76.9453,152.1517
360.6083,132.7245,75.0340,153.3100
361.3292,132.7325,73.8822,153.1388
362.7872,131.6816,73.2513,153.5524
368.4547,143.7015,72.1071,149.9516
369.4466,132.7396,72.7104,150.8332
372.0056,132.6015,72.6121,151.3496
374.6600,131.2068,72.4945,151.2747
377.2989,129.2403,72.1559,152.0143
377.0594,137.5483,71.0875,149.7679
377.8535,131.1939,71.2502,150.7441
380.1768,130.0532,70.8866,150.6700
382.1345,132.9538,71.0183,150.5540
382.2324,132.4052,71.4254,150.0454
383.0864,132.1084,71.3956,150.8321
385.7071,131.4142,71.0940,151.5497
386.3683,130.5601,70.4906,152.9091
388.5464,128.9352,70.0001,153.7099
388.9276,129.3660,70.3201,155.2366
391.1053,129.2388,72.0575,155.0040
391.0971,128.0336,73.8428,155.4833
392.1829,125.6475,73.5411,157.0341
391.8461,124.1754,73.7384,159.0194
391.2233,121.7849,72.9560,160.7854
392.0035,120.7278,72.7930,163.1556
391.0898,120.1686,71.9977,164.9306
388.8221,119.5647,71.2380,167.3528
387.1920,116.8292,70.4659,169.9419
386.3714,118.4038,70.8587,172.1098
385.5724,115.7174,70.4200,173.2764
382.6655,121.1846,68.2398,173.6470
383.7440,117.1076,69.4893,173.5000
384.7969,116.4629,71.0553,173.9309
382.7677,111.6171,70.5547,175.2206
379.5034,115.1762,70.5015,176.8840
379.2723,114.9074,71.4103,177.8237
377.8405,114.8368,71.5027,178.8320
376.0544,113.5790,71.0934,180.1259
376.2225,115.8072,71.3390,181.9579
376.2017,111.2851,71.2246,184.3454
372.3737,112.0847,71.2944,186.2757
374.5849,106.9473,72.2958,187.9875
372.9149,107.2035,72.1858,189.2935
371.1808,110.2794,73.2229,191.5737
372.1674,106.9597,74.7364,192.0892
368.5316,107.3148,74.8177,193.3470
368.4630,107.0520,76.0047,194.0526
369.0054,107.5584,77.0900,193.9080
367.2314,106.3937,77.2653,195.4064
364.3838,105.0206,77.2127,196.7871
365.1615,106.0039,78.8454,196.0437
363.2151,115.0106,78.9733,194.4468
363.8822,106.8251,79.6368,197.1750
361.4810,107.8250,80.4587,199.0864
360.4567,106.0780,80.6189,200.3420
359.7756,104.5297,81.0980,201.9907
360.8756,104.3545,82.5232,203.4430
360.7584,104.4841,83.3344,203.1183
360.3536,110.8807,82.8827,201.4194
358.1405,106.2966,84.9025,200.7871
356.7248,108.9182,85.6956,202.1245
356.7732,107.4652,87.0169,202.9959
355.6109,106.0043,87.2268,203.0821
355.2501,106.9604,88.1093,203.8494
355.9197,106.0145,89.2301,204.5691
356.0008,108.0012,89.9985,204.8781
355.4267,109.9974,91.2851,204.0943
357.2379,108.5406,92.2590,205.0008
357.7059,109.8904,92.6788,204.5661
358.0902,106.3360,91.1789,205.0627
357.3011,106.0055,90.2631,204.9837
356.1355,112.2650,91.3407,205.5719
355.8452,113.8073,91.9522,204.9039
356.0069,113.6087,91.7225,204.0519
358.2893,115.3532,93.2415,203.8196
356.3745,115.7579,92.9072,201.8341
359.7775,123.8924,93.5753,197.9085
357.3705,123.0486,94.5362,194.6444
353.1401,123.6801,94.9970,191.1207
351.4688,124.0713,94.2915,188.4160
348.9986,124.3473,92.6814,185.6844
346.4656,123.7888,92.7705,183.9672
346.3013,124.2069,91.9487,181.9554
344.6473,126.3445,90.5232,179.6410
345.2259,126.1942,89.4566,176.7656
343.7687,126.9438,88.3491,175.3644
344.1544,126.0245,87.4118,173.6063
341.7554,129.8001,86.9515,170.4115
342.0380,131.3571,87.2810,167.7251
340.8336,130.5539,87.0395,166.3065
339.1945,130.4760,87.8561,164.0715
337.3159,132.4480,86.4305,162.4347
338.6689,135.8732,85.6858,161.6185
340.4464,138.3040,84.7930,160.4067
338.7113,137.1687,85.6409,160.8273
339.5449,137.9487,86.0021,160.7682
338.5810,138.0303,85.3216,160.6525
339.5513,138.2112,84.4733,161.7723
340.3704,139.3572,85.2389,161.6655
340.3954,141.8089,84.7874,160.6953
339.6205,146.3356,84.9163,158.3933
340.0047,139.4594,83.5959,160.8794
337.8275,137.3159,83.3024,162.1420
337.7083,136.6897,81.1098,163.1030
338.9774,137.8140,80.0886,163.6697
341.7469,146.9633,79.9327,160.6758
331.2350,137.0239,73.9057,165.7298
331.4285,132.7224,70.6007,169.4729
330.7175,130.5917,69.2845,171.1093
329.2563,127.2313,68.3579,173.5618
326.7342,127.8969,67.5971,175.1573
325.7962,126.9846,68.3487,175.4784
326.1741,127.3879,69.9310,175.4332
325.3506,127.5018,71.9635,175.6610
322.5937,128.9556,74.0836,175.9707
320.8727,128.7337,76.7283,176.2338
318.9262,129.8682,78.8820,176.1744
317.7241,130.2203,79.4836,176.5904
317.4646,130.8954,81.0994,176.7928
316.5967,132.8214,81.6909,175.7441
316.5707,132.1806,82.2716,176.2850
315.6433,135.6218,84.0169,174.5357
315.3312,135.2534,84.9953,173.6948
315.9545,138.1698,86.4887,171.8846
314.7579,140.8720,86.2072,169.8672
317.6877,140.0827,86.6562,169.6017
319.2636,144.1451,88.4127,167.1388
318.1765,137.1714,88.4132,168.1671
321.3488,140.7099,88.8991,166.8762
322.9682,141.8646,89.9880,167.1416
324.4363,142.0065,91.2118,166.8350
326.8968,144.7544,91.9073,166.0280
325.5488,145.2290,92.3133,165.0434
324.7233,145.6948,92.5821,165.3286
324.9745,144.1194,92.7465,165.7987
326.6132,145.1871,93.6149,166.9232
327.8716,143.0968,94.1577,168.2074
329.6929,143.5930,95.0537,168.6364
330.9656,139.8611,95.0651,170.2973
331.6342,141.2750,95.7054,170.1790
333.0659,136.5641,95.3914,172.4527
336.0483,133.9230,94.5167,173.7703
337.3065,132.6151,95.5596,174.2228
337.7664,134.5218,96.8886,174.9862
339.3191,135.7855,96.8929,174.6762
341.5450,133.2087,95.1414,175.7220
345.0446,131.4299,93.3375,176.7319
348.1389,135.6362,92.4319,176.2390
349.4033,134.1734,90.7118,174.8917
352.2149,138.2496,88.1589,174.1307
355.8050,122.1687,82.8529,184.7473
358.9815,115.9968,78.3374,191.6677
360.8657,119.2903,76.0779,191.8432
360.5451,119.0720,74.4059,192.2761
364.3708,110.7039,73.5600,196.3540
365.8790,111.7261,73.1349,198.8387
366.5125,108.9945,73.0177,201.8629
367.5498,109.5993,73.1179,203.1806
367.2897,111.4856,73.1002,202.3199
368.3213,113.3929,72.9757,201.9328
368.1761,107.9815,73.0061,204.0796
368.1174,110.8257,73.1410,203.9306
368.9157,109.1600,73.0558,205.5145
367.9597,108.7765,73.0667,206.7170
368.7361,110.4972,73.2209,206.4670
369.4005,110.3137,72.2810,206.1012
369.1317,110.5539,71.9042,205.7944
369.5003,111.8701,72.0394,204.5610
369.7106,111.0301,71.7676,204.8462
369.2856,111.4857,71.5836,203.7181
369.4780,114.3583,71.3753,202.6394
371.3343,109.5176,70.6005,203.9336
368.0725,114.1272,71.2485,203.4461
365.7054,114.6637,70.4834,201.5906
369.2016,109.8544,69.4146,200.5957
372.5430,108.0853,69.2472,200.7474
372.7152,108.7596,68.7283,200.8600
372.9001,108.3316,68.3468,201.7076
373.0086,107.9075,67.8199,202.6885
375.5790,108.3837,68.6074,202.0763
376.7734,105.1375,68.7602,203.5101
376.3364,105.8714,69.9317,204.8203
375.6297,106.5360,70.4810,205.8452
375.3255,104.7891,72.2456,205.5697
378.1728,104.6290,74.5509,204.9079
380.2882,108.3097,77.0857,202.1969
381.0060,109.8311,79.7976,199.2745
381.6222,111.1384,82.0461,198.2369
382.4341,110.1194,84.6076,198.4465
383.5202,110.5092,86.3411,198.5771
383.2528,106.9787,87.7115,200.8040
384.6317,106.6899,89.3413,202.8385
388.1093,108.5717,91.4878,203.6942
386.6394,113.4338,92.9261,202.2920
386.7118,114.4241,93.4939,201.5916
389.8248,114.4983,93.7783,202.1042
392.1504,115.9076,95.3539,202.1183
392.1620,112.8413,96.0678,203.4746
391.2096,109.4519,96.2482,206.6341
387.6563,105.6035,97.8497,208.9282
383.8828,104.0900,99.5653,210.6179
382.6439,104.0165,99.5701,209.8512
385.7701,110.8194,100.8705,206.5420
378.6884,110.5000,100.8771,206.0794
376.8677,103.0610,101.6776,206.7457
372.1548,103.9172,101.9003,207.5813
367.5210,104.3621,102.2959,208.0206
363.0931,107.0362,102.4860,207.5202
360.4245,107.7438,102.4681,207.6724
357.5515,107.6452,103.2887,207.8575
354.6132,110.1526,103.6584,207.2862
349.0670,113.2709,103.2897,205.9554
344.8022,112.7347,103.3826,205.7136
343.0102,115.3606,102.6804,204.5538
337.7360,113.3188,101.8723,204.8946
332.9865,113.9994,101.3512,204.7801
324.0397,113.9855,98.7856,205.6566
321.0056,112.5374,94.9929,208.8043
320.6504,107.8974,93.5029,212.0706
319.4527,104.3029,91.9693,215.9483
321.2413,107.1853,91.9547,215.2782
317.8807,104.5521,90.9803,219.0590
314.9588,99.3423,90.3984,224.2486
312.5258,95.8299,90.0709,228.2465
312.6294,95.2473,89.6030,229.1186
311.5665,95.1203,87.7511,229.6921
310.9128,97.5520,86.4225,228.9273
312.4272,99.7260,86.9624,226.8631
309.1211,99.7629,87.5839,226.1387
309.4506,99.6118,87.6391,226.1369
307.6884,100.0734,87.3978,227.4216
307.7292,103.6213,86.8803,228.1944
307.2622,103.6072,86.7111,227.7925
307.5252,101.5747,86.2078,228.6026
309.3607,98.1551,86.7368,231.8002
308.8923,97.2756,87.5683,234.3215
310.7467,96.6018,88.1211,236.9031
310.9017,95.5141,88.4072,238.4380
310.1337,92.4623,87.9455,241.9997
311.3448,88.9701,87.7341,246.8652
311.1954,84.2120,87.8509,248.9827
307.9313,79.8587,88.7352,252.1960
306.2232,76.7632,90.3784,254.0542
301.3751,70.8171,91.8345,255.4205
300.0254,75.2564,95.9954,250.6138
298.8299,70.6229,98.1445,252.2825
294.9819,67.6777,99.4079,251.7740
295.7036,72.5927,99.9092,251.3886
291.5554,74.4556,102.6330,250.0020
289.3297,77.1665,104.2905,247.8564
288.2767,87.0312,107.1126,243.5921
287.8637,83.3369,108.2107,246.9138
286.4312,84.3096,110.0146,249.5573
282.3311,83.6630,110.8377,251.0672
279.4935,81.8104,112.0962,251.7163
278.3523,77.0788,114.0215,254.3124
276.7710,75.1970,113.7691,256.4584
273.3127,68.2806,112.9614,260.3164
269.7936,66.9793,113.1243,264.1355
272.6735,60.5832,110.5314,268.3643
271.5546,58.9372,107.2088,271.4879
270.6949,58.2302,104.8819,273.2229
271.6194,52.4759,103.2114,276.9404
272.6085,53.0621,103.8669,276.3782
275.1680,50.7070,105.1318,275.1844
278.1835,52.9159,103.9831,274.1119
278.1325,54.6316,101.9694,272.6818
281.8823,56.3170,100.3192,270.4400
282.3541,60.7393,98.3727,270.3297
280.1803,65.9431,97.0970,267.8329
284.3048,63.2055,94.9436,270.7332
290.3073,62.6550,93.7112,272.1625
294.3626,63.1940,92.2847,274.3785
295.8943,62.3553,91.5381,275.8112
297.6956,60.4052,91.7508,277.9930
298.0119,57.7756,92.1183,280.5076
300.5906,56.9221,92.3821,282.2113
300.4209,56.5206,92.8253,284.7945
298.7702,49.5024,93.3947,287.5978
296.1580,45.2896,92.7572,288.5897
291.8955,42.9605,92.4234,287.8235
289.3795,43.3426,91.6607,286.9699
284.4238,46.3351,92.3643,283.3044
285.9193,47.6555,93.5735,286.0691
286.6015,51.5242,94.1651,288.4196
286.9174,51.5293,95.1549,290.9491
286.9073,50.4966,97.4708,291.7007
