1
243.1197,164.0124,117.3806,114.2146
235.0001,174.3773,118.9023,115.9224
220.2088,190.4865,119.4068,117.2551
211.0311,203.6744,120.3872,117.7961
213.2514,199.2582,121.5127,118.0308
213.1931,188.4101,120.8414,118.5120
211.8331,186.8529,120.3758,119.4971
190.9108,206.9070,122.4965,117.6492
151.6807,238.0538,123.8737,116.9534
183.5577,244.4062,129.8827,114.2097
202.9193,230.4841,139.5770,103.7658
193.8669,215.4436,138.4032,103.3046
195.8205,199.7483,137.2557,107.5307
187.5608,201.7214,138.7836,107.3740
176.6748,207.9020,138.4296,107.5159
176.8353,216.9966,137.3546,106.4877
185.9409,212.6906,138.3548,106.1554
204.1768,191.2908,138.0603,105.4207
204.3914,159.8852,134.5696,104.9196
187.9197,145.4192,132.6163,107.3055
193.2731,162.4905,131.0835,108.9276
218.2772,193.8036,133.7534,108.1005
246.7318,227.2219,134.7308,107.8760
261.3133,237.8499,131.5132,112.1537
248.0563,243.2300,132.6007,110.1481
234.6431,248.4455,133.5724,108.7685
228.4014,249.2238,132.0909,108.2772
224.0437,236.3251,129.2698,111.3862
219.4754,219.3314,126.0151,115.0884
219.7498,208.9873,123.8230,116.3356
227.4178,205.5143,124.1371,115.2788
236.4074,193.0753,125.5032,115.1151
235.9049,170.3822,125.2894,116.2412
225.2324,150.5696,126.0508,117.9408
217.9201,128.7756,126.0901,118.6623
218.9840,120.0179,127.5522,115.3038
235.3904,124.8995,128.8714,113.3928
245.4647,127.0776,127.3534,113.7604
246.8886,134.3245,126.8149,114.3771
257.2095,163.7285,124.3730,119.2198
262.4131,203.9867,122.8053,120.6154
265.7787,223.8037,123.5133,118.6972
271.6796,229.3239,123.9025,118.1115
267.9117,227.6065,123.0776,116.6647
260.3636,213.3540,122.5059,117.0203
259.3715,205.7147,121.2930,117.7081
260.1095,197.7458,122.2671,113.4249
261.0341,165.3023,122.9431,114.6492
262.4412,155.7876,122.0027,115.0198
266.5404,169.9708,120.3652,115.2848
262.3092,176.5081,119.3734,114.9657
262.3321,173.8157,120.1192,115.0073
264.8692,174.7336,120.2401,114.2947
272.1266,181.6129,119.8134,112.3620
281.1583,190.8870,119.7514,112.2024
278.0580,202.6045,119.7079,114.1045
253.3448,207.5577,121.1629,114.5946
215.7164,206.6493,123.7998,114.1554
194.9817,204.3823,123.3960,114.6607
198.2710,200.7875,124.6438,116.2397
217.7548,203.2182,126.1018,115.5045
251.4080,205.7364,127.4464,114.6961
287.0363,207.1917,128.7990,113.6725
318.4698,212.1784,131.8672,113.8594
319.3662,212.8583,130.3455,115.3536
311.0149,201.3903,128.5323,117.4706
292.2461,186.3526,129.2368,119.0637
263.5361,168.6779,130.3595,117.6035
236.6350,155.9760,129.2192,116.3619
236.7358,161.6763,126.8325,116.3830
245.1434,176.8164,125.6231,117.6602
250.0215,190.3839,124.3093,117.0601
263.2104,202.4100,126.2047,115.6699
285.1032,212.2331,129.4963,113.7524
301.7851,223.1184,127.1259,113.9026
299.3273,234.1364,126.5052,115.4170
293.9883,242.9014,125.0171,115.2959
281.1601,243.1193,125.7671,114.1364
252.5904,238.7512,129.8017,110.1579
221.4239,232.7379,131.0541,108.1924
204.5462,234.9074,133.1921,106.5161
200.9771,237.9502,131.1743,105.5605
213.6589,233.2027,128.2303,107.0771
231.2830,215.7064,129.1184,107.2262
245.9773,190.4924,129.9089,106.0553
258.0693,170.1017,130.2538,102.0514
285.1622,154.2813,131.6815,100.6588
308.9857,154.1739,132.1755,101.4089
320.2230,159.6625,129.2639,103.3654
321.7968,170.4591,124.6828,106.7460
313.3329,182.9484,123.2484,107.3380
295.8991,191.3556,122.4590,108.8120
271.3045,210.3221,122.7749,110.9305
253.1381,223.5387,122.8375,110.3887
236.4689,227.8888,122.9182,108.8684
221.3934,217.6637,123.6783,108.9734
207.1985,208.2451,125.3978,109.0908
199.2741,200.2740,124.2138,111.3262
209.4410,196.8211,125.3313,109.8136
222.9607,185.1120,127.2035,107.8016
237.9251,174.8463,127.8068,105.4392
254.1073,177.8078,127.6617,104.3253
271.2358,187.5482,126.3401,108.7993
294.1798,212.0968,125.5263,110.0462
301.0778,220.3732,125.4151,111.9559
290.5826,206.0917,126.1104,111.9514
255.1559,193.6106,127.0884,109.5044
216.3226,199.5550,127.7799,107.8668
184.4138,212.9581,127.0009,108.2722
165.7889,231.5546,125.6018,107.7107
161.1558,235.9757,123.1883,108.8787
173.2142,224.5964,125.0310,106.9816
191.2828,204.8030,129.1934,104.4982
216.1058,185.5647,130.8206,101.9114
221.2238,184.6985,131.6313,100.6310
223.3105,193.9173,125.7594,106.7303
221.7980,206.0928,121.4701,108.3087
219.0390,203.3439,119.6550,109.4461
226.3339,201.4745,122.9629,106.1167
234.8700,201.3092,124.6961,104.7854
231.1334,207.5491,124.3945,107.5888
220.5578,220.3518,124.8711,109.1903
206.4552,223.5441,124.4949,108.3786
199.0090,212.0852,125.2042,107.6480
194.4274,198.8530,125.0999,105.8912
187.2244,196.7311,126.8338,104.2395
192.6747,207.2149,126.0652,106.5682
204.5735,232.6553,124.3222,106.8239
203.8136,250.9891,121.5196,108.7722
199.1387,251.3464,119.6701,106.5551
196.8939,231.1370,121.0731,104.6628
199.2718,210.3582,122.3099,102.9648
188.8728,197.6527,123.6317,99.6712
168.1196,187.2867,124.1446,98.8918
157.9581,191.2343,122.2866,99.5489
168.2073,204.2033,120.4075,99.8052
180.3299,212.3934,121.6984,98.9217
198.7187,212.8085,120.7976,100.5474
220.4751,219.7747,123.3162,98.9235
245.9907,233.8369,125.8149,97.8243
272.3283,249.6428,127.1663,96.6566
292.1771,249.7781,126.0154,99.9959
282.4393,246.4642,125.0141,100.9948
248.5774,242.2098,127.1527,99.0853
212.9180,238.3412,128.8373,96.4727
178.5073,235.5039,132.2796,94.6147
143.3660,236.8069,129.7629,96.7607
110.7189,238.0739,128.8449,96.3998
113.0123,228.1112,129.4358,96.0825
144.8289,220.2154,136.6928,88.0943
178.3209,219.1278,143.2643,82.9923
192.6911,216.3760,144.7172,80.2560
197.4608,216.1665,145.2453,79.5587
214.8459,221.7853,140.7430,80.7334
227.8604,225.4762,135.9837,85.1243
220.2146,231.7625,132.2707,88.5198
193.3665,236.2329,133.5146,85.0499
166.0934,240.1879,131.2007,85.2037
165.6989,245.3275,128.6485,85.7352
196.8969,243.2992,128.6816,83.8784
231.3179,242.6869,133.7932,79.7303
251.1857,243.4829,136.5398,78.0970
251.0873,246.8239,135.3535,76.7463
247.2766,235.9922,134.2630,77.3866
242.0674,224.1560,133.4825,79.8411
235.6445,217.7411,132.3699,82.6227
241.0436,213.5521,131.0033,83.0514
256.6483,217.2231,129.0695,83.3813
265.3324,219.6192,129.7567,85.7383
258.4237,223.9850,126.4692,86.8217
234.4977,229.1214,125.1633,86.1861
205.1482,245.9667,123.5983,87.7864
186.5823,261.1866,122.7547,86.5703
175.4985,265.1450,121.3918,86.8917
176.9955,265.6922,122.1861,87.0284
199.3975,261.4633,121.5138,87.5580
206.0201,252.7547,122.3770,89.0434
189.2733,254.4782,123.1051,87.6685
173.7175,248.9442,122.3071,87.9243
170.1222,238.0043,121.9764,90.1670
186.0358,240.1174,121.4471,87.7950
227.6383,234.3387,120.3968,87.6731
263.8609,226.5897,125.4083,81.5436
267.6729,225.4889,126.0292,79.9766
239.7071,225.8179,128.6920,77.4275
212.9836,224.5156,132.5504,73.7639
193.9593,222.4875,133.2666,71.0791
175.7522,222.9160,130.0704,70.6434
161.8380,223.5341,128.5456,70.7968
164.9036,224.2309,125.6875,71.3777
193.6927,226.1647,124.5880,72.6330
243.0627,230.8800,129.1665,70.1496
273.9092,228.1838,130.8072,70.9649
278.5266,229.0665,130.2141,69.2925
266.2869,232.1810,129.2725,68.2654
248.8719,236.0436,126.1303,66.8043
229.0196,239.7617,124.4675,69.1677
207.8885,244.9557,121.9877,68.3157
175.0760,242.5010,124.3916,66.8068
145.0980,237.8602,125.3839,65.1217
138.1022,231.6019,124.6766,64.2335
155.1888,233.1063,122.2278,63.4108
179.8277,236.4531,122.2276,63.6979
189.5303,238.4334,124.2986,63.2132
185.2286,232.9231,124.7378,63.4325
189.3436,224.7960,125.1462,63.6849
199.1308,217.8773,126.1134,63.1469
209.3226,216.1273,126.0247,63.3472
210.7648,221.1288,124.9177,66.3200
205.0390,227.9687,124.5155,70.2164
198.1421,237.8927,122.4652,73.0897
213.3368,253.0764,117.9556,78.6714
220.5370,268.8400,120.7596,80.2732
210.0900,274.0129,119.3100,79.3429
191.4008,266.1097,120.6256,79.1836
182.3295,244.8270,122.9937,77.7165
177.0230,210.9001,124.8523,76.9183
184.5207,193.1240,124.3869,75.1198
196.2998,192.2252,124.8431,75.2473
212.9262,199.5504,124.5669,76.8974
233.6985,210.0312,125.0627,77.3843
236.6447,212.2130,124.6326,78.7668
228.6247,214.4426,122.9878,79.7074
209.0564,219.5744,123.2512,79.8500
187.5021,227.2462,124.6922,79.0344
182.7593,233.9836,121.8269,80.5994
184.4849,236.2610,120.5569,81.9083
183.1402,230.6501,120.1961,82.6085
182.6045,208.5928,120.9127,84.1654
197.3678,193.7234,120.0474,81.4726
225.4725,192.9435,118.9750,79.5449
261.0192,200.3026,125.2617,75.7686
285.5067,216.9300,125.4089,76.5539
290.5698,233.1952,123.5990,79.2925
293.4688,232.7545,118.3618,87.0146
293.9597,233.1178,118.3632,88.7798
296.9197,227.0138,119.0619,92.1791
290.0986,230.9895,119.9625,92.9354
270.3723,232.4651,116.3696,97.8267
242.9512,231.8682,115.3382,99.4832
234.0840,238.2775,114.8344,101.6200
220.6591,243.3568,114.9259,101.5339
208.3686,233.5001,115.4997,102.3126
208.8529,217.0506,116.7747,104.2260
211.7620,203.5837,116.8169,107.1504
218.1052,200.0865,116.5459,107.3832
235.7826,202.0464,115.4512,106.9676
250.2361,197.8030,119.5083,105.2731
254.6848,182.0555,120.4219,105.1766
256.2892,164.0233,119.3303,107.9779
267.9576,173.3306,120.8456,111.8107
279.6213,207.9847,120.7698,115.6867
276.8847,238.2221,120.4238,116.9697
261.1827,248.9308,122.0583,114.6376
249.2067,234.2512,123.4156,109.7512
245.3056,196.9633,122.1790,108.6268
237.0295,168.6697,121.4931,108.2445
230.1095,153.0168,121.2765,110.5287
223.3547,161.2417,119.4259,111.4522
205.5160,169.3353,118.8433,110.2010
214.7979,168.8896,117.4336,109.3267
241.7513,161.7854,122.3585,107.0836
262.0488,145.0353,124.8570,107.6840
271.6075,141.8167,126.2487,106.3397
271.4940,152.9697,125.5175,109.4088
259.8198,170.3156,126.3972,111.8829
243.4568,180.4105,124.6333,111.4105
233.8680,183.1279,121.5982,110.8814
235.1001,179.2379,120.2903,111.0132
241.6113,183.0745,122.3206,109.6499
237.1901,193.3460,123.3385,110.2626
210.7124,206.8340,122.0078,109.0154
198.5927,207.8784,120.8562,108.9312
210.1308,199.5074,121.6592,109.0427
222.5536,186.4966,123.9467,108.0961
231.0433,180.5273,123.2743,106.5888
233.6199,187.1771,121.4197,108.3376
234.8232,195.3174,118.4144,108.8926
233.5915,202.3134,116.8297,108.2633
229.4148,203.9187,116.0350,109.4437
216.1212,213.1198,114.9247,109.6139
208.3724,230.2210,114.3064,107.6003
216.8581,232.7323,115.0223,107.6123
219.1632,227.0353,115.0678,107.4773
212.1705,222.7724,115.0334,107.4228
209.7234,220.2603,114.6799,107.7228
221.2028,211.5149,114.3996,106.8230
243.3266,198.1010,119.8242,102.9031
267.5896,171.6773,121.0357,101.4953
271.6493,159.9706,120.0018,103.4314
274.3457,169.7262,119.6691,104.4270
270.1834,191.4452,118.0934,106.9994
266.3155,211.6692,115.4781,111.0146
260.3221,224.8969,114.6173,109.3606
243.7615,223.6670,116.3627,107.7480
221.2612,224.7138,119.9883,106.6515
216.6334,236.1257,117.9206,105.2253
226.7113,244.1679,116.6012,105.6235
232.9866,239.8701,116.6773,106.3838
233.4394,227.7267,116.5523,105.1754
235.1575,210.2496,117.0926,105.9222
249.4992,215.0579,117.8159,100.7132
281.6029,220.8572,119.2513,97.9153
294.2052,208.9982,119.0928,101.0860
290.7656,203.8382,117.4654,101.8799
278.5461,203.2545,117.4923,102.1755
268.8228,213.2213,116.4328,102.7389
262.9842,228.0348,114.9473,105.1612
256.4534,238.3358,113.1890,104.7878
252.2527,240.6817,110.8563,103.4901
261.7930,235.0499,111.3513,103.9259
264.6833,225.1196,111.4854,103.0925
259.3927,218.1447,111.5683,102.3636
254.3949,210.6306,111.5994,102.9946
253.5370,205.6856,110.9741,103.1588
256.6535,203.1115,111.2620,103.5853
266.3610,194.1125,112.9664,104.2925
266.9217,187.9716,111.5728,103.7800
268.5544,195.1508,111.1819,103.8137
276.1574,210.0528,112.3798,104.3112
285.3232,222.7537,112.3944,103.5538
287.1864,227.4873,111.1882,102.9287
275.7971,229.4717,109.6548,102.6759
252.1486,236.7113,113.1747,101.3319
227.5756,239.6123,116.8653,99.0645
216.0450,226.3304,116.1206,100.5077
203.7053,203.6172,115.1009,99.2311
200.5665,179.2722,114.9901,98.0241
206.9584,167.7551,114.5661,97.8929
221.8522,171.7363,113.8805,98.0255
237.1911,180.2419,114.9222,98.0584
242.2139,184.2638,113.0803,99.0927
251.1182,187.7034,112.9180,99.3385
263.7816,205.5882,113.4262,99.1141
280.7767,229.6042,112.0229,101.9140
289.2709,247.0665,111.1690,101.7960
285.3052,245.1108,110.2462,101.1111
274.3024,222.8407,112.3461,99.6188
262.2024,205.7402,112.6293,97.8385
245.7175,202.1227,112.2749,96.4239
223.7413,203.6660,113.7058,97.6866
217.2990,219.9558,112.2338,97.0119
225.2936,229.1801,110.2667,98.4721
241.3924,227.7350,111.9633,98.4244
260.4871,228.4602,110.2311,98.5787
271.9765,231.4719,111.1786,98.4166
273.4643,239.1771,109.8596,99.4908
271.2110,253.5512,108.2068,101.3929
271.3709,259.2622,106.1733,100.7269
271.2184,253.8332,106.5349,101.4204
272.3953,248.9643,106.4751,101.4000
273.3320,236.7968,106.9929,102.4194
274.8926,228.8965,107.6459,101.5326
271.7123,229.7634,108.0266,102.4678
262.2999,238.3269,106.5335,101.4516
253.7378,239.0640,106.5263,101.2664
252.2608,231.2395,106.4810,100.3023
251.6061,217.4524,106.4096,100.6580
248.6012,217.3014,106.2137,99.7583
243.4850,218.4082,105.8008,100.3769
246.8623,225.5958,105.8614,98.5783
261.6159,229.7314,106.5978,97.3318
277.3271,225.4025,107.2831,95.7120
289.9615,212.1418,108.5189,95.3961
290.4279,194.3354,108.8769,96.5532
286.3457,192.8223,107.7273,97.4796
282.2306,199.2927,106.7534,97.9865
280.3230,207.4293,105.4582,98.4776
263.1906,210.2597,104.5769,98.4502
238.2059,205.1649,107.4768,95.9427
224.0998,192.5202,106.3496,97.0883
222.0300,197.2738,105.4969,98.5374
227.0691,219.8273,107.3330,96.7272
249.0328,261.6310,108.2046,98.2087
270.0131,282.1005,110.0145,96.5502
292.8924,269.3122,112.9747,95.4968
309.9238,247.7988,114.3820,93.8985
309.7632,229.6684,112.9582,97.2969
293.2176,225.1585,114.2024,96.0393
273.2113,229.9434,112.2599,96.9652
244.0100,239.0042,113.1900,96.3402
218.5767,236.6006,118.0558,97.6815
232.9210,240.1178,116.4921,95.2306
267.5811,243.5058,119.7819,92.6552
290.1525,243.2794,121.7418,92.0897
309.4548,235.1006,123.6702,93.1353
321.8576,232.6759,121.9770,94.5559
332.0916,239.9144,121.3908,93.0255
337.3715,236.8658,121.9022,94.9132
337.7527,231.8284,120.9475,94.1595
335.0743,233.6610,117.8188,95.8332
315.0720,249.6514,117.2342,97.4147
292.2686,263.9697,116.3955,97.1557
287.9654,257.8318,117.7256,95.5762
298.7915,243.9423,116.4007,96.8026
308.8961,240.7249,115.6199,96.6398
321.5748,248.6348,113.8609,96.9077
341.2086,260.6217,114.1481,95.8777
350.3179,252.0789,114.9566,94.5892
337.3336,224.3094,113.4039,98.8489
312.7016,195.7267,110.9487,97.4910
285.3061,182.5279,117.8888,88.3409
278.9094,183.2634,114.6876,88.7528
273.0622,200.4006,113.9628,88.6849
266.2461,216.7456,110.9482,91.7308
247.1850,233.4429,110.8632,92.5677
224.6248,243.4032,110.8753,92.9235
215.7122,244.5618,108.3191,94.0382
216.7809,245.0685,105.8658,94.3856
228.7654,247.4871,104.9418,95.1169
244.6520,236.1737,106.2432,94.3183
248.3415,208.7966,107.0740,92.9120
237.6090,185.0817,106.4406,92.1852
230.6534,172.0970,105.5800,94.0741
228.6068,177.6543,104.3252,95.5466
215.0614,190.1425,104.5513,98.4514
197.8215,202.0175,106.5674,97.2246
187.4438,207.2171,104.7903,96.5423
184.5462,210.2729,104.0526,97.5764
178.7148,226.6725,103.2483,98.7004
180.6313,237.9131,102.1300,94.5140
198.5416,239.1182,103.3373,93.3548
228.2207,239.7372,106.5838,90.7773
257.7826,234.3193,108.9472,88.1569
281.8185,232.3790,112.5484,85.4817
301.6902,234.3661,112.9437,85.2010
306.0918,244.5544,111.4061,87.7704
283.1737,252.8537,107.9825,88.1842
243.9498,239.9992,109.4596,87.6455
218.6843,231.2570,109.8826,85.2314
200.7043,229.2640,112.7621,83.9246
190.9354,233.0236,108.1776,86.1309
203.4995,235.9452,108.2711,87.5487
226.9277,221.7642,109.6555,89.4913
242.1189,205.9805,110.3629,89.6612
258.9425,200.2563,107.2118,89.2177
278.5835,202.1290,107.0755,89.7858
313.8881,204.2587,108.4807,90.7829
327.8459,208.2735,107.2557,92.4789
325.6388,204.4232,105.0016,93.7660
308.2505,202.5843,106.7271,92.4826
278.0726,189.7691,104.5934,91.5496
256.8036,169.3882,103.8684,90.7384
257.5600,161.2535,107.1752,87.1471
279.8332,152.6639,106.3581,85.9466
290.7293,141.8601,107.0048,85.8640
297.5623,122.6252,105.4965,88.7392
299.0865,131.2912,104.4569,89.9085
303.9402,157.6985,102.0981,94.0905
307.3658,200.4309,101.0891,95.9599
306.2508,225.5378,99.8728,96.0377
305.5362,226.3870,98.5682,95.9143
303.5493,214.6554,98.5034,95.6147
296.2251,200.9382,99.7121,95.7599
289.6396,190.3471,100.2795,95.4540
288.3875,176.0162,100.7944,93.5000
287.8293,147.4790,100.5978,92.2071
286.8081,108.8295,101.4580,90.3375
303.3617,91.1829,103.2313,85.7797
321.3538,108.0732,104.0476,85.8661
331.4395,146.5771,101.4130,89.1966
319.8689,172.8074,101.6796,90.9402
307.0564,186.1529,102.3877,93.5062
296.2718,201.1383,101.8731,95.8021
285.1359,215.9468,101.6725,96.9136
274.0280,226.2267,101.2926,95.8065
266.1651,231.3775,100.3993,95.1200
271.0455,235.1760,99.9978,94.8755
278.3715,233.2942,101.2672,95.2156
285.5351,224.1265,102.5718,94.3919
291.4988,213.8694,102.8996,94.5499
305.6710,199.6049,103.4342,92.7475
311.3055,188.0856,103.4799,94.5929
316.5011,189.4971,102.9503,94.7652
330.3003,196.9330,101.2316,94.7938
331.4645,215.0757,101.4897,94.9958
319.6713,234.1071,101.5879,95.4156
301.1779,251.6865,101.2523,96.6760
275.8508,261.4790,102.3604,95.4606
263.0717,259.3153,102.3462,95.9932
259.8794,254.9649,101.1702,95.6357
245.5703,234.0968,101.4261,95.4255
237.8447,203.6713,104.8039,92.9261
258.1423,192.8791,107.9963,85.8679
273.3341,184.0723,107.5281,86.0142
287.6555,184.8871,107.2626,86.5892
301.1820,198.5471,110.8763,83.0257
318.0126,209.5794,113.4422,80.7636
333.7563,230.1213,113.1188,79.2161
342.4106,252.0826,111.7300,80.4514
340.1118,263.6878,106.6314,86.3394
327.0972,267.4003,102.0501,88.2640
298.6000,270.8487,100.3159,88.3863
268.2635,272.3852,99.2193,88.4504
233.7275,269.0175,99.3960,88.4733
228.5536,257.7241,99.4997,89.1018
232.5146,232.7968,97.5730,88.5491
227.8985,210.5420,99.2323,86.4646
236.5149,199.1513,100.2090,83.2408
263.1663,197.3467,100.5174,82.3190
283.3598,197.5288,101.6223,82.2234
302.5520,196.9911,104.5847,83.0152
314.1117,197.9780,103.1591,85.1782
317.1077,208.2851,104.1795,85.0122
320.3650,221.8978,105.1074,85.9080
315.5912,233.3048,102.0517,87.9469
286.6414,237.0290,100.4539,87.0438
261.6138,236.3535,96.4211,87.2014
237.2518,236.0842,92.5191,87.8168
219.3626,229.1253,88.1329,90.5142
227.7875,231.2886,86.1694,91.7523
239.9183,232.0234,88.2078,93.4861
254.4664,227.6191,92.0000,93.8269
259.1307,223.0060,92.2194,95.6007
277.1570,225.3376,93.0565,93.3790
325.2049,222.6223,98.2225,89.8213
350.0382,209.5686,98.0286,93.1236
329.5631,209.1801,101.8305,90.7694
278.4012,217.1618,112.4967,78.0262
228.7948,227.9063,108.1677,79.1384
196.2237,225.1677,102.3538,81.7378
194.8502,216.5784,99.7033,85.9719
217.7749,196.6235,97.9791,88.8913
235.9019,172.7410,95.3525,90.0124
227.4911,162.3989,95.3253,89.4625
224.2823,174.2244,95.5814,89.5549
235.7184,195.5714,93.7947,92.4628
240.5256,225.1398,93.6311,94.7112
235.5393,244.3457,94.0813,94.3783
241.2510,258.1577,94.9440,94.4974
248.9390,264.5974,96.6656,93.0248
240.4190,256.5745,98.3168,93.3631
222.4166,255.1241,98.0367,92.5006
224.3646,268.2791,98.1395,93.1248
247.3976,278.3143,101.1628,90.6535
270.3552,283.0424,104.4552,91.5203
269.8278,271.2827,103.3642,92.2306
268.9407,251.3456,102.2670,92.2962
279.3135,209.6316,100.5233,94.2217
272.7007,166.8792,101.0771,90.2144
252.9896,158.7273,103.3863,89.5581
239.1857,166.4680,103.2427,89.7903
229.7175,190.2167,103.9730,89.1983
227.1852,219.2845,101.9003,94.0535
224.9959,245.4121,100.2080,93.4938
230.3459,254.7850,101.2474,93.6693
239.4963,249.5877,103.5462,93.3492
243.9628,230.7571,104.7373,94.4279
241.9988,224.1038,103.2386,94.5646
254.9576,222.5102,101.1050,94.4612
277.8645,214.5864,104.2702,94.2771
277.3314,202.1013,104.6048,93.0770
267.4125,189.3251,103.5095,93.7962
274.2059,179.6224,104.6837,93.4406
289.8442,178.3912,107.1876,93.0624
293.7685,198.1924,106.3702,96.3730
286.2343,227.2815,102.7390,99.5334
273.7186,248.3302,101.8358,99.0009
281.9941,259.1198,102.1588,95.9643
285.0081,253.6364,104.4342,94.7249
272.7674,243.9265,104.4955,93.1849
264.7322,233.2218,104.3637,94.3899
267.2858,237.2917,104.8282,94.5133
268.7288,233.5098,103.9916,94.5287
263.3845,225.4638,103.9791,93.8804
254.4865,215.4130,104.1055,94.5205
250.6217,217.3090,103.5561,94.8776
246.8157,224.0791,103.0303,94.4986
236.4785,227.4102,102.8105,94.5956
236.7027,223.4261,102.8554,93.9595
254.2910,219.5173,103.7411,91.8054
278.1276,221.0131,107.9975,92.1901
273.6764,231.1603,107.0997,92.5330
255.3330,237.7750,106.6918,93.5619
252.2389,238.4059,105.0219,94.3256
259.5472,229.2065,106.2058,93.0647
263.9636,215.3542,106.1164,94.2080
262.1376,212.3060,104.7647,94.1876
267.8432,217.1878,104.4912,94.1358
277.4155,222.5172,104.3291,93.9781
276.9559,222.4016,102.8035,93.9323
270.0930,219.6518,101.9393,94.9809
269.3243,214.7092,101.4643,94.5363
272.6630,217.5050,101.3091,94.6028
275.6762,227.2510,101.7967,93.7413
268.2769,241.5149,101.4854,94.8912
262.3180,247.1865,100.6589,93.9964
271.1574,237.5542,102.3739,93.6902
282.4320,220.7604,102.5599,94.2302
279.4509,216.6088,103.2637,94.2420
272.0102,225.9928,104.7098,94.8211
265.3794,235.8371,103.9077,94.6545
263.9487,234.7119,103.4013,92.7262
266.6405,215.7009,103.9650,91.6821
268.5573,202.6487,103.1378,92.8142
273.7640,212.3765,102.4849,91.7037
274.9901,226.0499,100.7333,93.3073
267.5596,234.6600,102.0602,93.3491
262.3163,235.8727,100.3158,93.4527
264.7073,231.2336,101.4399,93.8329
264.9924,226.8353,101.6934,93.6154
259.2781,227.9223,103.0855,94.0662
249.8893,242.1740,103.0656,93.1730
246.6903,249.7036,100.3867,93.0017
248.0740,247.4534,100.7882,93.2879
248.7459,238.7598,101.5163,92.6343
246.9174,234.1944,100.7814,92.2996
246.5454,240.9937,100.9840,92.1299
248.5140,253.0709,99.1987,92.3041
250.3638,260.0699,98.9600,91.3194
250.8259,261.2661,98.6532,92.0904
249.0334,261.1286,98.5125,92.7516
246.7115,256.2362,100.0738,92.8533
237.5513,247.5047,102.0155,92.4791
236.9505,243.5501,102.1919,92.4044
238.0527,230.9682,103.6303,91.9070
236.5721,218.9159,103.0291,92.6888
236.2562,218.1112,101.9353,93.1965
238.0312,222.7855,101.8529,93.0792
242.2885,219.2072,103.6123,93.5188
244.8621,210.9102,105.0582,93.0822
247.0008,206.9702,104.9147,93.2457
249.1395,217.4460,104.4824,92.8484
251.2452,234.5417,102.5467,93.5120
252.7081,241.4890,101.1861,93.0219
250.1564,238.3651,101.8462,93.2157
249.8633,228.9536,103.5743,93.3450
259.5497,223.0635,104.0404,92.5316
261.5991,225.9065,103.2788,92.2505
260.3840,232.8312,102.4784,92.7435
251.2369,238.1819,103.5284,92.1346
248.6039,237.4040,101.3454,92.1888
250.7711,227.0704,102.7790,92.2831
247.8401,220.2937,103.5593,92.6566
239.6355,232.5649,104.9192,94.3532
231.9424,247.4072,104.2293,94.8874
232.1300,252.3783,104.0629,93.8741
246.1803,249.3101,105.5963,94.9637
265.4064,241.5409,108.4619,92.2228
273.4375,229.7315,109.7400,92.1031
258.6571,231.2141,113.4576,93.5908
243.4570,240.8658,110.3241,93.9506
260.4883,250.5056,109.6216,93.3304
279.2426,247.3687,111.8570,92.0047
271.9422,235.8779,112.0615,91.2746
251.5589,226.2821,112.4700,91.2766
235.4206,227.1221,112.7753,92.8791
230.1667,231.4763,111.5298,90.9535
230.0394,229.2068,112.4133,91.2891
229.3755,226.5555,111.7081,90.9512
225.4364,226.6952,111.7298,90.8085
223.7294,227.3768,111.1313,90.4332
230.6219,234.4776,111.4619,89.3340
230.9916,245.3288,111.8779,89.1307
247.9374,255.4105,110.4584,89.1982
291.6191,254.8201,115.0172,89.1307
301.3740,247.0875,117.2874,88.3537
283.5764,247.9525,114.9675,88.7607
253.5553,260.1079,112.4673,89.5937
232.4078,267.6283,109.1037,91.6953
231.7462,271.9478,108.0993,91.2642
247.8598,266.1584,108.1648,89.6524
251.7854,260.0476,107.4442,90.1729
239.3474,262.3498,108.6121,89.1245
223.0608,262.3037,106.4001,90.2969
211.8775,264.1529,107.4802,88.9431
221.1287,266.7192,105.8759,89.6409
237.5650,267.4470,106.2462,90.0224
241.3705,260.1436,104.2644,89.6644
240.5179,251.9200,102.5258,89.9558
233.6295,249.2911,101.6311,90.5413
233.2072,245.5392,101.5438,90.3717
241.1651,236.3294,102.7275,89.5078
244.9264,228.1394,101.8360,89.4858
242.5467,225.0849,100.8266,89.9454
242.1482,218.6447,100.5061,89.3662
245.6925,214.1050,100.2919,89.3176
248.1129,226.9096,101.6814,86.8466
243.6070,257.1165,102.3730,87.3640
228.5962,285.8601,101.6816,85.9278
227.0910,289.2118,99.7237,85.7208
237.4601,271.2455,100.3134,83.1795
244.7047,253.7741,102.1244,82.2700
250.7997,237.9372,102.7574,81.5963
255.2258,220.8159,101.6469,80.7871
251.5971,209.3662,100.5065,80.0751
246.7641,195.7262,100.5325,79.3527
248.8264,179.5139,99.1376,79.9910
250.8676,162.8864,99.6300,83.2058
260.7844,169.0808,98.3314,83.1044
268.8148,186.0169,98.0123,83.5726
271.7338,216.3333,98.2603,83.5469
274.7431,243.7400,96.6056,81.9930
275.7212,242.8029,96.5641,80.3551
272.6767,220.0924,97.4954,79.2782
271.7391,203.3895,98.0808,82.6784
287.7550,200.9060,96.3586,81.8699
311.5559,209.6157,98.3639,80.2514
316.4596,219.3083,98.0388,81.7865
304.9436,224.3152,100.1759,80.8794
291.7399,227.2101,101.2119,79.6570
289.0934,232.7834,100.9332,78.9359
294.6082,253.0682,100.1851,79.1696
306.7746,275.9596,99.6689,78.9917
312.8763,282.9994,98.3999,81.0412
305.9218,275.9742,99.0546,81.1206
299.9708,259.7829,97.2305,80.6422
292.9496,239.0069,96.0025,79.7383
288.3389,219.9517,96.6859,78.1255
285.2761,206.3894,96.0321,81.2458
285.7633,212.8203,95.8113,80.5392
294.3815,223.8369,96.6190,80.1269
309.7446,231.0045,97.6695,81.4259
310.0507,235.0801,96.7310,82.2899
305.5479,241.9339,97.3111,82.3053
300.2259,250.8853,97.6775,82.2985
295.3168,252.7433,96.3876,82.8862
292.9614,244.5047,97.1332,81.3487
291.3744,231.7022,97.3964,80.7685
292.4718,215.4744,98.9420,82.1557
295.1422,203.9263,98.9846,83.4291
295.9512,200.4151,99.4554,83.5255
299.0797,199.8432,99.2912,83.7107
307.5880,205.1864,99.7394,82.0258
321.4843,217.3921,101.3238,80.5774
328.1671,238.5117,104.4162,81.1631
314.3295,251.6115,104.4307,82.5334
284.2968,254.1053,104.7591,82.8355
264.7043,251.2688,105.1936,83.1398
250.5832,242.3114,103.8250,86.2460
240.2332,221.5705,99.8753,89.1962
234.6221,192.3623,101.2142,88.3964
245.2178,181.8559,101.2160,86.0388
260.1240,185.0412,101.3134,86.1072
273.8149,194.7997,99.5193,87.7292
278.7813,204.6601,98.3608,87.6533
283.0674,209.1559,98.9853,86.0217
288.8358,213.3757,98.1394,84.8514
291.2136,215.4497,98.9092,83.9942
293.6490,217.1073,97.1951,84.0146
293.0679,217.3533,97.0479,84.4109
