1
188.5492,215.5141,41.3097,101.8799
186.4810,215.0696,42.2895,103.2561
185.6006,216.8413,42.3463,104.1604
183.2993,216.8954,42.2684,104.3831
182.4965,218.7933,41.7589,102.4794
180.2673,223.5282,41.8875,101.6833
177.8983,228.3699,43.1941,100.8630
177.2678,230.7982,43.2807,101.5213
177.6357,232.6874,44.1790,101.7286
179.6361,232.6781,43.7175,103.3178
182.1049,233.2173,43.8260,103.9862
182.8325,232.4574,44.2121,104.0144
182.1910,231.2171,44.8714,104.5944
181.3234,231.1227,46.0847,105.4764
180.5714,227.4194,47.6495,107.2928
182.7007,221.2977,49.6725,107.0666
189.7078,211.2438,54.3350,105.6840
194.7672,210.3584,57.6941,107.0835
195.4254,210.7344,57.3975,110.8138
193.6659,210.1057,58.3445,111.3088
197.7372,214.4373,58.2343,112.2971
199.3630,217.7779,59.9267,113.4391
202.3341,219.8602,60.7847,114.9780
209.2728,222.3935,58.6029,114.5981
212.0457,226.5866,57.9091,115.7684
216.4329,228.6986,56.6908,115.6665
219.0245,228.7688,55.9288,116.4134
225.2962,227.1230,55.3314,117.9508
230.2788,224.2998,54.9430,117.2131
235.5061,223.8160,54.8743,115.4450
240.0944,223.8752,54.7662,114.2248
244.1881,223.9899,54.8333,114.4185
247.5170,224.4041,55.2929,114.7573
251.0933,224.0516,55.3369,114.0791
256.5436,223.9398,54.9838,113.5980
259.9747,225.4503,55.1184,114.2888
264.6783,225.9444,54.9290,114.8055
268.4944,227.6095,55.0214,115.4957
271.5526,227.6021,54.7994,115.7283
275.5538,229.2084,56.0697,114.5589
278.6158,230.1474,56.3163,113.2936
281.2559,231.1354,56.0097,111.8940
282.8947,231.6928,55.3881,110.6204
284.4923,230.2285,53.8022,109.3938
283.8375,230.1865,51.5114,109.5141
284.0023,231.4114,49.7522,109.1856
284.4279,229.2297,49.1127,108.3608
283.3474,230.4738,48.9471,108.7141
283.1849,229.2977,49.3427,109.8116
282.5456,228.1841,49.6924,111.9339
281.1663,226.0789,50.6860,113.2302
278.5785,225.1250,51.5893,113.1628
275.3647,222.7119,52.4864,111.7878
274.0114,222.4232,52.9167,112.3436
272.2050,222.2374,53.0726,112.2171
270.2939,222.0237,53.3872,110.5345
268.0662,226.7604,52.0504,109.6377
269.4928,227.7528,51.6432,109.2797
265.4462,231.6871,54.7121,106.4829
260.6739,236.1594,56.6712,103.8219
257.6661,235.9376,58.1439,101.4482
254.7849,238.0257,58.8747,98.5113
251.4755,240.3640,59.5189,97.8410
243.2820,239.9566,59.5397,97.1741
238.6812,239.9141,59.1574,97.4638
233.2259,241.8651,58.2466,96.9274
227.9556,243.7975,57.9689,95.8407
222.5109,243.4989,58.6823,93.5439
217.0334,242.5421,58.9311,91.4107
210.6732,239.9802,58.3957,89.6290
204.9653,238.1733,58.2810,89.7965
199.8106,238.4437,57.3416,91.9340
192.3520,234.7380,57.6569,92.5847
186.1536,230.5119,59.0705,91.3748
178.3542,230.8740,60.0268,91.7067
171.5128,231.6162,58.3876,92.5506
164.0254,233.5979,58.4546,92.7237
160.8035,235.5106,58.9833,91.5237
156.0686,233.8053,60.4081,89.9969
149.4501,232.0139,58.7388,92.2276
145.5678,227.6876,57.2221,92.6271
139.6306,227.9569,55.4534,96.5902
136.9310,225.6780,55.0624,98.4408
132.9087,223.7548,54.6600,100.3284
129.2609,222.2509,54.2426,101.3644
126.2345,221.6074,52.3900,103.4840
124.1899,220.5507,49.9218,106.3331
120.9585,220.3462,47.3775,109.6288
115.8847,219.3328,47.2871,110.8314
112.8732,220.3225,47.0784,110.4218
112.3769,218.6892,46.5704,109.7112
110.9799,216.9971,46.9130,110.3177
109.6212,215.5278,47.4210,109.4742
109.1391,214.6918,48.8589,109.6044
108.2055,213.0516,52.2585,107.8288
106.8763,211.8421,53.6960,107.3368
106.0626,210.8711,53.5250,107.4353
103.8093,211.1983,53.1759,107.1101
102.9577,211.9800,52.5216,107.4354
103.4694,211.2623,51.3828,108.7484
106.6047,209.6279,50.3596,108.8372
107.5737,203.0552,49.0998,107.0572
108.4445,199.9205,49.8281,107.5644
110.6017,198.8313,49.9723,108.1075
114.7406,196.4327,49.2426,109.5237
117.1184,194.4722,49.3462,110.6184
117.3182,194.0205,49.8204,110.4310
119.6411,193.8774,49.2172,110.7425
125.5974,193.9467,48.3466,111.0075
131.3327,193.7354,47.3685,111.4147
135.8979,193.2275,45.1059,112.6178
141.1599,191.4014,43.8473,113.9490
145.7767,188.4040,44.2689,114.2445
147.6837,184.9996,45.9621,114.1516
150.8056,183.8127,47.7348,113.6134
153.8040,181.9360,47.8719,114.4305
154.6334,181.1450,47.6524,115.3426
156.5336,180.8178,48.1118,113.9645
160.5107,181.4380,48.6331,111.9701
164.4314,182.3027,48.3795,111.4217
168.3772,182.6802,49.0143,111.2492
171.9577,179.3658,49.0332,110.7368
174.3562,174.9914,48.3994,108.6894
176.2910,174.7606,49.5574,109.8751
180.4487,173.6584,50.2086,110.2988
183.3692,171.6335,51.5037,110.9745
185.9812,170.7989,52.3296,111.1543
187.9021,170.6311,52.3453,111.0146
191.1116,171.3372,49.9003,110.4237
195.3242,172.3206,47.6982,109.0365
198.7895,172.4464,45.9662,108.4833
201.1250,171.9529,43.8522,108.5516
203.5146,169.9164,42.7513,109.4660
205.6882,167.6202,43.1274,110.4152
207.0296,164.8377,44.5184,110.2210
207.8961,163.7990,45.7652,111.5095
208.0488,161.5074,46.8602,111.6268
207.2947,160.6942,47.6679,111.4398
207.4739,160.9694,48.7522,111.8002
209.6092,161.5584,49.4770,111.9648
211.1172,160.8853,50.3190,111.4623
213.4914,159.7732,50.3679,111.2000
214.9438,158.6507,49.8770,109.5657
215.0060,160.3295,49.2249,108.6403
216.5841,157.0283,47.8047,106.4176
218.9259,158.6762,47.0642,104.6733
220.3091,160.2565,46.7707,104.7430
224.1780,158.1114,45.5543,105.7868
225.1264,158.5250,44.5396,106.1873
227.4246,159.8730,43.1167,107.2581
229.9087,159.5877,42.3152,106.9151
231.1038,160.7196,41.8194,105.9959
231.7544,163.0509,42.7685,104.2515
234.4562,163.1653,42.9724,102.8121
236.1698,163.3019,44.1776,100.6797
238.3033,165.3560,46.0042,99.8807
239.6116,162.7198,48.0951,99.7869
240.2343,159.4301,49.9699,100.4008
241.0775,158.9926,51.3392,101.8595
243.9263,158.7319,51.8177,102.8514
245.8569,158.6175,52.6715,102.7958
246.8576,158.0934,52.6975,103.1330
247.5733,157.2673,51.7871,101.1812
249.7593,157.2175,49.5502,100.1880
254.7877,157.4411,46.1754,100.4956
258.8900,155.8304,43.6807,100.8580
262.1461,155.9522,41.8815,101.1680
266.2244,155.7135,40.1888,100.9558
267.4995,157.3202,39.4077,98.8038
270.6227,158.7349,39.1834,97.0103
273.1989,158.8237,39.2192,96.8560
275.2873,158.9101,39.8058,96.8687
274.1931,159.7702,41.7559,96.0133
273.5052,159.8664,44.2021,95.4310
273.9012,158.9616,47.2591,95.6784
272.8105,157.4599,49.7092,96.4672
272.8442,156.9185,51.7444,97.6080
272.1699,156.9687,53.1290,98.4517
271.6041,157.3665,54.5389,99.4182
270.5499,156.0964,55.1559,100.3115
272.1090,154.3768,55.0108,100.6454
273.8860,154.5418,54.3055,100.6854
273.1996,155.6414,54.2716,99.5131
274.6179,151.2240,48.7494,101.4832
275.1243,149.3586,44.5726,102.0786
277.2098,148.9930,41.6188,102.8154
278.0377,148.9132,39.7646,101.7179
278.9432,148.6987,38.5686,100.5616
279.8927,149.6113,37.7625,99.3579
280.1440,151.1116,36.5776,98.6436
278.9499,153.0269,36.1938,97.9649
278.2863,156.0147,36.1670,97.7086
278.8873,155.3624,37.4681,97.6051
278.8398,155.0203,38.1027,97.9918
278.4622,156.4629,38.4837,98.0102
278.6180,156.8548,38.6704,98.9577
278.3453,156.3923,38.9684,99.8218
278.7534,156.1117,38.7716,100.2982
280.1445,156.5345,38.7922,99.3307
281.0550,155.6917,38.1556,98.1577
281.0222,155.8381,36.9967,97.7580
281.8628,156.1985,35.8793,98.0050
282.8506,155.7650,35.9537,98.2178
282.6284,154.9155,37.0765,99.3963
282.4456,152.9639,38.4693,101.4900
281.3205,154.0158,39.6649,103.5290
279.0031,155.4662,41.2638,104.5321
278.1587,158.0313,42.8228,103.9653
278.2258,159.6035,44.1004,103.8135
278.2275,159.6757,44.8353,104.5589
279.0519,159.4613,45.3789,105.5816
278.7860,158.9319,45.3362,106.6462
278.2312,159.9650,45.1924,107.7029
278.1202,159.0250,44.0364,108.1489
276.6395,159.6370,42.3272,108.5358
276.5206,159.9988,40.2296,108.9296
276.2956,160.9066,38.6155,109.3212
276.4611,161.3936,37.1754,110.1578
275.8211,160.9283,36.4928,111.3817
276.7899,163.2877,35.6876,111.6967
277.9837,164.5711,35.5406,112.0693
277.4087,165.6662,35.5247,111.9975
275.5396,167.2022,36.3202,111.5424
273.4912,168.1834,37.1427,111.1692
271.3729,169.0321,37.7790,111.4605
269.0074,170.3011,38.5042,111.5388
268.1351,171.9207,38.3293,111.6719
267.7262,172.7812,38.0040,111.7523
267.2789,172.7413,36.7612,112.3988
266.5169,171.6102,35.6647,112.8327
264.6292,169.5353,34.7639,114.1484
261.6881,168.9597,34.5337,114.5871
259.3546,168.9810,34.5167,115.1314
256.4312,168.8599,33.9278,116.6399
254.1762,170.2290,33.5086,117.9304
253.2531,172.3326,33.0534,118.5469
251.1502,173.8983,33.3871,119.4392
248.5070,175.0408,34.0089,119.3576
246.9132,175.8262,34.7814,118.9891
244.4356,178.5090,35.1049,118.0300
242.3987,180.9601,35.8303,116.8662
239.6785,181.8684,36.5998,114.9233
236.8146,183.8218,37.8854,113.6305
233.7583,184.7393,39.5439,112.5336
229.1249,185.8999,41.6006,111.7134
226.0490,186.8054,43.3762,112.4205
222.5101,184.7628,44.3442,113.4799
221.4021,182.8174,44.9322,114.7542
218.8657,182.7323,45.5472,115.2921
217.1773,181.4521,45.0283,116.0585
214.7837,182.2215,44.2431,117.9603
213.5872,181.8081,43.7482,119.2971
212.2992,181.1447,43.3348,121.1846
210.9691,182.2757,43.2725,122.5620
208.4604,183.5309,43.2609,123.4132
206.4243,184.8227,43.5283,124.5236
203.9664,185.3993,44.4378,125.5826
201.8022,185.8962,46.0001,125.7798
198.3427,185.4225,47.3620,125.8574
196.0659,186.6381,48.6765,125.5383
193.6226,187.8713,48.8173,124.8265
192.3014,188.9369,48.9655,123.1078
190.6833,187.7581,48.9920,121.7777
189.0149,187.2188,48.6887,119.9844
186.5603,185.3591,48.9472,118.3159
185.5015,185.7456,48.7767,117.7421
185.3190,183.4836,48.2217,118.1493
185.6296,182.8381,47.3351,118.6076
185.4430,182.5268,46.4049,120.7659
186.6833,182.2495,46.3310,122.0086
186.4643,181.0513,46.5514,123.1736
186.4241,182.2005,46.2033,124.0265
186.8137,183.3416,46.2411,124.4027
186.6630,184.4742,46.3579,124.4179
187.6949,184.6181,45.8963,123.3990
187.8158,184.7501,45.4549,122.4081
187.7942,182.9614,45.8852,121.9384
186.4418,181.5507,46.2132,123.1538
185.6370,178.2948,46.7764,125.4370
184.0238,175.0264,46.8509,128.1040
181.3007,171.0612,47.3408,130.7622
178.0354,174.6760,49.7076,129.5313
176.9408,176.6265,52.1774,130.7045
175.6456,180.6892,54.9468,131.7092
175.4400,180.1406,56.7116,132.9163
176.0458,179.9613,57.2188,133.0072
177.7985,179.8725,56.6766,134.0873
179.7907,179.4405,55.5417,133.5824
180.3321,179.5624,54.4092,133.2247
180.8746,178.9431,53.0155,133.7569
180.9248,177.5352,51.8091,133.2255
181.8027,177.9749,49.6712,132.1137
181.6918,180.1684,48.0097,131.6807
181.9144,182.1722,47.1943,130.6360
181.2255,183.3829,46.7625,129.6708
180.4107,184.8445,47.5671,128.9941
177.8044,185.7642,49.2944,128.2908
175.1877,187.3098,51.2991,127.3088
174.3777,189.4924,52.3869,125.9851
173.0345,189.8350,52.4351,125.5853
170.5023,192.4408,52.7741,125.6713
167.0643,192.8522,53.2838,127.0240
162.4624,193.1920,54.1177,128.9841
155.9361,192.6364,56.6756,130.1697
151.7210,191.9380,58.3583,131.8092
148.0723,192.0604,59.2388,132.5381
144.8425,192.7647,59.2166,132.5221
142.3409,193.1922,58.4347,132.4491
141.0926,193.5153,57.3494,132.2742
139.3237,194.0184,55.9742,131.6034
139.0985,194.4171,54.5620,131.6934
138.5728,194.6302,52.4746,132.1645
137.2405,194.5146,50.5074,132.7886
137.1886,194.7828,49.2264,133.4242
134.1859,195.5813,48.7036,133.5115
130.4091,198.2165,48.7911,133.3360
127.2915,199.5875,50.3946,132.6009
124.6641,201.4392,52.2703,131.6778
123.1822,201.2179,53.7086,131.6186
122.6548,201.8279,54.1982,131.8884
121.2021,203.3194,54.1891,132.4915
121.0079,203.0645,54.1205,132.8676
121.6441,203.3569,53.9924,132.4541
121.3691,203.9319,53.3888,131.8462
121.4421,203.3679,52.4774,131.7417
120.9092,204.1771,51.9415,130.9949
121.8913,204.5697,51.1409,130.7345
123.2317,202.4898,49.9078,131.2489
124.3557,203.4949,48.8890,131.3808
125.4028,203.4338,47.8522,131.3777
126.2380,204.3511,46.9334,130.6113
127.9473,203.2300,45.9367,130.1513
129.0993,203.7036,45.1680,130.0953
130.5053,204.1799,44.7795,129.9100
132.2954,205.4426,44.2611,129.6941
133.4076,206.2570,43.8221,129.4278
134.6341,206.8561,43.4587,129.4396
136.1561,208.0073,43.0276,129.3130
137.2748,207.2754,42.7048,128.9549
139.0170,207.2527,42.4362,127.9636
140.0499,207.1693,42.4088,127.9031
140.2617,208.0267,42.4420,127.6494
140.2842,208.3396,42.3125,127.7552
140.8647,208.5119,42.4921,127.7250
140.8277,210.2201,42.7384,127.1272
140.8984,208.8943,42.9165,127.5064
140.9831,209.1908,43.1956,127.4416
140.6312,208.3802,43.4035,127.3536
140.3769,208.8711,43.6023,127.5414
139.9485,209.8604,43.4503,127.4038
139.5304,210.3019,43.1228,126.4938
139.6267,210.5475,42.8568,126.1128
139.7105,209.8040,43.0004,125.9291
139.0286,209.4877,42.9966,125.7947
137.7077,209.0415,42.6962,126.6929
136.4478,208.3061,42.4753,127.4310
135.9974,207.2603,42.1594,128.3694
136.0212,207.8620,41.7643,128.5991
135.8677,206.3306,41.6768,129.1604
135.2878,206.6394,41.5913,129.3829
134.9397,207.4697,41.4908,128.9370
134.9293,207.7743,41.3338,129.5686
134.2145,207.0713,41.5157,130.4555
134.6875,206.9720,41.5046,130.8359
135.6434,207.3909,41.3761,131.6080
135.6624,205.8919,40.6022,132.5642
136.6163,207.3775,40.6127,132.8351
137.5958,207.2085,40.7117,132.7572
137.9667,208.2155,40.7511,133.1107
139.0428,207.9822,41.0534,133.1133
139.9193,208.0775,41.5434,132.8287
140.4215,209.9973,40.9503,132.1382
142.5009,210.7596,40.4761,131.9751
143.5872,211.8427,40.3831,130.8587
144.3889,212.7641,40.7234,129.1621
145.1276,211.1462,40.2675,128.9744
146.2375,211.4253,39.9424,127.8586
146.3981,212.4001,39.4359,127.1419
147.3156,213.1365,39.0356,127.3216
148.5010,213.4795,38.9598,127.3788
148.9258,214.3357,39.1237,127.3592
148.6973,216.4206,39.4813,127.0165
150.2470,217.7556,39.8759,127.0644
150.8829,217.5503,40.2187,127.3638
150.7304,217.5402,40.1357,127.9484
150.4663,217.9144,40.6789,127.7399
151.4835,218.8320,40.8263,127.1176
151.2722,217.7079,41.0104,126.7336
152.0898,218.2491,40.8241,126.3709
151.8139,220.2643,41.5707,124.9134
152.3750,220.4689,42.1638,124.2518
152.6812,221.0844,42.4608,123.9967
152.9277,221.4955,42.7830,123.2397
152.6687,220.6412,43.3041,122.9506
151.0295,221.6892,44.1258,121.7572
151.2691,222.5180,44.7003,121.0841
149.7939,223.9571,45.3229,120.6680
150.4532,226.6817,46.2928,118.6008
149.7780,226.1480,46.8614,118.6339
149.4323,223.5415,46.9580,118.9931
148.6757,222.6994,47.0177,119.7237
148.5784,220.8292,47.2602,120.9999
148.1416,220.6374,47.3592,120.8091
147.4625,218.9174,47.5649,120.9551
147.2024,220.2670,47.5126,120.4361
147.4754,221.1199,47.4794,119.3738
148.3510,220.0728,47.2267,119.9873
149.0663,219.6335,47.3963,120.4896
149.5711,220.4929,48.3406,120.7127
150.3089,219.6220,49.0210,121.3172
150.8615,219.1616,49.7154,122.1544
151.5854,217.6350,51.0748,123.1748
152.5121,217.9238,50.4575,124.1545
153.1583,218.1698,50.2888,125.1283
154.4587,218.1907,49.9860,125.7717
155.5523,218.2960,50.1554,125.9382
156.3707,218.5037,50.1787,126.2512
157.1564,218.9288,50.4597,125.5921
156.9554,219.9589,50.4908,124.5414
157.4927,219.7272,50.1684,124.8678
158.5954,219.5895,49.4782,125.1658
160.7602,218.8489,48.9601,124.7431
161.6740,218.9400,48.2178,124.4128
160.9057,219.0328,48.5121,123.4183
161.1559,219.4229,48.7079,122.4957
162.4147,220.2166,48.2355,122.7055
163.2563,219.5749,47.7320,123.0381
164.5646,219.6318,46.7813,123.9256
165.2462,220.0395,46.7931,124.0131
166.4746,219.3007,46.3659,124.9034
168.5972,220.3284,45.9678,125.6706
170.5561,220.3350,45.7664,126.1749
173.8461,218.7770,44.9575,126.7054
176.2543,218.9159,44.4270,127.2288
179.5821,217.9308,43.7961,127.4546
181.6027,218.0034,43.0716,127.3453
183.8663,218.2563,42.7929,127.0280
185.9067,218.2197,42.4675,126.4065
188.0057,218.7036,42.5095,125.6829
190.0027,218.4967,42.1844,124.6508
191.7708,218.7270,41.6816,123.2427
193.4885,219.4986,41.4306,122.1973
194.6638,219.6158,41.2472,121.2884
196.1059,220.2741,41.1346,120.5210
197.8707,220.6505,40.8787,119.8057
199.3741,220.4457,40.6692,120.0573
201.6831,220.4211,41.0219,121.5810
203.4820,218.3795,40.9880,122.9587
205.3385,217.8020,40.6403,124.3170
207.7143,215.8820,40.3875,125.4147
209.3788,214.9023,40.4755,125.6617
211.1178,214.5707,40.9346,126.7379
212.0891,214.7496,41.4189,127.7537
212.9645,215.0717,42.6919,127.5963
215.6408,216.6700,44.0704,126.6017
219.2524,219.4255,45.5261,124.6943
222.8586,221.7881,47.8725,121.5925
225.8536,223.7792,50.3964,119.0928
229.2591,224.5795,52.9251,117.1458
230.1135,226.3684,55.4343,116.3232
232.5993,226.1609,57.8822,115.4583
236.1216,225.8603,59.5088,115.8645
239.6321,225.8156,60.1739,116.4445
244.6912,226.8348,62.5441,115.2346
247.7046,228.1432,63.8268,113.5250
251.7136,230.4238,64.4388,112.2413
255.7361,230.4726,64.6088,111.8759
269.2973,221.0092,61.0637,114.7173
273.3936,225.4597,59.4671,112.9044
283.0349,222.6084,56.8213,112.7383
296.5350,215.8976,52.7029,113.8057
302.9745,216.7816,48.9564,115.5994
309.9398,216.6535,47.4343,116.0021
316.1609,218.3702,47.1457,114.8859
322.7061,219.5707,47.0043,116.0486
329.6811,220.6189,46.8763,116.4626
334.3081,218.8137,46.6067,115.7683
340.9518,221.9644,47.6398,115.0894
357.2878,205.1280,50.3782,112.7896
366.9569,198.0336,50.6082,114.8853
368.2787,194.4060,49.7468,118.7833
370.0590,193.1582,50.9447,120.8883
370.0208,191.7002,52.1006,121.5231
370.1949,192.8921,53.6119,120.1810
369.0141,192.9836,54.5270,118.5667
367.9167,195.5886,54.5253,118.5487
367.4015,198.3496,54.5337,118.0221
365.9109,202.2149,55.1415,117.9725
364.0676,205.7774,56.5465,116.4067
2
0
0
0
0
1
410.5154,211.6183,36.2491,114.0699
407.4771,210.5034,36.8331,114.1663
404.5321,207.8043,36.2671,114.4603
402.3607,204.8316,35.8400,114.0611
400.3482,200.6541,35.8103,113.3490
396.8286,197.2153,35.7552,113.6622
392.8982,196.2215,36.5741,115.2778
390.2079,193.4600,36.1692,115.1996
387.7300,191.6100,35.8616,116.2645
384.6222,190.2824,35.6533,115.9345
379.8477,189.7511,36.1646,114.9149
375.4920,188.5710,36.3211,114.4978
371.3292,188.3443,37.0666,114.9681
368.5296,187.6035,37.5129,114.4248
364.9598,186.7522,37.6523,114.8520
361.8674,185.8024,38.0568,115.0776
358.3564,186.9344,38.9284,113.9100
356.1399,187.7564,39.9882,111.8495
353.3664,188.5141,40.8862,109.9338
351.1843,187.8893,41.6090,108.0408
349.7486,186.9117,42.2662,105.9019
348.4719,186.5219,43.1203,104.4645
348.2121,184.9461,42.9649,103.2040
347.4147,183.1413,42.5223,102.8625
346.0488,182.1692,42.7858,102.4434
343.3434,180.1848,41.7243,102.5410
343.1269,179.8587,40.7084,102.7908
342.6898,176.5025,40.0483,103.0331
343.4311,178.0296,39.3669,102.7381
344.2648,177.5704,38.5853,101.4340
345.4865,178.9680,37.8159,101.7337
345.2904,179.4771,37.6081,101.6661
346.2808,179.2392,36.5493,102.0405
346.9146,178.0196,35.5317,101.6081
346.9991,178.4558,34.6004,100.4507
346.6877,180.3629,33.9638,98.9343
346.0265,182.1192,33.2649,98.1073
344.9725,182.7359,32.9494,97.3771
343.5623,181.1997,32.7029,97.1566
342.2344,182.5772,32.9060,97.7627
341.7850,180.5689,32.8180,99.0192
340.8742,181.5408,33.1705,100.0206
339.9680,181.0397,33.0863,100.1292
338.9448,181.7971,33.1978,99.5427
337.6596,182.6985,33.7226,99.3977
336.9202,184.2887,33.9148,98.5164
336.9810,184.6746,33.7834,97.6173
335.2908,185.9249,33.9915,97.4368
335.2951,187.8626,33.6776,97.3264
333.9091,188.8356,33.4911,96.8126
333.7678,190.0397,33.2037,96.6906
332.1359,190.3188,33.2343,96.9169
331.1925,190.4825,33.8570,96.8897
330.8561,186.7889,33.2026,97.5983
326.6984,184.9937,34.7537,97.4275
323.8492,186.8157,35.9441,96.9056
321.1753,186.2583,37.2112,96.2415
319.3652,186.0395,37.8197,97.9535
317.4109,183.1251,38.4082,98.4933
316.8575,182.5303,39.1041,99.3979
316.2185,183.0428,39.3790,99.9574
315.1770,182.1590,39.2564,101.9427
314.5126,182.5533,39.3834,103.8518
313.3241,183.7612,39.3557,106.4243
312.3956,185.1039,39.4172,107.7690
311.8204,185.3376,39.0422,108.5060
310.7285,184.7976,39.1510,109.1126
309.3517,187.0295,39.6610,108.1922
306.9985,188.4736,41.1197,106.7791
304.6559,188.6831,42.2231,105.6872
302.2363,189.7081,42.9603,105.2520
300.6984,191.2678,43.1299,105.6025
297.5294,191.5719,43.3578,104.8649
295.0552,191.0248,43.6645,104.6254
292.8423,187.5278,43.8525,105.2654
291.1132,185.8042,43.8517,107.4518
290.6964,184.3788,43.8581,109.2195
288.9103,183.4162,44.5566,110.3800
289.2604,181.0243,44.2545,110.7189
288.7068,179.7984,44.1275,112.1197
289.9095,179.0805,43.8564,112.7041
290.3169,178.5299,42.9854,112.8942
291.5219,178.9130,41.9430,112.8123
291.7128,180.8287,41.1623,112.8904
292.9885,180.7948,40.6048,112.5344
293.1739,181.8322,40.5944,111.0554
292.8815,181.7960,41.0333,109.3388
291.3918,181.1644,42.2789,108.5947
289.4088,179.6528,43.6439,107.9240
289.0584,179.3858,44.2607,107.8006
287.8252,178.5383,44.5232,107.8048
286.9821,177.7840,44.8764,108.5194
286.1678,176.4281,45.4067,108.5853
286.2992,173.8234,45.7770,108.5626
286.9146,172.2048,45.8343,109.6028
287.1159,171.5749,46.3633,109.8563
286.8075,169.2524,46.6074,110.2035
287.5784,167.8422,46.3169,110.0701
286.7767,167.3518,46.0457,109.9203
288.0843,168.6203,45.9401,108.9954
287.4843,168.9678,46.1735,107.8158
288.6543,169.8442,46.1467,106.9763
289.0840,169.9078,46.0361,106.3582
289.8683,169.3958,45.4130,106.5911
291.8639,167.4507,44.8117,106.5071
295.0725,165.3331,43.6095,108.1824
297.1157,164.2788,43.0204,110.0790
300.5346,163.8666,42.3866,112.0001
304.0756,164.9464,41.9061,112.9587
307.0889,165.1086,41.8386,112.5353
310.2296,167.0155,41.9074,111.0597
312.6438,167.4690,41.8763,109.8436
315.0578,167.5139,41.5901,108.9480
317.3647,168.0204,41.3333,108.1443
319.8470,166.8852,40.9747,107.4507
320.9979,165.4957,41.4329,107.2008
323.2026,164.0574,41.1365,107.8575
323.9503,165.0080,41.7163,107.7639
325.0538,164.3442,41.9324,107.0886
328.1255,164.7391,41.9696,106.9514
330.1610,163.6502,42.0116,106.7629
332.0459,162.9550,42.3473,106.0520
335.0233,162.5809,42.1455,105.9053
336.4778,159.7176,41.7603,108.2562
336.4691,156.5585,41.5899,110.3162
334.4688,153.7786,41.8726,112.4660
333.4354,149.0078,41.5450,115.7815
331.3403,145.6809,41.8645,120.3059
329.3421,142.5073,41.9813,123.5518
331.1365,141.3521,42.3741,124.8300
331.4021,136.2254,42.4276,122.4128
329.0813,133.0517,41.3233,120.0399
328.1151,134.7541,39.7732,119.6031
327.9308,135.3229,38.3619,119.5039
327.8000,137.2273,37.7574,119.0651
328.4236,138.5380,37.4814,119.3258
328.0711,140.6116,37.1492,118.6612
329.8058,143.8507,36.2187,118.2462
330.2575,146.3051,35.4171,117.0756
329.8278,147.7085,34.0673,115.3063
329.2035,153.0297,33.3176,113.2949
328.8251,157.4090,33.0700,113.4001
329.0827,158.8031,32.7033,111.4434
329.6393,160.2573,32.5063,109.4544
330.6356,158.7558,31.9371,111.2146
332.6422,159.1184,32.0395,111.9296
332.8397,159.7544,32.6204,112.6282
333.6252,160.0476,33.1209,112.0471
335.2851,162.1616,33.1063,111.3703
336.6227,162.9144,33.9794,108.6265
337.4951,165.3042,34.5046,107.3691
339.1058,166.9240,34.6116,107.7084
331.1933,178.0101,35.5472,108.0996
328.4903,171.4176,35.4807,107.9339
328.7992,172.5154,35.9687,106.9969
329.4574,172.5411,35.9332,107.2401
329.0209,174.0345,36.5353,107.9544
330.4192,176.9823,37.1415,108.8168
332.4373,178.4599,38.1488,108.1350
334.6093,176.2720,37.4253,109.4930
304.8487,153.9776,38.1929,110.8257
311.1996,157.2742,39.4370,112.4037
321.7551,164.0230,39.2466,113.9316
329.7494,176.8169,39.4666,112.3561
335.8925,186.3515,39.5460,110.4470
335.7689,191.8286,40.4553,110.6299
335.8808,194.9225,40.7844,112.6207
336.9031,205.3664,39.9168,113.8300
339.7561,208.1649,38.0985,114.9291
341.3098,210.3198,36.8751,115.3963
341.9665,212.9245,36.4010,115.9427
341.9385,214.7194,37.0038,117.1582
341.6211,212.1586,37.8301,116.1065
341.1513,212.3359,38.6141,114.1655
340.8648,215.4261,39.3923,112.4534
341.2008,211.7007,39.4217,111.2916
341.8704,215.4123,38.7253,111.4639
341.9262,217.8589,38.0955,111.0055
342.9326,219.5134,37.4448,110.9993
342.7734,219.1301,37.3668,110.6827
342.1551,219.1666,36.7128,110.8169
340.8615,219.3290,36.5869,109.5099
341.2270,217.3808,35.4913,109.0260
342.0777,217.5637,34.9273,108.4148
343.0072,217.8898,34.4602,107.9097
344.0211,217.8576,33.8108,107.6947
344.9006,217.9366,34.2789,106.7527
345.9725,217.2766,34.4627,105.9160
347.1009,217.1029,34.2270,105.4509
347.3765,215.3731,34.2893,105.1288
347.7346,214.1487,34.3712,104.8773
348.1956,213.6948,34.0010,104.9950
348.7461,213.8207,33.4914,105.5353
348.0569,213.2247,33.8380,105.5437
347.3785,212.3754,33.7256,106.1300
346.4372,211.6723,33.7134,106.5692
345.6863,210.7526,33.5666,106.9125
345.2816,211.7571,33.6275,106.3441
344.1332,211.7582,33.7197,105.5329
344.1202,213.3794,33.2621,105.0587
343.5768,212.6281,33.1947,104.7681
343.4327,210.4575,33.4206,105.3895
342.7430,210.6479,34.4096,106.2184
341.7002,209.1122,34.8591,105.4616
342.6576,210.3423,36.0284,104.1843
342.1304,212.6561,36.9421,103.2368
341.7997,212.5798,37.7526,102.6304
340.1541,212.8969,38.8030,102.6223
339.4251,212.1963,38.8861,101.8808
338.3080,210.5575,38.5118,101.2559
337.8683,210.8563,38.2889,100.1285
337.3578,211.1749,37.6881,98.9289
335.7468,211.5952,38.0185,97.6604
333.2961,211.1920,38.8284,96.6589
331.0579,214.0145,39.6453,94.8421
330.7518,212.0785,39.7314,96.2657
333.3843,212.5427,39.9702,94.7587
335.1571,211.9819,39.9183,94.4658
336.1920,211.0698,38.8928,95.2267
336.4886,209.7046,38.3685,97.0521
337.0792,210.7135,37.9734,98.7357
336.3109,206.5666,37.0328,101.0539
334.6788,205.6064,36.3213,100.0258
332.2115,208.8022,35.8268,98.7145
329.5113,210.4232,36.1557,95.8231
325.8805,211.8433,38.0105,92.1722
322.9686,209.8741,39.5775,89.8901
318.4839,206.9035,40.0386,89.4343
314.2466,206.4340,42.3937,88.7157
