1
44.8135,43.3103,18.0054,63.9656
31.9560,40.1239,18.5594,64.7449
29.4896,43.5249,19.1573,65.7793
36.4158,39.5729,19.1735,66.1537
26.1948,40.7319,19.6308,66.2126
27.7736,41.4987,20.5788,66.0135
31.7139,43.7035,21.3762,65.7022
36.7992,41.4230,22.5959,65.0951
35.5509,35.9898,22.8498,66.0486
40.1469,34.8387,23.0831,65.7240
42.1009,35.8527,22.7400,66.2622
57.0342,39.1592,22.4223,67.0511
61.2644,34.8713,22.2060,66.6488
59.0767,33.4757,22.1940,66.3929
80.6206,33.9526,22.8780,65.7927
95.3032,35.5147,22.9960,66.3428
85.9929,27.9320,22.8797,67.1695
78.0698,26.5502,22.5350,67.7687
84.1804,24.5603,22.5092,68.3593
81.4262,25.9893,22.5070,68.3038
76.3748,27.7638,22.8577,68.9841
78.2271,33.2450,23.3707,69.7124
84.7197,37.6653,23.6994,70.6599
69.3835,42.8884,23.5689,70.5431
68.3705,39.9661,23.4651,70.9005
75.0415,29.0881,23.2735,70.1862
73.3592,23.1808,23.1122,69.6938
66.0005,16.1603,23.2951,69.8087
55.1311,14.6737,24.1276,69.8321
56.5514,17.3151,25.0331,69.4598
67.3513,23.3997,25.6386,69.5883
76.5184,25.0577,25.4888,69.5797
83.9624,26.1854,25.2172,69.7965
101.5991,21.7980,24.8860,71.0763
114.4377,25.0181,24.9231,71.8969
109.9778,21.6089,24.9503,73.0659
107.8116,21.2850,25.6042,72.7927
125.1672,25.7872,26.3625,72.1945
133.8323,27.9815,26.8588,73.0302
141.4824,29.9001,26.3816,73.6389
145.6540,30.6241,26.0175,73.7026
146.9520,30.8668,25.8753,74.6014
145.2260,29.0050,25.7244,74.8866
148.0625,26.2259,26.0135,74.6459
146.0676,31.5957,26.8341,74.2679
118.2472,34.3637,27.1802,73.4716
100.0286,32.2181,26.9829,73.2988
98.7684,29.9060,26.9891,73.8318
97.9809,31.4642,27.0939,75.0948
102.1100,20.5986,26.6337,76.5725
102.4506,12.5091,26.8245,76.2940
103.0805,13.4282,27.0552,75.4166
110.2658,20.4778,27.4321,74.9567
113.8022,21.1867,28.1472,74.3954
114.4420,28.5496,28.4612,75.5122
103.3532,28.4538,27.5941,76.4344
105.0759,30.0255,27.3831,77.9069
96.6893,26.3739,27.3932,78.8895
96.9124,19.6655,27.0973,79.8232
120.4741,16.9618,27.2642,79.2530
129.8239,18.8145,27.6848,77.5747
122.9054,22.0348,27.8220,77.5437
125.2429,30.1035,27.8835,77.9142
123.9178,35.3598,28.2206,77.6292
124.0558,36.6597,28.9515,78.0609
128.3888,42.5905,29.0546,79.4737
138.4225,53.1853,29.4153,80.2541
134.0884,59.1441,30.6041,80.4538
116.4452,59.1953,30.6242,80.2063
119.9362,46.9759,30.8442,80.5586
113.7086,47.8600,31.4537,80.0226
101.9804,52.9713,31.9160,80.5746
91.4263,39.9492,31.9690,80.5891
85.8396,46.8270,32.0200,80.5332
99.1968,54.8815,31.8581,79.4336
109.2127,63.7566,31.1700,80.0604
116.5733,66.6553,30.7093,81.2118
127.5973,63.1521,30.5936,82.5536
139.8018,69.6360,31.4136,82.9202
126.9204,60.6662,32.0840,83.5191
135.7450,56.6410,32.6790,83.9456
149.2917,52.7730,33.3695,84.4600
157.6362,49.2379,33.4621,84.7925
163.4618,49.8421,33.6298,84.4918
174.3827,52.6500,32.6844,84.3809
171.4515,55.9498,31.7766,85.5313
167.8520,52.3986,31.9744,86.5090
168.5622,53.3718,32.1587,86.7234
165.2756,47.2548,33.4285,87.0775
121.8174,54.7786,34.2178,85.6946
110.4019,38.3576,34.2317,85.0973
122.9296,36.1569,32.9841,85.5757
125.6980,35.2554,30.7791,86.3818
129.3212,30.0899,29.1203,87.8042
126.2779,28.3326,29.6452,88.5077
128.4252,38.2897,31.0412,87.7641
141.2782,40.0698,32.5183,87.8721
138.8717,45.6978,34.5014,86.3968
130.7728,46.8304,33.7164,87.2887
133.5739,41.0823,32.9454,88.3996
139.3141,39.8264,31.7729,89.4713
137.5830,27.2642,31.3522,91.2879
130.2653,14.0499,32.1512,91.4862
163.2068,18.0664,34.8509,91.2421
171.1468,22.0826,36.1932,91.9160
169.6597,21.5930,37.5340,91.5237
176.1020,24.7221,37.2215,90.9492
181.3289,31.7611,36.4590,89.3362
165.2744,34.4333,34.9103,89.8240
166.7666,35.7064,34.5544,89.7666
162.6462,37.7447,35.2893,90.0731
156.6270,40.7564,36.4449,90.6253
128.4337,42.0349,37.8451,90.3912
125.6422,38.2270,38.3271,89.8492
114.0092,44.5419,37.7279,90.8667
116.3792,42.4218,35.2586,92.7911
115.5506,41.7873,33.5979,93.4174
113.4308,44.8531,33.1668,95.0318
119.9137,41.9297,33.6213,95.0322
136.5642,43.7113,33.7839,94.9927
141.6686,45.2070,35.0268,94.3464
138.5226,40.0263,34.9444,93.4969
134.5877,41.7077,34.6286,93.5343
141.6692,26.5456,34.5188,92.7863
141.8997,19.5229,34.4360,92.6598
168.8033,19.3164,34.4451,93.0763
171.6130,19.8805,34.7062,93.6122
171.1517,28.1014,35.7083,93.0324
164.4404,31.9955,37.2903,92.3692
158.5909,29.4720,37.6634,92.8895
153.3519,31.0237,37.1101,93.5274
157.8271,33.0190,35.9694,94.6009
145.4419,26.8222,35.1766,95.1107
126.0858,28.3727,35.1609,94.8796
117.5873,25.1862,35.4873,94.5514
126.5690,12.8628,36.5748,94.2958
114.5488,16.8418,38.4630,92.5867
121.3143,15.1852,38.3270,92.6541
124.9666,24.1761,37.6746,92.1642
