1
80.6423,146.6734,26.9252,26.0931
80.9468,144.1737,26.4003,27.2035
80.6182,142.8291,26.8124,27.4300
80.6414,141.8347,27.0113,27.3870
80.0372,140.5543,27.1587,27.9158
79.3735,139.4247,27.6348,28.1919
78.9879,138.5526,28.3816,28.2429
78.1530,137.0249,29.3409,28.4321
76.3889,134.9409,29.9474,28.9114
75.8056,132.1463,29.9773,30.3208
75.1236,128.9662,30.2457,31.6285
74.1713,127.8257,30.7341,32.2052
73.3849,126.3966,31.1781,32.7662
73.8742,125.0809,31.6397,33.1690
72.2812,122.9832,31.8583,33.8343
72.7091,119.8388,31.6378,34.4672
71.8119,115.4155,31.2502,35.6335
71.2523,111.1115,30.6538,36.8123
71.2709,107.5269,30.2484,37.1502
71.4959,104.0456,29.9972,37.2458
71.0244,101.1666,30.1801,37.0470
71.7690,99.4384,30.9427,36.0415
72.8635,97.9648,31.5183,35.3822
73.3699,94.9200,32.6388,34.5683
73.8721,92.9830,33.6267,33.8597
74.8421,90.4899,34.6332,33.3346
77.4620,87.7674,35.3989,32.9930
79.4966,85.3541,36.6223,32.7071
81.5378,84.1761,37.5906,32.5397
82.4334,82.1851,38.6906,32.1433
83.0834,80.2716,39.3716,31.8100
84.4667,77.4158,39.8487,31.6417
83.7274,74.5157,39.5253,31.8627
84.0563,71.1915,38.9532,32.0447
83.4671,68.7132,37.7540,32.2933
82.8337,65.7008,36.6011,32.5056
82.0159,63.3639,35.6349,32.7452
80.5233,61.4001,35.1362,32.5137
78.6792,59.2562,35.2526,32.4113
77.9983,58.2803,34.5106,32.1534
78.2226,57.6177,33.5756,32.2051
79.1257,55.8585,32.4558,32.4260
79.6843,54.8273,31.5085,32.8469
77.6657,54.3844,31.3360,32.9021
77.4343,53.8722,31.1464,32.8546
77.5806,55.4469,30.4944,33.2433
77.5392,56.0417,30.3002,33.2688
77.9608,57.4593,29.9237,32.8891
78.1441,57.9306,30.0604,31.7437
78.1820,58.9732,30.0855,30.4757
78.8889,56.6926,29.3736,29.7245
79.2202,57.2823,28.3630,29.9377
79.4994,61.0006,28.3290,29.4182
79.6248,64.7016,28.6254,29.5430
80.0120,67.1439,28.4423,30.5590
80.7532,69.6340,27.8278,31.5288
81.9260,73.0659,27.1986,32.2831
83.2498,75.7291,26.5629,32.7582
84.2019,77.7683,26.0814,33.1393
85.3774,79.3059,25.9890,33.3863
86.3866,79.8275,25.8388,33.5560
87.4703,80.3608,26.0260,33.6158
90.4719,80.4355,26.3253,33.6278
90.5064,80.6960,26.4480,33.6584
91.3651,80.5330,26.2818,33.8699
92.6312,80.8555,26.1969,33.9544
94.0950,81.3651,26.2330,34.1659
94.1845,81.1460,26.3831,34.5372
94.9906,81.9859,26.4609,34.7824
94.8685,81.8421,26.6264,34.8583
94.8287,81.2297,26.6292,35.0736
94.7399,80.9264,26.5916,35.1905
94.8998,80.2106,26.5074,35.4848
94.1428,80.6588,26.6045,35.5099
94.4036,80.6297,26.5859,35.5612
94.0666,80.3687,26.7638,35.1044
94.0333,80.0797,26.7767,34.9085
94.3196,79.7576,26.6185,34.6914
94.1909,79.7490,26.4904,34.6584
94.8724,79.5814,26.3014,34.5606
94.8491,79.2511,26.3447,34.6180
95.0274,79.0215,26.4559,34.8001
95.6039,78.4843,26.6343,34.8794
96.5075,77.2119,26.5538,35.2113
96.3167,76.0840,26.5636,35.6407
97.4513,75.4880,26.3017,36.0451
98.5056,74.2695,26.2145,36.3255
98.5276,73.8386,26.0922,37.1616
98.7910,73.4883,25.9368,37.7179
99.8467,72.9234,25.9643,37.9816
100.3067,72.9820,26.1129,38.0449
99.9172,72.1327,26.5342,38.1362
100.2364,72.6073,26.7258,38.3894
100.6548,72.1037,26.6726,39.0653
100.9123,70.6092,26.6480,39.6947
101.2420,71.3788,27.0913,39.6033
101.2265,70.7986,27.5609,39.8052
102.1259,70.0740,27.8645,39.4501
102.5561,70.0846,28.4426,39.0787
102.2716,70.2080,29.1199,38.8467
102.4611,70.0305,29.4289,38.6625
103.3544,68.9554,29.4236,38.3878
103.6670,68.3577,29.6486,38.2232
103.6727,69.1651,29.9672,37.3881
104.0713,68.5745,30.1106,36.9535
104.0098,69.4179,30.1284,36.2544
103.3922,69.6549,30.1398,35.5700
103.2056,70.3124,30.0423,34.7301
102.5473,70.8184,29.9037,34.3482
102.1951,70.6279,29.6721,34.5601
102.0986,69.9801,29.6693,35.0086
101.5446,69.7711,30.0411,34.2673
101.9458,70.0174,29.7077,34.1175
104.2813,67.6563,29.5913,34.4378
103.8723,69.8265,29.0205,34.4427
103.6775,68.8941,28.7748,34.0083
104.0573,71.2351,28.4370,34.3540
104.6042,70.5175,28.2233,34.3671
103.0541,72.9711,29.1562,34.2865
101.8998,74.5689,29.8050,34.1768
104.1256,73.3486,30.2187,34.0607
102.2706,74.5535,30.9556,33.8667
100.4773,76.1983,31.3525,34.0044
96.0925,76.7947,31.6518,33.6584
91.2438,77.1112,31.6057,33.5472
90.9578,78.4822,31.7654,33.2056
91.6266,78.5625,31.3211,33.2619
95.0691,79.3822,31.7810,32.7206
95.7362,80.7942,32.2198,32.3328
96.4264,79.7012,31.7252,33.0883
98.6808,79.9523,31.1112,34.0169
97.6622,80.9643,30.5774,34.8955
98.3912,82.8780,30.1654,36.0016
97.6246,85.3157,30.9796,35.6003
96.4521,87.4300,32.7675,33.9971
94.7408,88.7404,33.9759,33.0472
95.5616,89.8529,34.2151,32.8247
96.4112,90.4605,34.5495,32.8356
97.7632,90.1866,34.6941,33.0321
98.6048,89.1507,34.8524,33.0929
100.6993,87.9654,34.8485,33.0846
103.3152,86.5470,34.3815,33.3027
105.0469,86.1361,33.8440,33.2850
106.8888,85.1776,33.7202,33.1119
108.3065,83.9022,34.0808,32.6655
110.1679,82.1579,34.3976,32.4061
111.4578,81.9118,34.4889,32.4693
112.6953,80.0326,35.0791,32.6305
113.1730,80.3724,35.8862,32.5323
113.9887,79.8744,36.9404,32.5763
114.5312,79.1371,37.9641,32.4694
115.3084,79.4636,38.2468,32.2074
117.5252,79.7807,38.0832,32.0428
116.8709,79.7503,37.8296,31.6017
117.3020,79.9153,37.6730,31.0103
117.0946,79.6636,36.8250,30.6465
117.9898,79.2819,35.7245,30.4612
118.6828,78.3492,34.3535,30.3656
119.6425,77.1311,33.3713,30.5519
118.4749,76.1089,32.6523,30.4539
118.5968,75.8526,32.4743,29.7221
119.0735,75.1777,31.6538,29.3481
119.5755,75.1861,31.7055,28.8307
120.8816,75.1122,31.5620,28.7755
121.5790,74.8295,31.7123,28.5889
121.8012,74.2824,31.6973,28.5390
123.3304,73.5622,30.8787,28.6496
124.0264,73.4162,30.0963,28.7848
124.8060,73.0017,29.8710,29.1351
126.2398,72.5141,29.3876,29.4801
127.3774,72.0725,29.8603,29.6349
129.0948,71.0761,30.3036,29.8553
129.1412,70.4035,31.1387,29.9626
130.4496,70.2313,31.4944,30.1621
130.8043,69.9475,31.8101,30.0795
131.3445,68.9604,31.7965,30.4266
131.9819,69.8261,31.8367,30.3653
133.5591,69.6619,31.2433,30.7256
134.0227,69.5592,31.1491,30.7033
134.8853,69.7400,31.0806,30.2810
136.4909,70.5014,30.8462,29.6724
137.2150,71.5715,30.0178,29.1333
137.0052,72.4112,28.7458,28.8774
138.4219,72.6386,28.0119,28.1118
139.8271,73.6947,27.5307,27.3730
141.5682,73.9802,27.1637,27.1397
142.5128,75.7982,26.8313,27.1151
143.0385,76.5682,26.9351,27.1502
143.6478,77.8658,27.8009,26.6205
144.0117,77.6739,29.0721,25.7353
144.1852,79.2766,32.3262,23.9412
144.8601,80.6049,34.4327,22.4400
143.1729,81.5119,36.7432,21.2870
141.5916,82.3855,38.9342,20.1047
137.0620,86.1305,39.0111,20.0694
137.8109,89.2085,39.1734,19.8791
127.0173,109.9427,35.9741,22.7842
123.7673,107.9871,32.8905,25.5376
126.6947,109.7647,31.7466,26.7419
125.7070,112.7540,30.9202,27.5758
129.2183,111.6574,30.5538,28.1607
126.9632,112.4316,30.3190,28.9799
125.0255,110.5179,29.8875,29.7196
125.9969,108.5737,29.4053,30.3229
125.7995,103.5489,27.3816,32.6087
125.0754,101.9574,25.7955,34.2893
124.7448,100.4896,24.6636,35.9599
123.0692,100.1281,23.5898,37.5290
121.5750,100.8609,22.9968,38.5064
122.8228,104.0847,22.5142,39.2789
119.8921,107.4382,22.4484,39.5297
117.8359,109.3696,22.5771,39.4005
121.0201,84.1217,26.6646,35.1631
118.5963,85.6520,29.2558,32.8280
116.5786,86.0353,31.0122,31.7011
114.6384,85.5715,32.1509,31.4074
113.2090,85.1486,32.7456,31.3209
112.9326,84.8300,32.6141,31.3138
111.9465,84.6377,32.3691,31.6839
111.6246,83.8189,31.7917,32.0317
111.6430,84.0818,31.1153,32.1079
112.4103,83.8519,30.5740,32.0914
112.8922,84.0988,30.0840,31.9869
113.5025,84.8666,29.9778,31.7057
113.6824,84.8334,29.8285,31.5171
115.2041,84.7259,29.3582,31.4665
116.3060,85.0236,29.1214,30.9832
117.9322,84.9961,28.8815,30.6747
119.7901,84.4377,28.2976,30.9557
121.5422,84.0062,27.8604,31.3252
123.6172,84.4187,27.6655,31.7416
125.1159,84.0002,27.6142,32.2087
126.4951,83.7115,27.4711,32.9429
127.8828,82.9417,27.2367,33.4782
129.8198,82.3667,27.2495,33.7183
131.7001,81.3693,27.4259,33.7213
132.8104,80.4556,27.6171,33.4589
133.6902,79.6404,27.9342,33.1086
135.0686,79.2142,28.1473,33.0314
136.0873,78.4355,28.7081,32.5374
138.0366,78.0036,29.6599,32.2285
139.9744,77.3357,30.6227,32.0932
141.4891,76.1639,31.6634,31.6654
143.6925,75.5838,32.6106,31.6992
145.7458,75.1060,33.7073,31.9111
147.9937,74.2635,35.4250,31.4029
150.8379,73.9721,36.7799,31.0905
152.9783,73.1124,37.7900,31.0669
154.2667,71.8910,38.5057,30.7826
155.7076,70.1522,38.9625,30.6800
155.9872,68.8338,39.3950,30.5279
155.8332,68.3144,39.5084,30.5888
155.1902,67.6463,39.5934,31.1021
154.8172,66.0321,39.3531,31.4295
153.9103,65.6849,38.8875,32.0057
153.8477,64.2052,38.7763,31.9289
153.5499,62.7544,38.3617,31.5322
153.9029,61.5997,37.6035,31.7714
155.0233,59.8824,36.8764,31.9607
156.1116,58.4251,36.2297,31.7607
157.3181,57.3468,35.8385,31.8782
158.7518,56.1439,35.6772,32.2536
160.0129,54.0757,35.5939,32.4544
160.9948,52.3371,35.6051,32.6930
161.8377,50.0714,35.8181,33.1534
164.2606,48.1900,35.7574,33.7894
166.0054,46.3755,35.7934,34.0277
167.2841,44.5879,36.0152,33.7855
168.4135,43.4214,36.5188,33.5398
168.4269,42.0174,37.4445,32.9136
168.1224,41.3392,38.0013,32.6683
168.5966,40.8344,38.5319,32.5049
168.0470,41.2948,39.1791,32.3930
167.8410,41.7869,39.6301,32.5644
168.7619,42.0432,39.9566,32.6343
168.7879,42.2630,40.4452,32.5569
169.5744,41.7179,40.5267,32.8719
170.5558,41.4452,40.5523,32.9684
170.6167,41.6774,40.4704,33.3251
170.9527,41.6135,40.4775,33.6377
170.4711,41.6118,40.6063,33.7225
170.5058,41.8160,40.6961,34.0570
169.8825,42.6085,40.9468,33.8780
169.8742,43.2430,41.3754,33.7344
169.8400,44.1241,41.5600,33.6731
169.4405,44.3398,41.7622,33.3710
169.6531,44.2201,41.8757,33.1808
170.1758,44.4635,41.6847,32.9869
170.1938,44.0267,41.7057,32.8768
169.5912,44.9094,41.6406,32.8423
169.3553,45.4705,41.6001,32.6665
169.0090,45.9783,41.4708,32.4408
168.5622,46.1363,41.5151,32.3379
168.6656,46.1343,41.3266,32.1626
167.6411,46.8319,41.5798,31.9773
167.1793,46.7967,41.6178,32.1325
167.1789,46.9322,41.5550,31.9932
166.9520,46.4092,41.2912,32.1944
167.0428,46.1943,41.3432,32.2661
166.4410,46.4965,41.3479,32.1994
166.8089,46.4257,41.3428,32.0301
167.2654,46.9723,41.2321,31.8197
167.8463,47.3436,41.0175,31.8172
167.5396,46.6900,40.9282,31.5940
168.4477,46.7972,40.9135,31.6293
168.3842,46.7396,40.6621,31.4150
168.6685,46.3818,40.5683,31.2992
168.4597,46.2772,40.6195,31.1679
167.6983,45.7529,40.3749,30.9527
168.7382,45.5444,40.2385,31.1914
167.1788,45.7103,39.8154,31.1320
167.1532,45.0310,39.5730,30.9786
166.5318,45.6991,38.9860,30.9249
166.6709,44.6956,38.4894,30.9015
166.5745,45.3218,37.9176,30.9718
166.0045,45.6174,37.5568,30.8670
166.2960,45.7835,37.6072,31.0926
165.4519,45.4546,37.3007,31.1580
164.6183,45.4120,37.2183,31.5209
163.8549,45.2536,37.3226,31.7297
163.2916,45.4842,37.0784,31.7311
163.1113,46.1574,36.4728,31.9987
162.6671,46.6547,36.1795,32.5828
161.8539,48.1536,36.3331,32.5523
160.4464,49.8800,36.4807,32.2900
159.6190,50.9005,36.2162,32.1222
158.4888,51.2544,36.1985,32.0653
158.0194,51.9792,36.3720,32.0324
156.9754,52.7813,36.5548,31.7754
156.0693,52.9227,36.5821,31.5418
154.4089,53.7434,36.6542,31.1196
153.4852,54.6658,36.2871,31.2594
151.9363,55.1912,35.5781,31.4342
150.9601,55.1726,34.4097,31.5834
149.1434,55.7569,32.5236,32.3649
149.9417,56.1515,31.8974,32.0930
147.9212,56.8994,31.6143,31.6985
154.1550,57.4445,34.2337,29.1531
152.9603,59.8032,36.3893,27.3486
150.9306,61.6861,37.1604,26.2322
150.0282,62.1371,37.7347,25.5364
152.0567,62.4451,38.3717,24.8816
148.1246,61.8727,36.3439,26.0362
147.7863,60.8616,35.1542,26.6247
147.5522,60.0118,34.4439,26.8068
147.4141,60.0593,34.0484,26.8524
147.7491,59.8747,33.8508,26.8012
147.6183,59.2597,34.0662,26.7516
149.9653,59.8826,35.4591,25.9501
149.5897,60.0664,36.4339,25.3660
148.2523,60.9476,37.2473,24.9083
147.1021,60.3091,37.8046,24.6874
146.5517,60.9160,38.3197,24.4164
146.4950,60.7132,38.7226,24.2772
146.2018,61.0708,39.0282,24.2068
143.9646,61.0692,39.0037,24.0525
145.4720,62.2613,39.5254,23.7741
143.3696,62.9550,39.3119,23.8373
143.8121,64.3217,39.0787,23.8963
145.5700,67.2748,39.4854,23.5730
144.6442,69.0002,39.8119,23.7316
144.4797,70.5043,39.8007,23.9367
144.7305,72.4515,39.7920,23.9381
144.2467,73.6087,39.8006,24.0038
143.7708,74.6208,39.9577,24.0154
