1
129.3543,468.7058,23.8722,62.4737
137.5403,506.8379,24.2871,62.3895
148.7193,551.4994,25.3315,59.9572
155.9152,573.5030,25.8001,59.9811
154.6277,580.2418,25.5173,61.1284
154.0697,583.8036,25.2182,61.5774
155.5043,585.2742,25.3107,60.6605
157.7170,582.5317,25.1413,60.2192
157.9847,582.4483,25.0359,59.9992
158.7081,583.4230,26.7574,57.7460
159.4936,584.7560,26.8981,56.9142
159.7429,584.1155,27.0709,56.4989
160.6851,584.4717,27.5477,54.7522
158.1098,585.4175,27.3625,53.1693
158.7930,586.1537,27.3907,51.9248
160.8554,596.4771,26.4961,53.4543
161.3423,595.4478,26.8174,53.5002
161.8426,597.4357,26.0015,55.0573
164.0016,605.8282,24.8900,57.3463
159.4437,624.8400,24.7716,57.8434
162.9148,634.3757,23.6861,60.3830
165.2345,650.9539,24.1981,61.2020
176.2500,668.4465,25.8464,58.7870
193.1975,699.6979,25.8195,57.8754
213.2164,723.8433,31.0642,52.4679
233.9207,748.4261,35.5267,48.1993
264.7504,775.2498,36.0391,46.6143
311.8455,799.8640,37.9662,45.0457
350.4763,816.3395,41.8228,42.1802
379.2944,828.6497,45.5810,40.0584
391.8762,839.2893,45.4171,40.6363
400.8424,845.3419,44.1618,41.9045
404.2956,850.2535,45.1388,40.8486
405.9045,848.4322,46.8886,39.4094
413.6021,851.3221,50.1830,37.6188
420.7191,851.7552,52.1362,37.4826
442.3150,850.4756,51.9981,38.3444
480.4809,855.5574,51.5376,38.4399
522.0266,848.7750,53.1206,37.7767
559.3898,828.4155,52.8316,38.7199
575.5541,802.4181,48.9075,42.9094
577.6097,787.6790,45.1338,46.5474
578.7222,775.0701,44.8491,47.9712
575.7574,756.7413,40.2646,51.1190
568.7319,745.8913,39.8840,52.0878
562.5786,743.8690,38.5764,51.6940
563.0886,746.5466,38.0902,50.0562
561.7737,745.8094,37.2581,50.2785
561.3786,745.0851,36.7252,49.7991
562.4990,745.1343,37.3505,48.8767
564.3503,743.2988,38.1548,47.7734
564.0331,742.5828,39.3650,46.7361
564.0983,742.1356,39.0645,46.7448
566.3301,748.2631,37.3356,47.5153
568.5408,749.3024,36.1602,47.5109
569.6826,749.0174,35.4428,47.6281
567.2895,744.6049,35.6043,48.0020
565.2384,740.6846,36.3397,48.3064
563.4927,737.1604,36.9326,48.2038
562.4420,738.1503,37.1215,47.4156
561.2373,734.2405,36.9755,48.6023
559.3150,732.6839,38.3618,47.4240
557.8000,729.8730,38.5713,47.4352
557.3881,728.8652,38.9249,47.3933
556.5251,727.7556,39.6234,47.3186
555.7844,729.7024,40.7951,47.1238
554.7312,729.0265,42.1067,46.3301
553.1870,731.9318,42.9102,45.6409
552.4273,730.9847,44.2545,44.8506
549.8057,732.6271,43.7256,45.0357
551.5297,729.8850,43.3720,45.5767
554.3162,731.5497,41.6334,46.3462
555.4489,731.6984,40.8413,46.4280
555.4390,734.4427,40.3921,47.3046
554.0356,732.8970,41.5881,46.5490
550.1122,731.9030,41.8649,46.6378
549.0533,727.7048,41.8748,46.8446
549.0721,724.2105,42.2657,47.5948
543.0935,721.1638,43.2478,47.6918
538.5399,712.0415,43.5033,48.1037
538.0162,702.0580,42.8646,49.7416
534.3370,684.8239,39.0648,54.0906
534.0797,652.3821,39.6020,54.7318
543.4628,634.6040,36.8291,57.5834
550.5853,619.9579,40.4758,54.7353
576.9877,598.6829,39.0250,55.7354
601.4564,583.3963,41.5550,52.4953
614.1542,584.3528,46.7094,48.0977
628.5100,603.0939,52.8068,43.3152
661.1415,623.0010,53.9301,43.4077
696.1489,661.2385,53.8805,44.6520
708.3243,680.0734,52.8263,45.0829
712.4526,685.3050,51.3411,46.6861
715.1386,687.0013,50.7777,47.0688
713.5532,693.7776,48.3505,48.7019
716.3987,697.6314,47.2373,49.0059
716.8572,700.9253,46.9134,49.9315
718.7959,705.9429,46.5610,51.0947
717.2399,704.1674,44.9452,52.0266
714.9827,710.2229,43.5497,52.6830
708.3393,717.6053,41.6962,53.6878
698.1866,732.7404,40.4115,53.2217
685.6498,744.4366,40.6550,52.4728
673.6461,758.8325,36.8041,56.3447
649.7255,776.6699,36.0004,56.3834
632.1472,791.1492,38.4877,54.2372
630.0425,789.9631,37.8172,53.9750
630.3648,788.7003,37.1653,53.7617
624.3260,789.0893,37.1136,53.2141
619.6608,790.4968,37.2328,53.1873
603.8748,803.5193,39.8665,50.8088
589.3869,812.8066,41.3766,49.4956
566.0864,824.8162,45.8569,46.8153
536.7208,832.5392,48.9882,45.1937
505.3339,844.0524,49.3560,45.6873
497.2603,843.7347,49.4868,46.2366
492.1275,852.3054,49.1997,48.5656
482.3941,855.8841,47.3657,51.0168
483.4917,853.1953,46.5108,51.7767
483.3542,850.7208,46.8361,52.0012
480.3762,849.4815,48.9735,50.9533
476.0445,845.8345,51.3620,49.2603
464.8689,846.2770,53.3912,47.6790
438.6867,843.2291,60.5827,43.1293
420.1687,843.9838,65.0269,40.5009
403.9388,836.5611,67.1159,39.1226
381.0269,827.2681,65.0650,41.3411
353.1950,803.0225,64.1307,42.6688
351.7580,785.1726,60.0390,45.9237
339.3984,773.2796,56.4105,48.6145
336.0672,772.1360,56.5452,49.4895
325.8551,777.2601,57.0092,49.7474
312.0238,771.3134,57.3460,49.2778
310.5184,771.1014,56.9514,48.7824
315.7299,765.9390,53.9663,49.4736
323.6970,760.4631,51.8843,50.0970
335.9582,746.3898,48.0593,52.7712
351.7449,734.5425,49.9080,52.0090
381.6285,717.6403,50.9839,52.1698
404.7131,700.6202,53.8942,50.7618
413.2657,699.6799,55.5190,49.3912
430.9988,702.5723,62.2422,44.9220
447.4057,705.5475,66.4563,41.4468
460.1953,696.8582,66.0110,43.0027
465.0043,677.6819,60.5227,47.5391
467.4734,654.1601,56.4098,51.1784
465.4631,617.8055,49.8903,55.7085
451.0499,571.0109,51.5667,55.0193
431.8802,530.5192,50.6758,56.5454
404.2061,477.9655,53.0374,54.8063
364.8933,462.3658,54.5741,53.8220
341.2160,460.8300,56.1609,51.6035
316.2986,460.6289,57.0434,50.1871
306.2683,451.6331,56.9303,50.8737
299.8162,440.9036,55.6735,50.9937
293.4019,420.8245,54.4711,51.3109
280.2329,388.1538,51.4764,54.5188
269.4280,337.4682,44.1819,63.7498
257.5816,285.9032,38.7899,68.6125
250.2894,260.8856,37.6240,69.0512
249.4061,251.3509,37.8316,66.5723
260.1274,246.0009,35.0991,67.6204
274.3529,235.8579,34.9471,66.8886
289.7917,218.6849,36.2158,64.5698
310.0192,205.3512,42.8533,59.4825
323.5415,203.0008,45.7387,56.7255
338.1688,200.5729,46.8178,55.6094
338.0042,197.7923,46.2195,55.3847
327.5583,205.9853,45.2740,54.5686
312.8261,217.4257,43.5446,55.5544
301.1252,233.1248,47.1707,53.2132
277.3128,255.6125,54.2397,47.6744
261.2325,276.0768,55.9713,46.8022
231.1134,298.1413,57.2685,46.5493
202.2603,313.1631,58.2557,46.0996
197.0065,318.7083,56.5035,47.1520
198.3886,318.1161,54.5729,48.2924
199.0223,317.0709,54.6056,47.8798
211.6745,315.7238,51.5529,49.2611
220.4824,318.7915,47.4037,51.0872
231.7206,323.3008,43.6184,51.9869
236.7568,334.9605,38.6291,55.3185
244.9003,354.9044,35.3006,56.9831
251.5715,392.2781,32.9278,58.5522
252.8953,439.2127,30.9463,60.9425
242.9573,473.8030,30.9689,60.5979
228.5488,501.1173,31.5621,58.0334
198.9055,509.6546,37.2660,52.6183
165.4972,518.0694,42.4751,48.5544
141.5875,505.7486,46.2946,45.5671
143.7891,510.7271,47.7307,44.4419
148.9973,510.4895,48.8510,44.1380
148.7946,508.9615,49.5364,44.1753
144.5288,508.9188,50.5609,43.7538
146.1464,507.7802,51.2443,43.5363
145.9599,507.1949,52.4315,43.1684
143.2084,509.5361,55.6989,41.1338
140.6928,511.1479,58.2172,39.5864
134.6970,512.4512,61.9219,37.4288
134.9874,513.2556,64.3779,36.1450
136.5659,513.7024,67.1226,35.1715
136.7454,514.3437,68.8166,34.6714
131.3981,509.4974,69.5349,34.6025
133.7948,509.3859,69.6192,34.5793
134.6759,510.3096,71.2594,34.0274
134.0511,511.7484,72.0206,34.0579
135.2169,515.8014,69.0469,37.6914
136.0031,514.4048,66.1225,40.9797
129.9130,517.1311,68.3353,39.9260
126.2580,518.9852,70.8477,38.4500
127.0334,519.9200,71.6140,38.0333
124.5242,520.9642,73.1006,37.3236
122.0601,521.3993,74.2408,37.6217
130.2501,511.0555,70.0860,41.0513
150.8520,508.6000,61.6542,46.8465
156.0117,513.3137,55.3065,50.3332
158.8694,512.8438,51.0798,51.7759
158.7484,515.4340,48.7518,51.4418
158.4136,513.7606,44.4059,53.1350
159.3215,513.5651,41.5729,54.1076
158.2676,512.0896,40.4841,55.1038
157.5715,510.8760,38.8179,56.3940
158.7056,511.2819,37.4097,56.7235
161.2493,511.8055,36.7562,57.0788
162.7305,514.0878,38.0180,54.6141
164.7479,517.2921,38.9028,52.3607
167.0380,519.8010,39.5673,50.5219
173.2709,519.4417,41.2150,49.0879
176.2936,519.6484,41.3907,48.6757
183.3085,531.0728,40.6086,49.0341
184.6684,540.6808,35.8954,53.8614
190.3139,558.8804,37.4121,51.3057
191.7672,563.1346,38.0888,48.6551
192.9611,566.2410,38.5106,46.8472
192.1844,569.3912,36.9421,48.1152
185.3898,589.4536,36.5337,49.4577
180.4036,610.2942,34.4757,49.4080
172.8368,630.8281,31.2663,54.0056
169.4707,635.1234,33.2339,52.6500
169.0228,634.3640,34.2413,51.8285
168.9463,633.1833,35.1546,51.1834
169.2850,632.2888,35.5943,51.2222
169.2705,631.5349,35.9467,51.6770
160.4644,632.5499,39.3719,48.9033
157.3661,629.3569,41.9962,48.1249
153.8774,629.7490,44.5085,47.4988
152.7198,631.6207,45.3477,48.0266
153.1974,635.6638,45.2728,49.4274
153.9308,639.3205,44.7915,51.0102
155.6892,638.5071,43.5784,52.7728
157.3008,636.1413,42.9055,54.5862
156.1982,636.2971,42.9449,55.4714
157.1406,636.9482,42.5432,56.0141
158.4646,636.3992,42.3217,56.1963
157.7037,636.7734,42.6121,56.0228
157.5954,638.4172,42.3594,55.4352
159.4764,637.6630,41.8709,54.9314
160.4757,637.3206,41.0959,54.7276
159.7739,638.8060,40.3929,55.0350
160.4281,639.7906,40.0654,55.1929
161.0868,641.6957,40.1040,54.5799
160.5298,643.1195,40.3444,54.2881
161.4016,639.9194,40.0294,54.8997
164.7406,637.2936,39.6707,54.5479
166.7793,635.5389,39.2776,53.8803
170.8322,634.8740,38.7562,53.4041
174.9812,632.3684,37.3404,54.1315
182.0955,631.3182,35.8274,54.4322
182.3285,637.1744,39.6190,50.4314
183.8754,638.2262,44.9345,47.3795
179.1150,640.4224,49.2574,44.4545
182.3333,647.5682,54.9820,40.3030
180.4924,649.8221,59.1349,38.1894
177.6520,651.6497,62.9752,36.8169
177.0729,651.6517,64.6215,36.4272
177.6583,651.2339,66.2020,36.2640
195.8898,657.5722,62.5658,39.2516
206.0106,659.8960,59.8451,41.2283
212.1643,664.9508,58.8278,42.2172
222.4807,676.0742,55.5812,44.9386
229.7176,682.6859,53.9058,46.0915
252.8752,702.8933,55.7945,44.9383
296.7177,729.4726,56.8105,44.1658
333.5000,743.7791,57.7604,43.5892
342.3941,753.6473,58.5072,42.8154
349.2057,758.7524,55.3866,44.9532
358.4738,761.6096,54.4145,45.1765
363.1632,764.8948,55.1476,44.5880
370.0879,771.6073,56.8636,43.8733
377.1929,771.9467,57.9624,44.2104
379.5091,774.8605,63.5449,40.5772
375.1757,777.8568,67.7960,37.8790
372.0508,780.8363,71.0813,35.7180
375.3109,764.6422,63.2654,42.2329
382.9204,753.3411,59.3528,45.2116
385.1148,749.7080,55.1964,47.5398
387.8886,746.1431,52.8719,48.5695
389.2773,740.5775,52.5164,48.9562
405.2729,731.4631,53.6465,48.0315
420.5109,728.4171,54.8548,46.4461
442.5154,718.6636,56.3275,45.4673
464.5172,710.5322,57.1172,44.7663
484.5612,714.7806,63.1284,40.0973
527.4692,729.3400,65.6190,37.4941
567.5877,752.5154,62.6747,39.8229
586.0940,780.3457,57.7877,43.7954
590.8988,796.7295,53.1766,46.7600
590.5356,800.5793,47.5620,50.3936
586.1039,805.3011,45.3045,52.3602
568.6865,807.8013,46.7171,51.3558
549.8654,819.7072,49.1824,49.3459
533.9084,821.2123,51.1162,48.0585
519.8922,830.1384,51.5751,47.9491
496.5527,829.3207,53.0499,47.3300
459.9328,835.3371,55.6899,45.8897
411.2719,825.1767,62.9816,41.3122
367.6013,823.7798,61.0497,43.6193
330.9854,814.8791,60.8235,44.4470
316.1454,813.9264,60.7724,45.1946
306.9998,790.5284,59.4025,46.7692
294.3539,761.9170,54.1383,50.5193
283.1876,720.2830,52.4536,51.6215
261.7155,695.9816,51.5043,51.5613
259.6180,688.3297,51.3131,50.5068
