1
332.7922,169.4012,28.9122,36.4800
333.3314,167.6444,29.5916,37.2625
333.7010,165.2629,30.7434,37.0987
335.3823,168.1113,30.5376,39.5673
332.3258,164.0023,30.5375,39.5668
332.6397,161.8956,30.5375,39.5668
331.8014,164.7063,30.6076,39.4581
328.7494,165.5079,30.6076,39.4581
322.4081,165.1901,33.0123,36.7895
326.9492,164.7565,32.9947,36.6529
326.7945,166.5889,32.8754,35.9282
327.3376,166.1724,31.8743,35.8680
324.1279,163.8510,32.2447,35.4547
325.9632,165.7472,32.0116,34.3980
328.2060,165.0465,31.0110,36.0816
325.8871,163.7447,31.0103,36.0823
326.5407,163.8619,30.9575,36.1312
323.7841,164.5576,30.4772,35.6596
323.5670,164.5562,30.4537,35.7496
324.2388,162.6540,30.4538,35.7495
325.3313,164.2684,29.8949,36.4394
327.0934,160.9121,30.2855,36.1814
329.5349,158.8259,31.8932,34.6077
328.3797,157.9174,31.5235,33.0367
325.2659,158.7821,31.5008,33.0066
322.8277,158.5062,30.5335,33.0671
326.5107,157.4427,28.5809,36.3574
328.9012,155.5023,28.5637,36.3431
327.5929,155.2817,29.2189,34.6567
325.7182,157.2648,29.4356,34.1981
325.0197,156.5614,30.5010,34.3400
329.0875,155.1029,30.1045,33.3077
330.8834,155.2116,27.9806,35.0868
332.7834,152.3215,28.1302,34.8412
330.8688,150.3839,28.1284,34.8343
329.4352,150.7209,29.0182,33.4094
330.8479,153.4719,27.3928,34.0261
330.2095,153.4441,27.0286,34.2186
331.4772,153.2806,27.0286,34.2186
333.2005,151.4778,26.9139,33.4345
333.4374,152.2574,26.9167,33.4287
331.4940,150.7264,27.1321,33.2052
331.8191,152.1404,27.4121,31.8612
332.1558,151.2577,27.2831,31.2541
332.7948,152.1412,26.7476,32.8107
332.6600,149.0756,26.7360,32.7679
329.7419,150.5634,27.2849,31.9232
331.6327,151.8159,27.2530,31.9373
330.6411,148.9361,27.1822,31.9474
333.0201,149.5722,25.6836,32.5029
333.1740,150.5320,25.6836,32.5029
332.6573,149.2492,25.6836,32.5029
335.1667,148.8738,25.6836,32.5029
338.0045,149.3617,25.6836,32.5029
339.1247,149.4594,25.6836,32.5029
338.4616,149.5139,25.6836,32.5029
338.6145,151.4108,25.6836,32.5029
337.2927,150.8072,25.6836,32.5029
336.2386,147.2109,25.6836,32.5029
335.6011,146.8288,25.6836,32.5029
335.5132,146.9730,25.5096,32.3503
333.2497,148.1789,25.5096,32.3503
331.5114,147.1438,25.5096,32.3503
331.6935,146.0926,25.5096,32.3503
332.4018,145.9372,25.5096,32.3503
331.9008,145.6504,25.5096,32.3503
328.9685,148.2855,25.5096,32.3503
326.2289,147.8335,25.5096,32.3503
322.9950,149.5417,25.5096,32.3503
323.0232,148.2326,25.5096,32.3503
323.8456,147.3364,25.4726,32.3346
322.9486,146.3536,25.4726,32.3346
321.0150,145.1672,25.4726,32.3345
323.2229,144.5272,25.4726,32.3345
326.0406,145.1884,25.4726,32.3345
326.0883,145.8600,25.4726,32.3345
327.5940,146.4097,25.4726,32.3345
324.7435,147.0975,25.4726,32.3345
323.7293,149.1542,25.4726,32.3345
322.5973,148.8899,25.4726,32.3345
319.3577,146.6091,25.4452,32.3334
321.7210,147.6761,25.4311,32.3249
321.7363,146.4349,25.4311,32.3248
321.9987,145.5885,25.4311,32.3248
322.7338,144.5596,25.4311,32.3248
324.2332,144.4804,25.4311,32.3248
324.2836,144.1789,25.4311,32.3248
324.4552,144.7184,25.4311,32.3248
325.8609,145.5956,25.4311,32.3248
327.4846,147.3887,25.4311,32.3248
328.0714,147.6128,25.4300,32.3254
329.9811,147.0519,25.4300,32.3254
332.9070,144.4763,25.4300,32.3254
335.0783,142.3795,25.4300,32.3254
336.2175,142.5630,25.4300,32.3254
337.2499,141.2715,25.4300,32.3254
338.3406,141.9607,25.4300,32.3254
337.7063,142.9601,25.4300,32.3254
337.0432,143.1932,25.4300,32.3254
338.1233,144.4882,25.4300,32.3254
337.8483,145.2302,25.4300,32.3254
339.0680,145.6676,25.4300,32.3254
339.4117,144.7906,25.4300,32.3254
338.4409,143.1234,25.4300,32.3254
339.3909,143.9891,25.4300,32.3254
338.5741,142.5886,25.4300,32.3254
338.7608,141.1240,25.4300,32.3254
337.4340,140.3082,25.4300,32.3254
339.4875,139.7844,25.4300,32.3254
342.0970,140.4532,25.4300,32.3254
345.6841,142.1402,25.4300,32.3254
347.2319,150.0002,25.5105,32.3189
352.1671,145.5939,26.5060,32.4152
356.9063,146.1941,27.5682,31.6793
358.5316,148.8534,27.7332,31.5992
358.9211,151.6283,27.7295,31.6572
358.4013,148.6530,27.7295,31.6572
357.0878,145.5349,27.7295,31.6572
356.8134,142.1691,27.7295,31.6572
359.5309,140.1215,27.7295,31.6572
358.7610,138.5905,27.7295,31.6572
355.7446,139.5611,27.7295,31.6572
353.2460,139.7650,27.7295,31.6572
350.6994,139.4133,27.7295,31.6572
352.7838,141.1243,27.7295,31.6572
354.7428,141.8889,27.7295,31.6572
355.0642,141.1253,27.7295,31.6572
355.7065,142.2423,27.7295,31.6572
354.3140,142.2368,27.7295,31.6572
351.3536,141.8957,27.7295,31.6572
348.3195,141.5495,27.7295,31.6572
2
0
0
0
0
1
382.1893,152.0444,28.1906,96.7119
381.1993,154.9185,34.0660,89.2124
383.2665,159.7880,39.8207,86.1159
383.9390,160.1391,39.3750,85.8841
382.8976,163.0995,38.1454,86.6551
390.2599,164.6747,37.6138,82.5209
392.8830,158.7820,37.7885,80.8984
399.8710,160.1314,39.6738,80.6261
396.9462,171.3820,41.9646,81.0023
398.3569,174.0900,43.1970,81.2871
399.3643,174.5451,45.0739,78.3178
396.4760,167.8167,45.9659,79.8306
399.1713,172.1075,52.9272,74.1336
402.2058,167.7036,53.1431,75.9787
400.3727,174.6227,50.8131,76.6115
400.7417,170.2959,44.7560,79.0627
406.9023,149.8922,44.1430,78.5875
408.0726,146.8929,43.6426,77.7075
407.9587,164.0031,49.2034,73.5061
402.8830,162.9214,52.6617,71.9672
398.7508,163.5969,51.3563,74.2439
402.5191,166.6214,49.0190,72.8852
402.5370,167.6531,48.8108,72.4960
399.4336,169.7969,51.9903,72.8491
403.2695,171.2855,54.2182,71.2308
405.1228,171.2007,53.3752,72.5869
408.7801,168.3852,45.5172,79.1011
418.2484,168.1682,45.2860,77.3790
416.8331,161.5473,48.5479,78.9038
419.7976,165.6682,52.1524,76.5974
431.7383,168.7522,50.1385,80.6405
435.3758,163.0732,42.9991,87.9470
439.8290,159.4796,38.8292,90.2562
437.7146,160.5973,43.2680,88.2968
449.7168,161.8780,42.9474,88.4960
448.1002,164.2478,45.5209,87.6592
447.1013,168.0266,44.0316,89.5716
453.4315,160.2592,40.1320,94.0837
458.2465,150.6575,42.4250,88.8991
457.7335,148.7346,44.8440,87.2586
457.7886,150.7473,47.9635,85.0425
457.9180,153.5809,47.8870,86.9932
458.0198,152.9471,46.7855,85.6430
461.0656,148.1002,40.9118,86.5726
454.0632,150.6699,45.0861,85.4352
455.7898,156.2875,50.7019,81.4318
453.3539,164.9474,57.8053,75.5343
456.9349,159.9022,55.0088,79.0199
460.6273,156.1149,47.3911,85.3691
464.0956,155.9539,46.9670,84.0873
458.3038,164.5978,51.9320,79.3005
462.5820,159.9530,53.1285,78.9360
455.5020,162.0372,55.0033,80.3900
455.8940,162.1521,48.1198,85.4484
450.3290,157.2635,46.8225,85.7131
444.5953,164.1856,50.6819,81.8442
448.5633,163.9883,51.5177,81.2665
446.0588,167.4652,50.1566,82.2124
445.6912,162.7539,44.9382,85.0733
446.9435,160.7637,41.2888,86.1349
449.9500,159.2535,41.5849,84.0512
440.1107,164.9246,51.0208,75.7290
444.7776,163.5805,52.9554,75.4806
440.3402,163.3148,53.2527,76.3628
444.2811,166.9760,50.2526,77.7350
439.8475,164.1635,49.0238,75.1209
436.7181,161.6129,51.3994,73.5299
441.2086,157.8556,52.3621,73.1626
447.3358,160.7199,53.9890,71.3701
444.3662,161.6719,51.4501,73.9526
443.5877,157.5086,48.7010,76.5753
442.8739,157.8898,48.2287,75.1056
438.0948,155.8903,49.5734,73.1491
435.7276,157.5048,53.2102,70.9009
437.0898,154.7162,53.2057,72.5108
437.7589,160.4423,50.7538,71.9741
439.5375,156.8082,43.9741,77.1512
435.0061,150.8866,44.1150,78.6624
435.7521,152.0402,47.6881,73.3750
439.6552,155.2513,51.8226,68.1128
440.0502,156.6865,53.4372,67.3679
436.0414,154.0512,51.3156,70.0475
437.6013,155.5330,48.1119,71.3433
434.7222,155.7908,48.7478,72.2160
434.8134,152.5108,49.6423,71.7407
444.1266,154.9375,51.8098,70.7731
439.7041,154.3363,53.0659,70.7959
445.0325,154.7794,50.8604,72.2298
441.3523,148.8043,47.0352,77.2333
438.9277,144.7000,48.9184,76.7349
438.1806,147.5473,55.4929,72.6444
447.9101,143.9863,56.4480,71.2258
445.8214,148.0898,55.0569,73.8683
445.0167,144.5858,49.4803,77.8378
446.3985,143.7251,48.8099,77.4581
447.3671,141.1360,49.4355,78.0922
452.0065,138.4571,53.9906,75.0111
458.5741,141.7208,57.4385,71.8526
464.3536,142.7087,56.9543,71.1801
464.0938,142.8759,50.2766,75.4793
474.6130,133.4583,43.7344,81.3983
484.7722,137.7293,51.0640,75.5911
491.6038,133.6185,55.1748,70.8056
497.6089,130.3435,57.4278,68.7206
503.6338,132.1640,57.1291,68.5058
507.7526,132.2445,49.2460,75.7537
512.5026,123.5493,44.5716,82.8272
515.2944,120.2551,41.4999,84.8321
521.4539,118.6586,44.4847,81.5499
524.2207,118.7281,47.2966,78.2452
524.3749,119.5889,43.5246,78.9487
527.7429,117.1188,39.9071,81.2489
530.1780,115.7309,37.6135,81.4708
528.5314,109.5506,37.2608,80.6833
528.7318,117.1226,39.8176,75.7427
527.8162,115.6567,41.0395,74.9506
526.3279,115.9560,40.1808,77.0090
520.9421,117.0639,41.2622,75.1780
518.6873,115.3927,41.4946,74.6344
518.1246,111.8340,36.7271,77.2942
517.9602,112.9087,35.0403,76.9405
515.5500,114.3282,36.8755,74.9519
510.0268,118.5455,42.2121,69.5644
510.1396,118.4261,43.4179,68.5445
507.7239,114.3270,41.7839,69.3562
508.8770,112.2801,42.2733,68.8912
506.1221,112.0422,42.4166,69.5294
505.5452,111.6586,42.4653,69.5561
496.6138,112.7072,42.7322,70.4609
495.4023,109.6093,43.1909,72.0318
494.0202,105.0198,37.3932,76.8388
492.4386,100.1911,34.2746,77.3933
493.6919,95.3369,33.8346,77.6056
490.8764,94.1507,34.0601,78.2724
486.7120,95.7830,33.9572,79.0878
484.9690,92.3043,33.5527,79.5355
484.4917,86.5647,32.0497,78.4821
484.6466,84.9043,31.8584,78.2156
487.7407,82.1024,33.1941,78.0514
488.5281,78.7773,33.8928,76.6402
485.6030,84.3454,33.5927,78.6173
482.8228,82.9678,32.2531,82.2989
481.4555,83.4388,31.6228,83.4433
480.6104,86.2472,31.2327,83.9376
482.8055,83.5783,31.4335,79.8330
483.9219,81.4998,33.6802,76.0257
485.6286,80.4784,35.1801,75.4018
485.0723,80.2157,33.6145,79.6038
487.1617,77.4066,33.1249,80.1641
489.1163,76.9758,32.2299,79.8133
491.8130,76.1834,32.1892,78.8922
493.8128,74.0584,34.0888,79.2332
494.3495,71.2006,35.4182,78.9144
492.5800,73.3144,35.6276,80.0075
488.5657,75.7702,34.3609,83.0875
485.4180,76.9105,33.7161,85.4417
485.6098,77.4654,32.7324,87.3556
486.2408,75.9251,32.2704,86.4699
487.8114,76.9766,34.1973,82.3648
483.6584,77.5179,35.6591,81.5404
480.1473,78.9750,36.1235,81.5502
476.5086,81.3488,36.4667,82.2821
472.9077,77.2159,36.2001,82.0952
469.2719,77.6349,36.8062,81.4059
466.7118,75.7755,38.5951,80.8757
464.5867,78.6982,38.8131,79.7200
461.9157,82.6494,38.4729,81.4329
457.9682,84.6793,37.2633,85.8381
449.7296,84.9923,35.5212,89.2774
442.3705,83.0316,35.3635,90.0455
437.6014,79.0494,36.6906,88.5178
435.7706,81.1702,37.3665,85.4701
434.1024,84.1309,38.0452,84.0279
433.1344,85.8793,39.0964,81.9182
430.7227,88.8631,36.6082,82.2211
430.0563,89.2521,36.1425,82.0995
428.8420,89.5735,35.9387,81.7738
427.7003,91.7116,37.7828,82.0010
427.4602,91.8149,37.7538,83.5114
427.0997,92.3290,37.3965,87.8801
425.9209,92.6343,37.0199,90.9772
424.2508,91.9144,36.9731,93.3491
422.5646,89.0692,35.5177,93.3034
422.3140,90.7685,34.5940,95.2621
422.0678,91.3514,33.8701,99.7415
423.2532,93.0185,32.7973,99.8075
427.4226,90.1915,33.0858,95.1817
425.5076,85.3308,32.4550,93.3344
423.4086,85.7132,32.4516,89.8080
421.9078,83.3311,33.4913,84.9278
422.0494,85.4163,33.4837,80.0786
420.0613,89.3837,33.6427,78.5944
417.9717,93.7624,33.9342,77.4005
410.6127,90.5797,33.3104,75.3137
409.2346,87.8750,32.3257,72.7275
408.3803,88.9235,31.2995,70.8496
409.4257,88.5959,30.8852,71.5581
409.5293,88.6119,30.5860,72.7076
408.7072,86.9039,29.2331,77.3134
405.3390,82.5527,27.6642,79.9123
400.9695,79.4117,28.0663,77.6628
399.6884,81.2936,27.2500,77.5130
396.9026,84.7876,26.7106,78.2748
394.7556,88.6828,26.9064,77.4352
393.2615,87.6080,27.2787,74.3279
390.4748,85.0298,26.8744,70.3185
385.2258,91.0815,26.5660,68.4342
379.4850,91.5050,26.1962,69.6239
376.9638,89.5710,26.0198,68.6044
372.6320,88.5694,25.8711,68.3539
373.0875,87.4204,25.9043,67.6891
373.3979,89.1690,26.0804,66.1809
