1
528.0041,57.2802,19.2569,19.2437
527.2791,66.2627,18.0889,18.8629
525.3394,83.2313,18.0203,17.9189
524.4584,92.1635,17.8779,17.6688
522.1277,108.1683,17.4872,17.9851
520.6064,117.3420,17.2042,17.9143
519.4619,128.4998,16.8341,19.0155
517.1691,128.4190,16.8341,19.0155
2
0
0
0
0
1
568.1912,200.3800,17.1854,17.5864
577.6197,208.9176,17.4934,17.4007
581.6780,221.4354,17.8073,16.7722
590.8300,231.9393,17.5650,16.2737
598.3847,240.6574,17.0312,16.6523
605.6159,254.5785,16.5542,16.9600
607.1760,263.3984,16.2871,16.1394
609.8267,266.1765,16.2871,16.1394
614.7574,264.7712,16.3486,16.1158
617.1689,264.5958,16.4209,16.1127
622.2775,265.1891,16.5113,16.2832
625.9172,265.3860,16.2823,15.9484
628.2944,267.4681,16.0002,15.2360
634.2576,270.1526,15.3859,15.4660
635.9222,271.8743,15.3859,15.4660
638.4993,269.9714,15.2563,15.7583
639.5768,267.6062,14.8996,16.1208
639.6518,267.0730,15.3017,15.7069
641.6430,267.2567,15.5569,16.1319
641.8039,267.5414,15.7168,16.1210
644.0264,272.1371,15.1889,15.0495
643.7410,274.4535,14.9149,14.8974
644.1519,277.8046,15.3740,14.4965
650.7203,275.8947,15.5913,15.2777
649.7866,277.6610,15.6735,14.9839
650.5253,276.3510,16.3806,16.0110
