1
335.5011,118.7811,18.4713,25.8130
329.9930,117.7182,18.5129,26.3934
324.6291,118.6397,19.1955,26.4215
320.0790,117.9019,19.4407,27.3164
315.4016,118.3445,19.9762,27.3999
311.7023,116.9216,20.3187,26.7678
307.5302,118.1369,20.7473,26.5233
303.8393,117.5074,20.2998,27.7119
300.3241,118.2900,20.3002,28.5321
296.6989,116.5461,20.3804,29.4287
293.4370,116.2574,20.6853,29.9287
290.7485,115.2410,20.8823,30.5595
288.0694,116.0195,21.2347,30.9580
285.3192,114.9776,21.0216,31.3745
281.7302,115.8186,20.8627,31.3215
278.4507,114.7482,21.3052,31.3041
275.7893,115.5617,21.0118,31.4326
272.9761,114.8397,20.7092,31.9302
270.5379,116.0433,20.6676,31.7989
267.4803,114.4565,20.8565,31.3059
264.4115,115.2063,20.7263,31.7533
260.8431,114.2124,20.3803,32.0862
257.6091,114.9581,20.1726,32.3148
252.9028,114.3177,19.8455,32.2176
248.9597,115.3732,19.7651,31.4087
244.9528,113.7807,19.6974,31.4657
240.0668,114.4009,19.7113,31.2569
234.5500,114.2457,19.9995,30.8530
228.8949,114.4130,20.1101,30.2956
224.6803,113.6502,20.2557,29.4966
219.1541,113.5682,19.9450,28.9960
213.7685,113.8947,20.0627,28.8346
209.1143,115.4856,20.8377,28.1453
205.4280,115.0905,20.5231,28.5598
201.8765,116.4033,20.4197,28.9810
197.9211,116.9912,20.6548,28.8840
193.7093,117.7196,20.6525,29.4150
188.6234,117.4224,20.8045,30.5398
184.3007,119.0812,20.9007,31.7143
180.1329,117.9189,20.9799,32.7752
176.4389,118.3865,21.0191,34.0604
171.5532,118.0816,21.0500,34.7448
167.4876,118.1125,21.0915,34.7761
163.7576,117.8106,21.3081,35.3093
159.9689,117.7371,20.5627,35.3536
156.8721,117.3516,19.8090,35.3384
154.0415,118.2157,19.4637,34.9637
151.6728,119.2899,19.2561,34.9203
148.5967,121.6582,19.3016,34.0960
148.1133,123.1364,19.7484,32.7690
148.0946,125.8790,21.1869,30.9918
146.0915,126.3673,21.7234,30.1341
147.4478,130.7925,21.8658,30.1597
146.3358,130.0564,22.2668,30.1930
146.8163,130.5886,22.4793,30.4831
149.3927,130.5872,23.0175,30.1433
149.9404,131.3916,23.4094,30.0754
150.4250,131.3789,23.4030,29.8910
154.0524,129.5269,23.0012,29.5600
156.4181,128.6161,23.0005,28.5397
157.8385,127.0053,23.5115,27.6207
158.0422,126.6951,23.0774,28.0140
160.7797,128.6185,23.5542,27.5105
163.1772,131.0119,23.5015,27.4763
166.0865,134.5252,23.4238,28.2934
169.0819,135.1963,22.9735,29.8796
171.6575,136.6312,22.4680,31.3380
175.3890,136.4310,21.2959,34.4765
179.5525,135.4910,21.0586,35.1404
183.6294,138.0533,20.9078,36.0609
188.3761,138.3992,20.8127,36.8473
191.9237,139.4716,20.5956,37.1761
197.0547,139.1761,20.8075,36.5782
2
0
0
0
0
1
238.1181,144.0339,20.9883,20.8517
243.8952,145.2192,21.3829,20.3860
248.7388,144.4702,21.7550,20.0717
254.9682,145.8542,22.2075,19.7690
259.3243,144.9409,21.9122,20.1371
265.3176,146.3494,21.8938,20.0233
269.7120,144.7180,21.8437,20.3477
275.2435,145.6692,21.3890,20.3386
279.4200,146.0088,21.2517,20.2028
283.6133,146.6700,21.1311,20.4365
286.9894,146.4397,20.8063,20.6352
290.3712,146.2315,20.5083,21.0786
292.1901,144.9668,20.0586,21.5295
293.7968,144.8494,19.9371,21.5114
295.1837,144.1426,19.3870,21.9734
296.2454,144.5557,19.2217,22.1825
297.1001,143.1905,19.0380,22.8508
297.4269,143.9338,18.9771,22.7226
298.0468,143.0498,19.0402,22.6298
298.3693,143.7238,19.1384,22.6342
299.3146,142.2317,18.9652,22.8930
299.9984,142.4867,18.6285,23.2713
300.3905,141.5189,18.8765,23.1475
300.2784,141.6995,18.7227,23.3579
300.0133,140.6842,18.6360,23.6888
300.1315,141.2454,18.8743,23.7623
300.1064,140.6219,19.0085,23.4699
299.6934,140.4059,19.4052,23.4435
300.4019,139.6260,19.5420,23.1444
301.2010,140.1966,19.6136,22.7373
301.6626,139.8383,19.6053,22.6861
302.2844,140.1455,20.0051,21.9617
303.1643,139.8903,19.9185,21.8682
303.8945,140.5736,20.0022,21.5344
305.2262,139.3611,19.8666,21.7369
306.2245,139.9308,19.5246,22.0811
307.1463,139.4524,19.3723,21.9396
307.5070,139.6240,18.8866,22.5355
307.4808,138.9329,18.7451,22.6189
307.3216,138.8385,18.4680,22.9382
307.6144,137.8861,18.5019,22.5996
308.0873,137.5183,18.4498,22.5823
309.2228,136.3038,18.3639,22.3806
308.7703,136.4392,18.2640,22.1664
309.4836,135.2028,18.1616,22.1781
310.0745,135.7099,18.0596,22.1475
311.2531,135.5803,17.9377,22.1109
311.1180,134.9854,17.9483,22.0035
311.2287,135.3050,17.8539,21.9078
311.4830,134.4834,17.6884,21.7055
311.7489,134.8433,17.6154,21.4833
312.0948,133.2727,17.5757,21.7122
313.1718,133.3587,17.4364,22.0494
313.3850,131.7016,17.1428,22.3727
313.4267,132.0615,17.0942,22.5573
314.3491,131.0415,16.3141,23.5728
314.5938,132.0375,16.8254,23.0321
314.4210,131.2162,16.8639,22.9727
313.9244,131.9990,17.2578,22.4492
315.0840,130.5057,17.0349,22.6963
316.0307,130.1066,16.8755,22.9095
316.0301,129.2204,16.9468,22.7980
315.4870,130.5267,17.2639,22.1389
315.2400,129.3995,17.2406,22.0705
314.9146,129.8342,17.3140,22.0720
314.4293,129.6424,17.3765,21.8097
314.0957,129.8251,17.5793,21.8130
314.4107,128.6626,17.5293,21.9031
317.0536,129.0677,16.6953,22.7398
316.7720,127.9106,16.7099,22.5132
316.0486,127.8685,16.8916,22.1269
316.0232,126.6093,16.9307,21.9811
315.9978,126.8475,17.2003,21.6251
315.5932,125.5767,17.2733,21.5700
314.8656,125.7342,17.2424,21.6608
316.5150,127.7936,17.1492,21.8774
316.0644,128.2593,17.1480,21.9283
316.1837,126.6401,17.2374,21.7202
315.7382,126.7068,17.1393,21.8872
315.7046,125.4049,16.9771,22.1425
315.7702,126.0088,17.0254,21.5709
315.8132,124.9004,15.6449,23.4931
315.8345,124.6189,15.0523,24.6058
315.0871,123.9009,14.4701,25.6400
314.6676,122.1400,14.1786,26.2252
314.7888,120.8671,14.4680,26.0830
314.8473,122.1654,14.4728,26.2839
314.7563,121.2672,14.5351,26.6564
314.5864,122.5205,14.5453,26.9820
314.4529,122.2233,14.7703,27.2028
314.2968,123.1101,14.5467,28.3486
314.1665,122.2348,14.3450,29.7266
313.6932,122.6268,14.8056,29.7757
313.9252,121.2896,15.2150,30.0941
313.1616,121.3492,15.4743,29.8474
313.1219,120.6156,15.5146,30.2663
312.6001,121.1221,15.9437,29.8741
312.2874,120.4744,16.5437,29.3169
311.5155,121.1245,16.7779,29.2690
311.2024,120.3777,16.9639,29.5129
311.0733,120.2456,17.0259,30.0152
310.7519,119.6023,17.0071,30.6472
310.6894,120.5253,17.2319,30.7107
310.9818,119.4294,16.9965,31.2009
310.6590,119.7116,17.0235,31.5184
310.5317,119.2301,16.9437,31.7844
310.8092,117.9818,16.7829,32.0082
310.8937,118.1522,16.7958,32.4288
310.9663,117.6250,16.6115,32.8795
311.0121,117.8345,16.6935,33.3289
310.3113,116.3092,17.1315,33.6471
310.1221,116.1312,17.3237,34.3914
310.5066,113.8904,17.6781,35.4073
309.7675,113.9035,17.7498,36.4676
309.7155,113.9756,18.1456,36.6275
309.8939,113.8030,18.1110,37.5965
311.0741,113.2613,18.1529,38.1587
310.9743,113.4923,18.6535,38.4082
311.0070,112.7021,18.9048,38.2598
310.9959,113.4366,19.4529,38.5975
310.8908,112.8051,20.1298,38.7893
310.3654,113.2969,20.7121,38.8016
310.0962,112.6829,20.7853,39.4144
310.0324,112.6016,20.7867,40.2090
310.3355,112.5496,20.9310,40.4950
310.5295,112.8379,21.0661,40.2958
310.1552,110.9694,21.2700,40.6495
310.2708,112.3409,20.8521,40.9511
309.4836,109.9882,20.4393,42.0335
308.9804,108.2794,20.6045,42.6580
301.5903,106.3557,20.7127,42.9046
302.2627,110.0752,20.4931,43.5375
302.3805,108.4310,20.3770,44.3492
302.7560,107.0847,20.3763,44.9020
301.9548,103.5521,20.4160,44.9583
301.4240,104.9457,20.5483,45.1715
301.3500,104.5921,20.4044,45.7279
298.4281,104.6968,20.3983,46.2586
299.2067,104.0269,20.5467,46.4990
299.5630,104.3723,20.4744,47.1138
296.4436,107.4379,19.7317,48.3227
297.6980,106.9612,19.0364,49.9672
298.7344,103.5242,20.4913,48.3221
298.4089,105.8221,21.4032,47.4136
297.6507,103.0127,21.8314,47.1503
300.8531,105.6769,22.7655,46.2818
299.0432,106.3365,23.3351,46.0939
296.7847,108.1700,23.6006,46.0240
294.7418,105.0390,23.9606,45.8958
292.8471,106.2893,24.3734,45.3834
290.5563,103.3636,23.9903,45.6132
288.8891,108.3066,23.4236,46.4483
291.2772,106.6141,23.4076,46.1389
286.1958,104.7521,23.0592,46.3506
285.6061,106.5511,22.8117,45.9582
284.8776,110.4579,22.7730,44.9790
284.4335,109.1784,22.7044,44.1850
284.1773,105.2610,21.7733,45.9310
283.8105,105.1579,21.3398,46.7608
283.4175,102.0595,21.1391,47.1034
282.1459,102.4084,21.1821,47.1489
280.7397,102.1981,21.1571,47.8132
279.2226,101.8194,21.4248,48.4630
278.2339,102.0060,22.0707,48.4450
277.4134,101.4196,22.2466,48.7097
276.6647,101.3376,22.9278,48.4104
275.8356,101.8504,23.3364,48.2773
275.0446,103.0407,23.0998,48.7815
274.3294,102.8427,23.6530,47.7735
276.7054,99.6470,24.2591,47.5181
274.2016,100.8121,24.6290,46.4982
272.4695,100.4083,24.6716,45.1610
270.5821,101.0488,24.9850,44.7526
273.1652,100.4644,24.3548,45.5692
263.8846,101.5594,24.8736,45.2467
263.1085,102.3288,25.0788,45.4051
266.5156,100.1840,25.2634,44.6797
265.8939,98.6936,24.7527,45.0029
269.4195,98.1844,23.5711,45.3661
267.7719,97.4055,23.8252,44.2934
267.1590,97.0477,23.3936,44.7384
266.4340,100.3105,23.3669,44.2856
265.5189,100.6138,23.1944,44.2990
267.8140,100.1737,22.6418,44.9229
266.8938,98.1845,22.5335,44.8747
265.5055,97.3048,22.5550,44.1725
2
0
0
0
0
1
247.7912,110.9167,13.7418,22.4384
246.8726,111.5965,14.8537,21.4482
246.0465,110.5674,15.1885,20.9493
245.3034,111.4076,15.7389,20.4436
245.3016,110.8409,16.0336,20.0710
245.4984,111.4374,16.0184,19.9044
245.0659,111.7283,16.1093,19.3910
244.7638,112.1057,15.8565,18.9898
244.6487,112.0133,15.5230,18.5796
244.9335,112.7741,15.3269,18.1690
244.9467,113.1442,15.2877,17.4009
245.0029,113.9397,14.9780,16.7991
245.3103,114.4496,15.0504,16.1676
245.1963,115.1910,14.7577,15.9466
243.9978,115.0129,14.4762,15.4538
244.4295,115.2593,14.3302,15.4425
242.5154,114.4919,13.6520,15.5329
241.6982,115.4254,13.3163,15.3457
241.1059,115.5951,12.9613,15.0513
241.2591,117.1587,12.7296,14.9218
240.5267,117.4369,12.7253,14.6748
239.8787,118.3046,12.8060,14.2355
238.8140,117.5563,12.8023,14.1555
237.4829,117.7821,12.6472,13.8190
236.5997,116.9995,12.2135,13.9452
234.8760,116.9323,11.8951,14.5590
234.5685,115.5862,11.9136,14.9541
233.7733,115.7309,12.1852,15.0477
233.1807,115.0491,12.2161,15.1153
232.8092,115.8529,12.5804,14.6036
231.2858,113.8350,12.5106,14.5976
231.2768,115.9202,12.3176,14.6181
229.5935,114.8725,12.0834,14.5693
228.6434,115.5953,12.1583,14.8296
227.0736,115.4043,12.2000,14.8741
225.9804,116.5178,12.1280,14.8387
225.5784,116.1104,12.1655,14.2679
224.3868,116.8341,11.7890,14.1358
222.8183,115.1442,11.8892,13.5979
221.7259,115.0309,11.6199,13.4580
215.2018,115.5650,11.5494,13.6229
211.6786,116.6718,11.9289,13.5003
209.8821,116.8653,12.1734,13.2193
208.0104,117.9392,12.0891,13.3230
205.9496,118.1326,12.0803,13.2126
203.5275,118.6142,11.9062,13.2994
200.8426,117.7603,12.1881,12.9419
197.9596,118.4785,12.1407,12.8941
194.3174,118.1746,12.3602,12.6172
188.4219,118.5003,12.4656,12.8532
185.1046,118.7822,12.5252,13.0620
182.1740,119.0229,12.5786,13.2517
178.5434,118.6403,12.4651,13.3312
175.8464,118.8474,12.2876,13.6858
172.7207,117.4088,12.1089,14.0959
169.8304,117.6882,11.8789,14.3410
166.8959,117.1439,11.9334,14.2014
164.8192,118.2297,12.0967,14.0674
162.8267,117.5542,12.2442,14.0244
160.7022,117.9443,12.3632,14.2136
158.6559,116.5427,12.0381,14.7348
156.7792,117.5194,12.1144,14.6803
155.3062,116.1431,12.0560,14.8907
154.2341,116.3842,12.0299,15.1390
150.7054,115.6756,12.2917,15.2637
147.0194,115.1322,12.3332,15.4727
145.1138,115.5778,12.1999,15.8880
142.5144,114.8248,12.0607,16.1312
140.9636,115.7662,11.9827,16.1097
139.0853,115.2022,12.0293,15.9374
137.5016,116.3362,12.4849,15.6176
135.5777,115.4497,12.6823,15.7342
133.2721,116.3331,13.1468,15.2756
131.1160,116.1729,13.4210,14.8993
128.3691,117.4092,13.5182,14.4004
126.1110,116.6930,13.3009,14.0758
123.2095,117.3736,13.4698,13.7737
117.9732,116.6725,13.5836,13.5397
114.1514,116.7146,13.7006,13.5255
112.2317,115.9997,13.7885,13.5407
108.7665,117.3585,14.0591,13.3127
104.8210,116.3934,13.5746,13.5739
100.5630,117.4515,13.4645,13.4587
96.5612,118.8800,13.1297,13.4962
93.1336,119.8112,12.8848,13.3756
97.2047,118.0016,12.3551,13.8772
95.5194,120.5460,12.2091,14.0858
92.7445,119.6193,12.4574,14.0837
89.9666,119.7099,12.6737,14.1039
85.1051,118.6583,13.0044,14.1724
80.8686,118.7618,13.0714,14.3332
76.7257,117.7454,13.2471,14.5943
71.4521,116.6849,13.4185,14.7203
67.3331,115.7774,13.4212,14.9758
61.8804,116.2130,13.5602,15.2500
56.7081,115.5043,13.9978,15.5065
53.3684,114.0109,14.0383,15.6894
49.6006,112.7000,14.4708,15.9143
44.0992,112.9204,14.8349,15.8898
38.9270,110.6816,15.2158,15.6203
33.9024,111.0629,15.1773,15.7535
31.7540,110.2761,14.7537,15.9305
28.2760,111.0172,14.7052,15.5442
24.3436,110.6276,14.7234,15.2510
19.5738,111.8236,14.6483,15.3900
