1
141.6191,26.4893,30.9101,126.2082
140.2844,25.2869,30.8317,128.0421
140.1561,25.2488,30.7091,128.5976
139.5029,26.2990,30.7770,129.0032
139.9454,26.9938,30.7425,128.8775
138.7845,25.8083,30.7032,129.9307
138.0930,26.4584,30.7463,130.3354
137.8142,26.1741,30.6520,130.4625
137.6265,26.5039,30.5957,130.3699
137.5057,26.8185,30.5544,130.9269
136.3988,28.6548,30.4696,130.6596
136.5298,29.0912,30.5710,130.3137
135.7663,29.4899,30.4162,130.2552
135.8628,31.0747,30.4323,129.8869
134.3427,31.8573,30.6065,129.3123
133.4658,31.8566,30.6530,129.6057
133.4298,31.9949,30.7603,129.6314
133.6118,31.6435,30.8709,129.8843
133.5721,30.9959,30.9013,129.5830
134.3738,29.9634,30.8356,129.5932
134.3133,29.7065,30.7878,129.4422
133.9896,29.7078,30.5612,129.4747
135.5001,29.9764,30.7506,128.5734
135.5273,29.7175,30.7577,128.6373
135.3258,29.8062,30.5740,129.0624
136.6973,30.4704,30.5851,128.3999
135.9504,30.3063,30.5239,128.5059
137.5909,30.7917,30.6829,128.0143
137.3124,30.6070,30.6205,129.0719
137.7778,30.8976,30.5471,129.0958
138.8192,31.3868,30.5175,129.0523
139.0742,31.3600,30.7448,129.4747
138.5228,32.4457,30.8186,129.1972
138.1095,33.1851,30.8695,128.8725
137.8950,33.6183,30.7470,129.1968
137.9370,34.9432,30.7841,128.1252
136.9460,34.0624,30.7197,129.4881
135.9711,34.6233,30.6956,129.2896
136.0151,35.0046,30.6660,128.7442
134.8559,34.6650,30.6710,129.2991
134.4498,33.8266,30.6555,129.6829
134.3988,34.2228,30.6461,129.6680
134.4496,34.5437,30.6269,129.2379
134.1387,34.6859,30.5667,129.6687
134.2028,34.7681,30.4921,129.7976
134.4656,34.0411,30.5616,130.2355
134.1123,34.6676,30.5097,130.0054
134.4325,35.6608,30.5392,129.2365
134.4205,36.5055,30.5437,129.2743
134.6516,37.1780,30.5496,129.0343
134.5210,37.7561,30.6447,128.3860
134.0876,38.4480,30.5641,128.1170
133.8623,36.8221,30.2314,129.3926
133.9655,37.1952,30.1339,128.7684
133.5832,36.3674,30.1135,129.1674
133.1041,37.4192,30.0855,129.1289
133.1866,37.4191,30.0523,128.6272
133.5179,36.6851,29.9732,128.8585
134.4707,35.9343,29.7425,128.4151
134.8815,36.3353,29.6112,128.1034
135.8434,35.2840,29.4726,127.9357
136.0520,34.8881,29.5302,128.0992
136.9535,34.8026,29.5549,128.1587
137.5201,36.5399,29.5731,127.3606
137.3292,37.5446,29.7186,126.2088
138.8067,38.9219,29.7254,124.9012
138.0527,39.3360,30.0149,123.5983
138.5459,38.6942,30.0637,122.0691
138.6195,38.2602,29.8838,121.3329
139.9483,38.7025,29.9059,121.8071
139.4788,38.8314,30.1043,120.4504
139.3461,39.5675,30.2627,120.4317
138.8677,40.7539,30.7599,119.9693
136.4923,40.9303,31.5844,118.6159
135.1218,41.8272,32.0010,117.9731
132.0393,41.1292,33.0666,116.6338
127.0560,40.5767,34.3899,115.2289
123.3677,40.5381,35.5132,113.0377
118.2825,39.5498,35.9436,111.1779
110.9686,40.4764,36.8355,109.9383
107.8926,40.0157,37.3211,109.2297
102.7994,38.5658,38.0286,109.2875
98.6933,38.8604,38.6188,108.3050
97.0802,39.8745,39.6897,106.3192
93.3908,44.2409,42.0175,102.1232
91.8888,46.6990,43.9468,99.6457
89.6159,48.0961,46.2804,97.3451
87.8748,51.5164,48.7853,94.4481
88.2484,52.3731,52.5207,91.7413
84.4156,52.4223,52.1013,90.6835
85.6346,52.2016,53.2507,90.0293
85.8739,51.3357,54.0417,89.6177
88.7695,51.4979,60.6509,85.8617
98.3507,51.5403,63.6480,84.2994
110.7922,48.5387,65.6317,85.3856
112.0246,47.1008,65.3449,86.8022
113.7878,43.9076,64.0850,88.9552
116.3975,41.7973,64.0071,88.6526
116.0446,40.2525,63.3377,89.3711
110.4990,41.7275,65.4264,87.8850
105.3659,41.4865,66.3072,88.7267
105.6567,40.7692,64.8150,91.0064
106.9808,41.8222,64.0408,92.4526
108.6936,44.0878,63.6243,92.0484
106.4518,46.2720,63.9408,91.1908
111.4246,47.3793,62.8046,91.1466
111.1298,48.4880,61.5696,92.5837
110.9841,48.2660,61.2978,94.0168
108.1360,50.7507,62.0805,94.9063
105.1506,50.1994,64.7008,94.4647
106.7867,48.3850,67.2716,94.6329
114.9582,44.6038,66.2624,95.0227
120.3604,41.0034,65.4605,95.6160
123.8997,42.2163,64.0295,96.2914
121.7837,44.0283,62.2142,96.5505
113.9250,45.3810,62.6362,96.1130
111.9511,44.6931,62.6352,97.0303
109.9274,44.5145,63.1400,99.2334
114.0205,44.1663,63.7944,100.4822
118.6246,45.9447,64.1539,101.2422
126.8128,44.8318,64.3518,101.6860
125.2825,47.6152,64.2725,101.5668
123.5324,49.9188,63.4914,101.8053
119.5841,49.2839,63.9090,102.7406
120.1762,46.3437,63.9333,104.3300
122.7647,41.3466,65.0119,104.9774
129.0682,42.2296,64.5355,102.8421
131.6163,46.6085,63.7310,100.3392
132.7697,48.5173,62.1130,98.8127
134.1431,52.2640,62.5112,97.9809
135.0106,56.0636,58.2518,100.6427
134.0037,58.2041,56.0392,101.4599
133.7285,63.4822,53.3147,103.2546
135.9090,67.4297,51.2751,106.0743
136.9555,69.1010,49.7156,107.3932
138.8577,69.9059,50.4080,105.0521
128.6956,69.5606,51.3497,104.4177
124.8729,66.1017,52.8733,103.2142
115.1622,64.1477,61.8921,94.6489
123.7382,52.5254,81.2606,78.9105
113.7584,54.7149,93.2871,69.7397
100.4996,42.5973,103.3968,64.2971
99.5601,27.0499,97.4254,71.1319
108.7513,18.4550,89.3122,79.0036
128.8433,21.0999,84.0865,86.1000
136.9167,20.2512,79.9440,91.9370
139.5462,23.3068,77.3209,94.4979
140.9763,34.6787,76.7169,94.6901
143.1237,50.7537,77.1986,91.8292
147.5680,62.0486,79.8584,85.6691
150.3799,69.1371,90.5145,76.4785
142.1204,86.1564,94.1252,69.1980
141.9941,96.9719,95.1057,68.1481
137.6996,99.4416,89.6171,72.3043
136.6153,94.1390,81.5230,77.8406
139.5423,92.2522,74.0855,82.1315
147.9340,88.3248,67.2616,85.8073
150.3263,79.5539,58.9416,92.3342
150.3503,71.1388,52.5511,97.5692
139.4628,61.8504,51.0282,99.7799
130.7675,60.9350,51.0110,99.9269
118.7858,54.7688,50.1817,99.9860
118.0053,51.2082,61.8980,88.3284
105.0220,40.0197,75.3011,75.8274
92.2305,41.1465,87.2181,66.0692
96.9521,41.7379,93.4323,61.2439
98.3080,33.9117,94.7954,62.0612
98.8777,29.1130,94.6781,65.0177
103.5457,28.4321,90.2883,68.7253
109.6286,24.8725,82.8991,72.9345
116.2573,22.3632,75.8372,76.0554
127.2478,25.1245,71.6191,77.3703
135.5392,28.8718,68.5397,76.3166
132.4728,31.5406,67.0330,74.3140
141.6516,33.2328,68.3970,70.8600
150.9718,35.7364,71.6001,66.2873
148.8445,41.6533,76.8933,60.2945
153.9906,52.8751,81.9870,54.8153
162.4472,54.8400,82.5365,54.3728
160.0412,65.6025,83.0707,53.5958
150.8397,66.9522,75.1174,59.3004
153.8740,68.1721,66.1044,66.1227
156.0044,69.0733,59.6756,71.5947
156.0087,69.9418,55.6109,74.1347
154.4792,71.1698,53.4469,73.2433
154.5278,71.2325,52.0510,72.3366
156.2171,69.5354,49.7466,71.3222
156.1983,68.3988,48.9569,70.0029
155.9252,67.9144,47.8465,69.1994
154.6017,66.4396,47.5310,68.1292
151.3411,65.4486,48.0591,66.2977
149.3778,65.3309,48.7778,64.9013
155.0824,64.8974,48.3733,64.3081
156.3197,64.0006,47.9723,63.9095
158.4675,63.8609,47.1728,64.0628
161.5119,64.5495,46.5331,64.4749
164.3535,64.6008,45.6031,64.3808
165.4544,64.2466,44.6686,64.3650
165.2486,64.5837,44.8844,64.0309
167.2699,65.2310,45.1175,63.3006
167.8153,65.8975,44.9621,62.7756
165.9853,66.2884,44.5560,62.0412
162.7819,67.0782,44.6227,61.6655
161.4938,67.2738,44.6961,61.6597
160.9457,66.9690,44.9371,61.5820
160.1141,66.5962,45.2604,61.8102
157.7251,67.0971,45.7061,62.1181
157.4858,66.8305,46.7384,61.9826
156.4470,66.6230,47.0938,62.2012
155.3585,66.1994,47.3096,62.3137
155.5106,63.2380,47.1956,63.6784
155.8323,61.0457,47.4193,64.5284
160.2332,60.2363,47.9740,65.3294
159.1544,62.2116,48.4601,66.1404
162.5076,55.4390,44.9542,70.2667
164.9124,52.3406,41.9261,73.5041
168.7767,51.3169,38.5522,76.2370
172.1263,48.0357,35.7576,78.1928
173.3808,46.9399,34.0126,78.9183
176.3869,46.1704,32.4263,79.8985
178.3247,44.7490,31.3871,81.7240
180.2356,44.1239,30.3786,83.4277
181.8672,43.9911,30.3279,84.6664
183.3487,45.1794,30.2779,86.2554
183.9463,46.3766,30.6392,86.2082
184.1969,47.7366,30.9542,86.6957
184.9070,48.0952,31.1017,86.6780
186.0404,48.1136,30.5741,87.4199
187.3383,48.5132,30.1825,87.8395
187.3452,48.7954,30.0073,87.7860
186.0904,49.0262,30.2928,87.0163
187.0491,48.8919,30.4059,86.9626
188.2263,48.0542,29.9005,87.2405
188.5612,48.2764,29.7496,87.6811
189.3518,47.9248,29.5707,87.9660
190.0459,48.6962,29.4808,87.9269
190.2743,48.2033,29.5107,88.3543
190.6953,48.4922,29.5130,88.4546
191.0211,48.7100,29.3943,88.9984
190.9006,48.3604,29.5095,88.7959
190.9771,47.9477,29.4639,88.8324
191.4594,48.6375,29.3847,88.5529
191.6043,48.7468,29.3132,88.4553
192.1891,48.8940,29.1685,88.6160
191.9501,49.6893,29.1702,88.6106
192.1468,48.8519,29.2034,88.8536
192.8748,48.6203,29.1505,89.1846
192.3786,49.3919,29.1853,89.1794
192.6862,49.3986,29.2623,89.1143
192.4286,49.3435,29.3146,88.9881
192.2076,49.7555,29.4497,88.6128
193.0001,49.0417,29.6548,88.7284
192.7344,49.0085,29.8088,88.4007
191.9666,49.3713,30.1106,88.2836
191.3771,49.6966,30.7078,87.6210
189.1936,50.7229,31.4194,86.7761
188.7706,53.5486,31.2954,84.9361
189.4231,55.4944,30.1313,83.0711
189.7037,55.2369,29.0847,82.4879
189.4383,57.0012,28.5323,81.3461
188.9671,57.2254,28.2265,81.0755
190.6470,59.2391,27.7150,80.2376
189.3138,58.5886,27.4268,79.6423
187.9076,57.4588,27.2537,80.0172
186.3469,56.9458,27.5428,80.4228
186.2331,56.8726,27.2850,80.2646
186.2867,57.0226,26.9755,80.5014
186.8427,57.0584,26.4417,80.4611
187.0585,57.5281,25.7709,80.4883
186.9051,58.1410,25.2224,80.5529
187.8284,58.9528,24.5840,80.7855
188.7015,59.6955,23.9576,80.6848
189.1418,59.9175,23.5496,80.0584
189.8168,61.3026,23.1440,80.3750
190.0567,62.0883,22.7428,80.1753
190.1481,62.5197,22.4287,79.9773
190.5825,62.9687,22.2658,79.9851
190.8340,64.0424,22.1727,79.6658
191.3412,65.0185,21.9453,79.7616
190.6996,65.3810,21.9823,79.3122
190.3772,65.1959,21.9861,79.2202
190.6948,64.8770,22.0305,79.1306
190.9426,65.4763,21.8826,79.1615
191.0004,64.8608,21.9671,79.1334
191.3481,65.3328,21.7802,79.1028
191.9741,65.3237,21.6473,79.2896
192.2993,65.6964,21.6795,78.8248
192.3436,65.1315,21.7832,79.2775
192.4525,64.8143,21.8657,79.0013
193.2086,65.4279,21.7175,79.1506
193.6829,65.1799,21.7845,79.1057
193.4380,64.7284,21.9335,78.8905
194.1394,63.8922,21.8887,79.0375
194.0860,63.4369,22.0037,79.2741
194.7514,62.7344,22.0645,79.2567
195.3842,63.5358,22.1183,79.4991
194.9651,62.9623,22.3441,79.2418
195.4703,62.8228,22.4084,79.0363
195.1909,62.8782,22.5567,78.7718
195.1705,63.0502,22.6444,78.8223
194.6826,62.0702,22.7757,79.0569
194.3852,61.6231,22.7995,78.8337
194.3484,61.1977,22.6933,79.3435
194.3034,60.2350,22.7543,79.6596
193.2971,59.9532,22.6374,79.9469
193.7963,59.9390,22.6063,79.9553
193.7198,59.2200,22.6299,80.3633
192.8762,58.6444,22.5947,80.8710
192.9874,58.3019,22.6881,81.0896
193.2728,58.2986,22.7197,81.5496
193.3281,58.5686,22.9930,81.2497
192.3900,59.0702,23.2085,80.9386
191.8045,58.5718,23.6186,80.9169
191.4047,59.6457,23.2183,80.2483
191.3447,60.9219,23.0755,79.0507
189.7594,61.0641,23.2070,78.4520
188.5282,60.9231,23.7996,77.6139
187.7093,61.3985,24.5056,76.8321
186.1024,63.8389,25.3897,75.4831
185.1371,66.2697,27.0501,73.0199
183.2008,69.5937,29.8503,70.0436
179.9492,71.7624,32.9791,67.2849
173.7797,72.6336,34.1240,65.3032
172.4978,73.5715,35.0890,63.6299
170.0822,73.6597,35.6125,62.5068
166.9901,74.0783,37.3181,60.6675
168.7249,74.7726,39.5503,59.8069
164.4763,73.6768,39.6667,59.4630
162.6996,73.0818,39.5184,59.0671
161.8179,72.3506,39.0820,58.7992
160.1483,72.9478,38.7371,58.6525
156.4936,73.6902,38.8946,58.5732
156.8099,73.4303,37.0310,59.7182
155.8563,70.5005,37.1515,59.5248
154.2828,69.3291,37.8647,59.3917
153.7323,69.4161,39.7697,59.0475
150.3639,69.6434,42.3230,58.6251
148.4636,69.3439,43.3862,58.6805
147.3865,68.1624,43.0855,59.4465
144.6902,69.0907,41.6962,59.9519
144.1383,68.7500,37.4447,62.0182
145.0122,66.7932,33.1409,63.4086
147.2742,68.4635,30.6003,63.9853
145.1852,67.1760,31.5530,63.3109
142.8577,65.5209,32.3341,63.2046
147.8535,65.6313,31.4879,63.9044
151.2800,63.7712,31.1633,64.6869
151.3555,62.9494,30.3318,65.6608
150.0638,60.7116,29.6784,66.7445
153.8701,55.5758,29.1078,68.1257
153.3150,53.8356,28.8094,68.7110
154.4788,51.5060,27.7774,70.9651
159.2938,49.8538,27.3024,72.0079
161.8484,49.8361,27.1227,71.4048
162.7054,48.0070,27.6159,71.4804
161.8596,46.7480,28.4004,70.9985
162.0152,45.3896,28.9330,71.1391
167.3486,47.8724,28.4194,71.4306
168.2964,48.4244,28.6275,70.5143
167.4693,51.1114,29.2416,68.9211
166.3806,54.6510,31.3611,65.9248
166.0202,58.9036,32.8146,63.2094
169.0840,63.3976,33.6908,60.6228
167.9745,67.0067,34.3541,58.5235
170.7471,72.2914,35.3303,56.2050
169.3243,74.5595,37.3300,53.5750
175.9018,79.1789,38.9201,51.3099
177.4025,82.2922,42.5312,48.7439
177.2318,82.8630,46.0506,46.2880
179.8007,87.8534,47.6591,43.9561
181.2704,87.3964,46.2192,43.1245
185.8395,81.3968,44.5861,44.5623
188.4703,73.3965,43.1694,47.4934
186.9710,68.4290,42.2693,50.5835
185.2050,65.1805,41.5498,53.1106
184.3793,66.6713,42.3101,52.9411
186.3158,60.0290,39.2183,57.3626
185.9371,55.5716,39.3961,59.4663
182.6806,51.0433,39.5236,61.0994
180.2259,50.2561,40.3182,62.0756
179.4861,52.2741,43.3274,59.6319
179.1321,55.6521,46.0008,55.5176
179.1661,61.1333,46.6817,53.0654
181.0813,65.9161,46.7531,51.0756
182.1863,64.6146,44.3908,51.1047
183.6247,56.5090,41.2236,55.2819
184.3967,53.4269,39.2831,56.5307
187.4110,49.3680,33.1648,61.2657
188.7687,41.5340,30.2135,63.6157
188.2739,35.7107,28.7869,65.1255
186.8859,35.1597,29.7291,62.7806
186.4826,33.6611,31.7932,60.3372
184.8909,33.8071,34.1561,58.2188
182.9193,37.7431,41.8915,52.2403
172.2441,21.5243,39.2238,55.9437
169.0269,29.9892,42.5247,53.2821
165.3519,31.5738,44.8860,51.4622
168.7090,24.1153,48.4183,51.0389
165.4725,24.3057,48.1446,51.6420
167.5145,22.4063,47.1689,54.0527
164.2262,19.9880,46.4740,56.3245
163.6919,15.0707,42.0279,61.5931
164.6808,12.9135,37.8136,66.8688
164.8367,12.4219,34.6828,70.8159
164.5177,12.7751,32.3895,74.7645
164.7141,12.3281,30.4448,79.7640
160.6534,15.2600,29.2236,82.5723
159.3420,23.0972,30.6459,80.7819
158.4504,23.2174,31.9149,79.9731
165.2816,43.0858,37.3669,73.1659
159.7259,41.4307,36.7358,71.1086
162.2063,42.4257,35.7921,69.2121
164.4347,47.0377,33.8542,68.1889
165.6753,50.7812,31.7844,67.0838
166.9376,57.4949,29.9154,67.1468
165.7600,58.8764,28.6453,67.4683
165.6696,59.3137,27.6993,67.1740
165.6771,61.4064,26.8181,65.7942
164.7068,59.0027,26.9739,63.6452
165.3755,56.8911,26.7841,62.5583
169.2602,55.2389,29.6888,58.9584
161.6738,57.8095,35.6408,53.1266
161.2344,38.4126,34.6387,54.9309
161.9730,34.7818,33.6867,56.8736
161.1551,39.2167,33.3750,56.7128
162.1664,40.6037,33.0680,56.6244
160.3154,31.5540,31.6498,60.3540
160.5547,25.4452,29.9278,64.8004
172.2070,24.5854,29.1983,66.1184
172.8063,23.2296,28.6083,67.1902
173.3977,24.9413,27.7952,68.5461
173.6735,21.3919,27.0966,69.5089
139.6128,54.2957,32.6913,61.4362
139.9657,61.1079,38.0263,54.2546
139.0153,67.6442,42.3056,48.7794
135.2297,74.1362,44.9244,45.6028
129.8595,74.6540,44.2187,44.3650
129.8942,73.5121,42.6128,44.0944
130.8554,73.1031,41.9341,42.8394
132.6720,71.5199,40.8897,42.2436
135.0204,70.2123,39.2733,42.2357
136.3914,69.1970,37.8329,42.1659
138.6501,68.9099,36.2992,42.3295
139.7346,68.5579,34.9823,42.1194
140.9016,68.0974,33.5632,42.0079
142.7480,67.2100,32.0495,42.1620
141.1778,66.9338,32.1386,41.8218
144.4508,67.7330,30.6584,42.5109
146.7839,69.5402,29.6553,42.5657
147.5854,71.0544,29.1180,42.1584
148.8277,71.3419,28.4032,42.1441
149.3945,72.4923,28.0672,41.7212
149.8919,72.8305,27.7089,41.4475
150.1068,72.9433,27.2442,41.3239
150.2575,72.9564,26.8240,41.1196
150.9220,73.3428,26.4486,41.1093
151.1368,73.5722,26.1214,40.9558
151.0585,73.5020,25.8657,40.6835
151.8346,73.5609,25.6868,40.4410
152.2029,73.9399,25.4528,40.2483
151.9454,73.6746,25.2455,40.1331
152.1451,73.2502,24.9917,40.2553
152.5205,72.0682,24.9917,40.4843
152.2731,71.1848,25.0440,40.6823
151.9409,70.2328,25.1666,40.9029
151.6996,69.3488,25.6989,41.0595
150.4897,68.2222,26.6321,41.0659
150.2335,67.5483,27.4966,41.2737
150.4053,67.4034,28.4249,41.4777
150.5373,67.3039,29.2432,41.4222
151.1768,67.4509,29.4674,41.6340
152.2552,67.3197,29.2189,42.0142
153.0476,67.1125,28.6073,42.6315
152.8411,66.8675,28.2753,43.0973
153.1951,67.3275,28.2009,43.3075
154.4400,67.3373,28.2634,43.5060
153.9449,67.3073,28.1251,43.9144
153.3731,67.4824,28.1986,44.3786
153.3753,69.0785,29.4460,44.1756
151.2542,70.0131,30.6390,44.0598
150.5000,70.5669,32.6834,43.4770
148.1547,72.1877,34.8741,42.7196
145.8679,72.2157,37.1090,42.2501
145.8102,71.4535,39.0873,42.7058
145.9140,71.5704,39.8873,43.8910
140.9756,72.8575,41.8863,44.6676
139.7187,73.0598,43.5140,45.5306
138.0831,72.8074,43.8726,47.0005
137.1658,72.5863,44.5689,47.9359
136.6796,72.9814,45.2790,48.9419
137.6693,72.2284,44.9414,50.3715
138.5979,71.6283,44.6154,51.5600
137.9044,72.9829,44.8252,51.7496
137.7134,72.5074,44.7324,52.4941
135.4314,72.9947,45.9228,52.3380
134.2212,73.3857,47.5041,52.4063
132.4385,73.1163,49.1127,52.6964
132.9004,72.9646,50.4264,53.2998
131.6130,72.4025,51.5096,53.5968
132.7319,72.1402,51.3691,54.6113
134.3480,72.0927,51.0622,54.9202
134.2348,74.3745,51.3337,54.5701
132.8384,75.2971,50.9903,53.9125
133.5711,76.5925,51.3384,53.2447
133.1410,78.1382,51.0979,53.1748
131.4784,78.2629,49.7936,53.8036
132.0853,78.1629,48.9946,54.0335
131.3692,78.3208,48.0096,54.6756
132.3717,78.5337,46.4970,55.1646
132.8369,78.5013,45.1080,55.6689
133.4312,78.2559,43.3537,56.5417
133.0157,76.3911,42.0115,57.6102
134.3883,75.4097,40.4812,58.4910
135.1530,74.8383,39.3936,58.8580
137.2086,74.4024,39.3894,58.6947
136.9030,73.6165,39.3010,58.5772
137.2173,73.1661,39.6947,57.9254
136.5728,72.8114,39.8123,57.5126
136.5207,70.7642,39.8445,57.0283
135.4029,70.8083,38.9864,56.7187
139.1492,70.2189,37.5271,56.3445
140.3826,70.6669,36.2616,55.9921
141.3053,70.1024,35.2249,55.4555
141.0420,69.5111,34.4397,54.9858
140.7864,68.7935,33.8292,54.6274
140.3592,69.6611,33.4619,54.2114
139.6832,71.2802,33.2581,54.1822
139.1855,72.0485,33.3586,54.1981
138.7241,73.6651,33.3725,53.9523
137.9219,74.8612,33.2819,53.6306
137.3067,75.2157,33.2612,53.2273
138.2993,75.7027,33.0805,52.9653
137.7199,75.5006,32.8889,52.9508
137.1889,75.3692,32.7534,53.0056
136.5037,76.4004,32.6586,53.2422
136.3871,76.2168,32.8233,53.2870
136.8620,77.3436,32.6844,53.0814
136.5890,76.6247,32.7889,53.0026
136.6894,77.4267,32.7851,52.8026
136.9010,78.2418,33.1344,53.2322
137.1919,76.6615,33.1137,53.2387
137.4900,76.2361,33.0720,53.0921
137.9442,75.7961,32.9237,53.0171
139.4606,76.4265,33.1033,52.6771
139.7707,75.2675,33.1374,52.6008
140.2780,75.1344,33.0700,52.5109
140.2417,75.8684,32.7231,52.8991
140.7912,76.6934,33.2458,53.1647
140.5287,74.7281,33.1322,53.3808
140.5054,75.0139,32.7358,53.1321
140.8942,74.3110,32.9122,52.6363
141.3156,75.2032,33.2192,52.9618
141.2670,74.9532,32.9495,52.8122
140.5983,74.7488,32.8691,52.6090
141.0004,75.4985,32.7594,52.3673
140.3751,75.7006,32.7651,52.3704
139.3753,76.2595,33.3101,52.1664
138.5951,76.5259,34.1064,51.6077
138.0561,77.2083,35.2304,52.6934
137.3827,75.8959,35.5906,53.2689
135.7872,75.1927,36.0455,53.6780
136.0914,75.0050,36.3567,55.1835
136.7346,73.6726,36.0328,56.3326
136.6971,73.8684,35.7665,57.1633
136.2275,74.3463,35.1562,57.9786
136.9152,73.8204,35.0545,58.6335
