1
757.5296,239.2243,154.2760,95.3374
756.6740,241.3645,159.7991,95.9476
756.7128,243.7033,162.5402,96.7455
757.9922,243.4060,164.2528,97.2561
759.7938,243.5065,165.6408,97.3790
760.9916,243.3362,166.5501,98.1634
763.8436,243.2901,170.0184,98.4046
764.8954,242.3839,171.1201,98.7963
766.4051,241.5646,171.9982,99.2278
766.4882,242.0669,172.0063,100.0486
771.6533,239.6496,171.8757,98.5523
772.0805,241.2258,172.9199,97.7998
772.5113,239.1231,171.7207,98.2431
777.5770,238.4317,170.7010,98.7646
778.5054,237.9611,169.4738,99.4211
778.3751,236.1837,166.8763,99.6375
777.3974,235.5492,165.1170,99.4877
778.4830,234.4629,164.6689,100.4564
780.2543,231.4920,166.9255,101.9347
782.8492,227.6035,167.2960,103.4197
784.2315,222.8470,169.1356,104.1657
786.7477,221.6483,170.0003,105.4074
786.8719,219.9222,170.3066,105.0227
792.6448,218.9483,169.7440,103.3558
792.8975,217.9552,166.9871,103.7124
798.8032,217.2194,164.2047,103.3337
801.2879,215.2232,162.0449,102.8639
804.2912,214.4033,160.4383,102.6387
807.5300,215.0683,157.3355,105.0655
810.9774,216.0743,154.6518,107.4811
818.1304,217.6381,150.8992,109.1413
821.9528,216.8925,148.5045,110.3937
823.5967,217.2840,146.1096,110.5238
827.5243,219.7609,140.1168,114.5643
831.1846,220.6011,136.1997,116.0331
834.7924,217.0743,133.1376,115.5211
835.5477,215.5606,131.4772,114.9548
837.6989,214.4920,129.9604,113.5786
841.1902,215.1513,128.0461,112.2528
843.3026,214.5365,125.7797,111.2901
845.3208,213.6492,122.9742,109.9102
846.4338,213.7595,121.0774,108.8873
850.1028,213.5465,118.2799,108.1550
852.0920,213.0350,116.3711,106.9423
851.8205,212.4961,115.0681,106.4685
855.8405,208.4581,111.7329,108.1442
860.0102,207.9559,107.7520,108.8723
861.8853,206.8207,104.8670,109.5322
865.9113,206.7459,101.2540,110.7495
868.6098,205.0996,97.5442,112.1933
874.5979,202.0196,92.9305,112.5814
878.0192,200.5412,89.7449,111.7710
879.7471,199.6044,86.9487,110.8151
882.5598,199.0140,84.3988,110.9316
883.1176,198.4934,82.1216,110.9658
884.2933,197.6806,80.9506,110.5229
886.6401,198.0023,79.9897,109.4344
887.9791,199.7557,78.0100,109.8292
889.9411,202.0485,74.3583,111.9970
892.0989,200.9210,71.4089,115.9366
893.3606,197.6969,69.9975,117.1275
894.6213,201.9891,68.6842,119.5191
894.0843,198.1921,68.1694,120.3421
895.3762,200.5455,67.4695,122.0526
897.1545,201.3853,66.0999,124.7749
899.3497,201.4204,64.0050,126.3487
900.6705,200.5491,62.6057,127.4364
900.7932,199.9364,61.8879,125.1417
901.3301,204.0585,61.0294,123.7766
902.1302,202.6532,60.7618,121.1690
905.1217,203.8529,59.0203,121.5969
906.1426,203.0350,57.7523,120.5193
907.3599,204.0829,56.5436,119.5826
906.1533,206.1182,56.2414,118.8542
904.6101,208.7189,56.4802,117.5722
905.1757,209.1958,56.3536,117.6682
904.6120,208.6331,56.7357,117.7966
903.3024,208.1609,57.9071,116.6215
902.5935,210.1580,58.6935,115.7291
901.7345,210.2806,59.1710,115.1019
899.4282,206.6106,60.7987,115.7431
897.1451,206.1097,62.4809,115.7702
895.5121,205.5255,63.8614,116.5907
893.9012,207.7332,65.4610,116.9024
892.7554,207.6455,66.8412,117.1459
891.5572,208.9856,68.2663,117.2522
892.9089,207.8763,68.1603,120.2914
893.0706,207.2811,68.0154,121.7861
893.8268,208.0342,67.8276,121.7760
893.2824,207.2166,67.6421,122.1663
893.1844,207.7658,68.0797,123.2857
893.4901,206.8017,68.4406,123.2494
892.8729,207.7062,68.9264,122.3187
893.2736,207.5613,68.9501,120.7849
893.9787,208.3867,69.0148,118.8434
893.6846,208.1593,69.0107,117.9562
892.8036,207.7591,68.9816,117.2300
892.8127,207.9813,69.0240,116.7732
893.3287,207.5393,68.4524,116.4753
893.7798,206.4405,68.1572,116.4098
893.0626,205.4648,68.1661,116.5198
893.1675,202.4268,68.5213,114.9640
893.0403,204.2419,68.7284,113.6116
892.7989,206.3580,68.9120,112.3279
893.0453,207.1089,68.8616,111.8821
894.1198,208.1190,68.4564,112.6117
894.5285,209.0028,67.8358,115.1872
894.1061,208.7426,67.7348,116.6233
893.9452,210.1072,68.1340,117.0362
893.5409,208.6531,69.0332,115.3845
892.9934,207.5447,69.2695,114.9245
892.1085,210.0368,70.0577,113.9170
891.8937,209.6175,70.4547,112.9502
891.2776,209.8811,71.0142,112.0290
890.9597,210.8533,71.5923,111.7920
890.0762,211.9824,72.4453,110.9562
889.6609,213.8331,72.9310,109.8765
885.3953,212.1750,76.1452,106.8151
881.5052,213.6917,79.1852,104.7387
888.4919,215.2497,76.5883,107.2951
884.2546,213.4700,78.3101,105.4021
881.0268,214.5990,80.7699,102.8865
877.7817,215.2944,83.2503,102.1254
877.8637,211.8537,85.5493,101.4261
872.6560,215.8147,88.3388,101.5239
861.2354,215.9848,94.6445,100.7056
852.2697,211.3274,101.8980,100.0403
848.6121,208.1344,107.1491,100.5100
846.9319,206.0137,111.0426,101.1488
845.6124,202.9383,113.5925,101.6661
844.5682,202.4422,116.0288,101.5941
842.1246,204.2487,117.6255,100.5279
839.2035,204.9527,118.9698,99.3231
839.7599,205.9896,119.9397,98.8435
840.1379,206.3125,120.7733,98.6886
839.3122,205.9585,121.2202,98.0711
836.4431,199.2261,123.8975,93.8949
840.0657,203.0631,123.1892,94.1451
839.7360,205.3855,122.0781,94.4936
840.4180,206.7972,120.9965,95.3153
838.0403,199.9557,123.2691,91.8399
838.1044,203.7094,121.6437,92.6120
839.3229,205.2704,120.6799,92.9668
843.6707,208.3650,120.2836,95.7090
838.4466,202.6101,120.7999,94.5789
842.0776,206.3982,120.5424,95.8213
843.5356,206.0284,119.4713,97.7481
846.7709,204.2552,117.6121,99.0889
846.0209,201.5293,116.8069,101.4184
847.6579,202.9023,116.8276,104.7186
838.9522,193.6694,118.9638,105.6055
841.3224,196.7684,119.6523,107.5763
842.4269,197.8702,120.7231,109.5003
835.2035,188.4333,121.5813,109.4968
834.6871,190.6032,124.1214,110.7437
836.2582,193.2281,125.1047,113.5152
829.7999,183.9943,126.1746,112.2873
831.6320,189.4073,127.6502,114.3078
832.6066,191.9809,128.1844,115.8644
832.6205,185.6936,129.0197,116.0081
829.3550,188.2621,127.9807,116.1688
831.2373,189.8160,128.8026,116.1875
828.4454,183.7535,128.1283,114.1913
827.5685,186.2473,131.2256,113.7532
829.7043,187.4457,132.1529,112.8839
829.9515,188.8733,132.4150,113.6179
830.6868,190.3791,132.5735,113.9800
835.7968,192.9793,131.0025,113.2565
836.7261,198.2712,128.8714,110.1135
837.1346,203.1315,128.6353,106.6087
833.8937,208.3797,128.9807,105.1377
833.2715,211.1254,129.4876,101.9858
833.5822,211.8198,129.7814,100.2370
832.3520,211.7106,130.3170,98.5963
832.7438,212.1215,130.2255,97.2662
829.1757,213.5246,132.3330,94.0495
830.0824,213.3997,133.4748,92.3542
829.4310,212.8559,134.2954,91.3134
828.4327,213.5659,134.7666,91.2393
829.8619,214.8758,134.9855,90.6875
827.6419,215.5098,135.0458,90.2670
818.8390,215.4930,138.7423,89.3073
811.5922,216.2452,142.0189,88.2457
805.8398,218.5391,144.8969,87.9229
804.2583,218.5679,149.3112,88.0178
799.7985,219.2519,152.7296,88.7213
799.8911,220.0542,154.3404,89.5447
798.9050,219.9722,155.8062,90.8921
799.7585,219.3522,156.5729,92.9285
800.2722,220.2223,156.7751,94.3529
798.5375,219.8306,159.2936,95.2792
788.3721,220.8600,165.2002,95.7103
779.4898,222.4755,171.5941,96.1402
770.8015,222.4082,178.0934,96.8045
767.0293,222.0654,183.0552,97.4667
763.3705,223.3065,187.0444,98.2292
759.8106,223.6752,192.9229,98.0552
757.9233,223.5338,197.7455,98.3918
758.7828,223.3327,202.1075,97.2187
755.6707,224.4763,206.3034,97.0583
755.0732,224.6970,209.2869,96.9657
753.8060,223.3204,210.9140,97.4675
755.9870,221.5661,211.1293,97.8122
757.0931,221.4758,209.9482,98.1565
762.4385,221.0954,207.5502,97.9383
766.1967,221.4357,205.0597,98.1867
766.0842,221.5876,203.5852,97.5063
768.3766,222.2486,201.2460,96.9060
767.2952,221.7378,200.0871,96.8869
766.2944,221.5763,199.7715,96.4112
766.2754,221.6453,198.9203,95.7976
768.8824,222.1389,197.8692,95.2159
766.9694,222.3106,198.5216,95.0610
767.8568,221.4755,198.3105,95.4455
766.9729,221.2991,199.2922,95.5185
765.4789,220.8206,200.0426,95.5486
759.9268,222.8139,202.8860,95.5944
756.3670,223.9461,205.1493,95.8743
756.8759,224.1900,205.9299,95.8283
757.1952,224.9544,207.2444,96.0312
752.9418,225.9241,208.5560,95.7474
749.7515,229.5456,211.3132,94.3083
750.6949,231.2653,211.8811,93.3662
748.5170,231.3912,212.4675,92.5868
753.0009,230.0347,211.5217,92.6400
755.7576,230.3188,210.1318,92.7761
753.0556,230.8775,209.8918,93.5902
751.0140,230.7677,210.5690,92.9046
753.8257,228.4119,210.9897,93.2958
749.1723,230.0733,213.2764,93.2448
748.1293,230.7892,215.1900,92.7427
741.8434,229.9327,214.8965,93.4612
742.1157,231.4623,217.9572,92.4736
738.0511,232.3715,217.8700,92.6641
735.6816,231.6013,219.8553,91.4660
730.9109,231.1480,222.0288,89.5465
719.3682,230.2594,223.4799,88.2766
721.2014,233.4819,224.0485,86.5157
719.8205,234.3667,224.1872,86.1089
711.9639,233.9760,223.6064,84.1875
710.2165,234.1790,220.9009,83.5204
716.7327,235.4072,219.8051,83.4341
756.2214,254.9226,218.5059,83.1946
765.8694,258.3580,215.4853,82.8177
760.1649,260.7180,214.9154,82.7271
2
0
0
0
0
1
443.9718,197.4193,124.8614,98.3118
433.8901,196.2159,130.3938,98.7118
430.0647,196.1674,132.1526,98.0076
427.5958,196.6580,133.6078,97.9263
426.3330,197.4905,132.9524,97.5271
425.9285,196.3319,132.0914,96.8262
427.8113,194.2156,132.0054,97.0914
429.0755,194.6467,132.0523,96.3783
428.2464,193.8656,133.2434,97.0254
428.5172,194.4444,133.4848,97.0078
427.5039,194.2425,135.1655,97.3056
428.6575,195.3668,135.8871,97.6055
427.9971,196.0715,136.9374,96.2398
424.8398,196.1098,138.8933,95.4906
423.6491,197.9261,140.2713,94.1238
421.5163,198.2286,141.4268,94.1214
414.1708,201.6079,149.9239,90.0827
410.9018,202.8094,155.9311,87.9733
408.2253,202.9470,161.5176,87.1641
407.1474,202.9162,163.0342,86.8067
407.3659,201.4060,164.6296,86.8189
402.5807,201.2868,164.7604,86.1317
402.1966,201.5369,163.4145,85.8640
401.9446,200.3130,162.9606,86.1304
400.3777,200.2227,163.3150,86.4994
394.2149,201.4316,164.0383,86.5027
392.6520,199.3600,165.4505,87.7170
392.2404,196.6915,166.2718,88.9746
390.9367,195.3790,166.7657,89.8558
391.4458,194.4414,166.7783,91.0303
390.9655,193.3155,166.7331,91.9526
392.5178,193.3120,161.1304,95.8161
394.6200,195.4148,155.7392,99.4026
393.3377,197.3762,150.8707,102.6127
398.2607,200.6487,146.0622,105.4552
400.4645,200.4656,142.3117,109.2802
401.6731,200.7738,139.0262,113.9321
404.2921,201.7077,136.4222,117.8483
404.6819,201.6727,134.4018,122.0157
405.5443,201.6544,133.4775,124.1835
404.7351,201.3076,133.9191,125.0000
403.6126,207.0863,133.6290,126.3748
404.5231,210.2772,132.8441,126.4895
402.2871,212.2950,132.2437,126.9301
399.9347,208.2523,132.1385,125.8745
399.6104,212.7481,131.0762,125.1150
397.8806,216.8732,130.0333,125.1843
394.8495,216.6124,127.9844,125.8092
392.8174,215.3851,125.9086,126.7320
389.3977,213.2125,126.0437,123.4716
386.4169,212.5941,124.5707,122.5275
387.5547,210.3409,122.9001,122.8309
386.2766,211.6762,123.7497,120.0704
386.9642,212.3086,124.9716,116.5403
384.7082,216.4421,125.2458,113.7262
384.1357,217.6666,124.6697,111.6335
383.8323,216.8624,124.0938,109.6198
384.0335,219.2264,123.6083,107.4198
382.6666,217.6411,124.3350,104.8153
383.1205,217.3392,123.9421,103.0441
380.2396,218.6450,124.8582,101.9984
378.5527,219.7814,124.4411,100.3325
379.1244,220.5975,123.6645,100.1694
378.5269,218.9762,122.4377,100.0968
377.3440,219.9277,121.9193,100.0071
377.1992,221.6441,121.0741,100.7456
377.2288,222.0500,120.4434,102.7183
375.8356,219.7034,119.9363,104.7374
376.1071,218.7806,119.1524,106.8877
374.8793,217.9754,119.1349,106.8336
375.1530,218.2016,118.8597,106.3707
377.0598,216.3463,117.5745,109.4653
377.0387,218.5455,117.0903,111.4166
378.5074,219.9449,118.2338,111.5680
378.3884,216.8817,119.2755,111.9067
377.4291,213.8495,120.6135,110.9789
368.6091,213.4496,127.6384,106.5252
369.5706,215.9966,130.4026,102.9430
368.2693,217.7919,133.8377,100.0367
364.5066,218.0142,137.2967,98.6058
360.7750,217.1625,140.2171,98.5323
358.1520,217.5217,141.3158,99.0405
356.0624,216.4376,142.1294,99.8460
357.4184,215.5777,141.7800,99.9672
357.2389,216.5260,141.9412,99.8793
355.1275,215.7948,142.7812,100.0322
358.2670,216.3160,140.3896,99.5420
360.5782,217.0093,138.4416,98.1542
361.9579,215.8592,138.5011,96.4577
361.9512,215.1369,138.5972,95.3884
361.7015,214.4641,138.6695,94.5630
357.2766,214.4711,142.1154,89.8317
355.3060,214.3988,144.9582,86.2324
353.4191,214.6183,147.3888,83.6119
352.7203,213.8358,148.6536,82.2189
349.5845,213.5922,150.2606,81.5237
345.5400,213.1056,152.5848,81.2995
342.7617,212.8519,154.7879,80.6565
340.3548,212.5109,157.3079,79.9852
338.2290,212.0747,159.2058,79.0017
336.8576,212.0731,160.9339,78.6792
335.5584,210.7768,161.5140,79.3097
333.7071,210.9059,162.1932,80.1181
331.7522,210.2511,163.4380,80.7309
330.5960,209.9488,165.5569,81.1536
326.0793,208.7642,168.7785,81.9628
324.2127,206.7782,170.5405,82.2197
322.6790,207.2151,171.9118,83.3999
319.7964,206.1354,172.8543,83.5685
320.6910,205.5968,173.6374,84.5662
318.3642,206.9803,173.1711,84.7897
323.2165,207.8404,175.3740,83.4403
319.6364,210.2118,180.0316,82.1006
317.7172,212.1067,183.8400,81.4842
310.7096,214.0801,186.1295,81.5632
307.5386,215.0769,186.9681,82.0252
303.4994,215.9942,186.4023,81.4608
297.3406,216.7911,185.1432,81.7782
292.5524,217.0286,186.7941,81.9785
288.0403,217.1649,188.0973,81.7759
282.4103,217.5256,188.3017,81.5084
274.2613,220.5412,189.5784,80.5242
269.6286,219.9703,189.3120,81.2515
268.9903,219.0977,188.6517,81.2525
265.1521,218.4659,188.8466,80.6324
262.3127,217.6527,188.7276,79.3905
254.6876,217.4657,188.4829,78.5392
255.9743,217.1322,187.4970,77.7317
254.5769,215.6156,186.7363,77.2618
251.0540,215.6667,187.3490,76.7089
256.9213,216.4669,189.0667,74.9327
250.3570,213.5464,187.6516,75.0233
246.7822,214.2600,190.1968,72.2649
243.8209,214.9232,190.9222,70.5698
241.0118,216.8281,191.4341,68.9823
240.4350,217.9953,193.1731,66.6033
234.9068,218.2704,196.0672,63.1237
230.4043,220.4844,199.6243,60.9203
229.3401,221.1103,200.5111,60.3917
230.9230,222.7010,199.5860,60.9781
232.6958,222.7007,197.9369,60.8179
225.6190,230.2376,193.6348,62.9963
219.5438,227.4030,195.4724,60.7564
216.0605,228.2674,197.1642,59.0856
228.5671,237.0286,186.0450,65.6768
220.1135,231.7235,185.0170,65.2144
212.2553,229.9372,188.4814,61.9584
201.8132,229.0266,191.9583,59.5021
198.0745,257.2727,168.5089,76.9547
208.2531,256.0206,149.4599,90.9923
215.4371,253.3495,134.3321,101.3288
218.4917,252.6529,124.4413,107.8210
238.3854,247.1669,116.4942,110.5423
239.5091,250.9374,109.7669,111.6476
239.7645,252.9006,103.8343,112.0867
241.3508,253.6467,98.5497,112.4280
242.3184,253.4030,94.3985,112.5919
244.8384,252.4050,91.0822,112.5672
248.1222,252.4119,88.4321,111.8674
250.5232,252.1181,86.4904,110.8295
251.4626,251.5498,84.8327,109.0121
253.3731,252.5323,83.4440,108.6892
253.3622,253.6741,82.0716,107.8623
253.3503,253.6478,80.9554,107.0522
253.4933,253.1274,80.2269,106.3861
255.0005,252.5709,79.1292,105.6682
255.8249,252.7233,78.5369,104.6018
256.0415,254.6899,77.5971,104.0595
256.7105,254.4361,77.0382,103.3032
257.3304,255.0863,76.1496,102.7873
256.9571,254.7574,74.5905,103.1714
257.1901,254.1921,73.8958,102.8605
257.6296,254.1215,73.7476,102.2168
258.1613,254.3533,73.6216,101.5959
258.4088,254.2228,73.4217,100.6356
258.8644,253.5406,73.4367,99.9004
258.7661,254.0717,73.0847,99.5251
258.3993,255.5526,72.8273,99.1595
259.2043,254.1392,72.3083,99.1704
259.9793,254.3622,72.0967,99.3931
260.7457,255.0403,71.2172,100.2779
261.7556,255.1112,70.6754,100.4173
261.5982,254.8428,70.0336,100.6296
261.5839,254.7735,69.5058,101.0568
261.8125,254.3122,68.9941,101.4224
262.3172,254.2332,68.8655,101.8163
262.2576,254.8899,68.8599,102.1292
263.1861,254.5116,69.0705,101.6913
263.1505,255.5043,69.4063,101.2350
262.8659,255.7949,69.6113,100.9163
263.5782,256.6615,70.0255,100.4161
262.4616,256.9607,70.2026,99.7754
262.0421,256.9507,70.3408,99.6307
261.2881,257.1500,70.3397,99.6540
261.0783,256.7655,70.0711,100.0577
261.4163,255.2866,69.8903,100.4369
262.1013,255.1275,69.5789,100.4746
261.3716,256.4314,69.0468,100.5857
259.3634,256.4809,69.2866,99.9581
260.3784,256.9821,69.4208,99.8199
260.1384,257.6399,70.1984,99.1072
259.9759,257.8976,70.0655,98.9927
260.9163,258.8272,70.1636,98.6002
262.6840,253.2801,70.0880,98.6786
262.6586,255.0664,69.8283,99.1788
261.6834,255.9525,70.0128,99.3323
262.2674,255.3940,69.8473,99.6866
2
0
0
0
0
1
83.4501,231.9730,157.1526,99.4192
81.0034,232.1563,160.4440,99.7028
78.8608,232.2688,161.4680,99.7073
77.1835,232.1366,161.8090,99.5212
76.7960,232.2280,161.3069,98.9900
75.7485,231.9301,161.2549,98.6368
76.2120,231.6924,161.2510,97.9211
76.7392,231.8279,161.1409,97.7724
67.5112,231.6322,163.3364,97.7640
59.5900,231.9517,166.6149,97.3312
51.4387,231.6178,171.5805,96.7480
44.7349,230.6286,177.5906,96.5815
42.4514,229.4399,182.6032,97.2543
39.5568,228.9648,186.1075,97.8416
36.4155,228.7321,189.8680,98.3371
34.0986,228.2700,191.1291,98.7269
32.1818,228.0829,193.1561,99.1282
30.0448,226.5864,194.1951,99.5451
30.4473,227.1326,194.4081,99.7257
28.7785,225.9299,195.0052,99.6120
27.3327,224.8533,194.7490,99.6918
27.1952,224.7955,194.8996,99.7358
26.9860,224.4749,194.0970,99.1548
26.9942,226.3539,193.5490,99.1012
24.4813,222.3396,192.6736,100.0153
20.9902,221.0705,191.0509,101.5933
19.3345,219.6328,191.1127,103.6780
17.0229,219.0800,191.3214,106.1091
15.8395,218.9055,190.0017,107.5888
15.2050,219.9550,189.9701,109.0067
14.4796,217.9196,189.4145,109.9566
15.0522,218.0874,189.7567,110.6636
14.3992,217.9597,189.7867,111.2439
14.4221,216.4330,188.9216,111.7141
14.3953,218.8632,188.3224,112.7805
17.1675,217.3797,188.1966,112.2861
16.8032,218.6460,188.1828,112.2796
17.3057,215.8719,188.2837,113.7503
16.8143,215.1576,188.2734,114.8745
13.8977,214.3752,188.1735,116.3590
13.3508,214.0870,189.0039,117.2058
10.6169,214.1089,191.7521,116.9457
8.6553,215.2226,193.4498,116.2830
10.1431,216.8398,194.5450,115.2046
9.3490,218.1140,196.2481,114.5020
8.8665,217.7005,195.6929,113.7955
9.2861,217.3712,197.1944,113.3739
10.2807,217.7005,198.4685,112.9465
9.2524,217.9604,198.7603,112.8634
7.6593,217.0929,197.8830,113.3282
9.6008,214.8621,200.5461,112.3947
9.9843,212.4168,201.5100,112.6350
11.5184,210.1030,201.6094,114.4981
13.5857,208.0436,200.8032,116.0688
12.9131,206.9674,201.2746,116.7584
12.3923,205.7189,201.6722,117.7047
10.4696,204.7474,201.5747,118.9151
9.9429,203.6888,201.6994,119.8956
12.1700,203.7406,201.7437,120.6766
10.0337,202.3231,201.7103,121.3544
10.3982,201.8353,202.0926,121.5568
8.6136,202.2363,203.4285,122.1501
8.4009,201.8547,203.9911,122.4993
8.7326,202.4065,203.9314,122.6987
8.7645,202.1008,203.5638,123.1618
11.1760,201.3097,201.9738,123.1859
7.8108,201.5568,201.6579,122.9731
10.1702,201.1440,201.5947,123.0938
9.1509,201.6576,201.6483,123.0548
9.6972,201.9466,201.4927,123.1057
10.8156,202.3686,201.2757,122.9960
9.1236,202.8253,200.8612,123.1117
11.2811,202.9326,199.7823,123.0670
12.4584,201.2373,198.8232,123.6155
15.9122,198.3168,196.1484,124.6510
16.5203,196.1108,194.7870,126.0450
17.1999,193.5005,193.8387,127.4198
17.9389,192.8417,192.1704,128.4391
17.6658,191.9690,190.2724,129.2536
17.4087,191.9828,188.6146,129.7064
18.5984,193.0662,187.1303,130.1057
19.7170,193.3165,187.3364,129.9050
17.7399,191.3791,188.1411,130.1695
17.8239,191.2194,187.6589,130.7977
17.3432,191.5775,187.8771,130.9453
15.3092,190.8182,188.2495,130.9294
17.1317,191.0132,187.1348,131.3507
17.3864,191.5106,186.5295,130.9410
17.6433,192.3907,186.7424,130.3553
17.9588,192.6429,186.8385,130.5714
18.7691,191.8037,186.3978,130.7751
17.2126,192.0144,187.1018,130.8074
17.6912,192.7471,186.5618,131.0711
22.3021,194.8821,184.3883,130.4260
36.6439,204.7589,178.0817,125.7670
42.5551,213.4271,170.8085,120.7132
48.9248,217.3318,164.5740,115.7344
52.4891,220.9755,158.8869,111.6465
54.8573,223.0227,153.6288,108.5114
56.9058,224.3732,149.2048,105.0610
57.4518,224.8524,145.7814,102.7329
59.4845,225.6666,143.3050,100.7491
59.3538,226.6191,140.9263,99.2280
64.8506,227.3228,138.5347,97.9566
61.7568,228.1609,135.8031,98.6708
62.7874,227.9115,133.7767,98.9885
62.8666,227.6910,130.6757,98.3270
63.5656,228.2820,128.3956,97.6063
64.1189,227.9962,125.5888,97.0609
64.5817,228.0043,121.4194,96.7483
66.5630,227.8522,117.6028,96.2903
68.2179,227.7791,114.4396,95.7119
68.7821,228.1819,111.7173,95.5289
71.1687,228.4082,109.5159,95.5527
72.8594,227.3620,107.9236,94.9020
72.9567,226.3414,107.7167,95.2593
73.2794,225.7803,107.5613,95.3580
73.2905,225.7958,107.8171,96.0739
74.6704,222.8945,109.6065,97.6917
76.9168,224.6016,113.8016,99.4182
81.0376,225.5257,119.8813,100.2300
80.2401,226.2086,126.4505,99.5095
79.2869,225.9924,131.8039,98.0103
76.4698,226.4603,135.2971,96.9963
76.6562,226.2018,137.5321,96.3862
74.9726,225.6697,139.3784,95.3111
72.2323,226.4760,141.0383,95.6127
70.5875,228.0866,143.2812,97.2201
66.6726,227.5755,146.0970,97.1909
64.4112,227.6303,148.8288,98.1013
61.2499,228.9296,151.4187,99.2710
59.5030,229.1881,152.6782,99.7197
57.9067,228.9871,154.0777,100.6175
57.0273,229.4158,155.5298,102.1954
59.9134,231.4469,158.1375,103.9790
64.4371,232.6550,161.6603,105.9428
63.6137,232.0802,166.4322,107.3419
62.2544,233.4484,171.5624,109.0930
61.4912,234.2734,175.2637,111.8179
60.5768,234.4671,178.2107,113.0917
60.4450,234.4723,179.9289,114.7480
58.8487,233.6543,181.3027,115.4083
57.7629,232.7617,181.9678,115.6774
57.3057,233.2046,182.4118,116.2233
56.1418,232.1965,183.5777,115.7078
57.5935,232.2938,183.2640,115.1924
58.5531,232.0068,182.6185,115.2757
59.5226,231.6947,182.7457,114.3368
57.4758,232.2865,183.4958,114.4147
57.8868,232.5091,183.7141,114.8252
56.4833,232.0112,184.4469,115.0473
58.1037,231.6723,184.1285,115.3816
57.2910,231.5952,184.0952,115.5296
58.5346,231.1616,183.7326,115.3460
56.6689,230.8997,183.6224,115.3000
57.6734,231.3235,183.3829,115.0208
56.1086,231.1159,183.2154,114.6991
58.3695,231.4955,181.7204,114.5039
58.1642,231.8969,180.1686,114.8531
59.0215,232.1438,178.6461,115.9081
58.1358,231.1736,179.6070,116.0745
58.9134,231.1892,178.3843,116.9104
58.6901,231.3206,177.5360,117.3199
57.9648,231.4624,177.4534,117.5173
59.8548,231.4397,176.8624,117.6977
60.9997,231.1696,175.9914,118.0245
62.9389,231.2267,175.3999,118.4407
64.7967,231.4481,175.3951,118.3123
65.7933,231.3899,175.5556,118.6441
66.6373,231.0043,174.8476,118.6490
69.6038,231.7394,176.8657,117.8171
67.9314,231.1251,177.1925,117.3473
67.8873,227.1470,178.3809,116.9763
67.2963,225.2640,181.3155,118.7836
63.1534,227.9784,182.7153,119.5934
58.6761,225.4039,187.1879,118.6535
57.0673,223.3071,189.8939,117.5743
52.9855,223.9003,193.8110,117.4115
51.6873,223.4747,197.8277,117.2108
49.7966,223.2769,200.3975,117.4501
57.5878,225.3073,201.0764,113.9006
52.8004,226.4233,204.9290,112.3660
47.3439,227.4786,205.9427,114.6252
43.6628,227.7344,214.7065,110.8289
39.7603,228.0286,221.6771,107.4055
37.3749,232.0878,229.2379,103.7568
39.1396,234.9490,231.2655,101.8464
40.6326,237.4334,234.4652,102.3187
45.2405,239.1799,238.7736,102.6238
39.5665,240.8123,241.7835,103.9214
38.0262,241.4431,246.7134,105.1466
41.9367,241.2414,248.8197,105.7192
40.3325,240.7196,249.8172,106.1940
39.3501,242.5620,249.6521,106.5280
37.5776,243.4359,248.4800,106.5166
39.1323,244.0230,248.4409,106.0115
34.5096,244.7591,249.7372,106.1415
35.1562,243.6598,251.0434,105.9609
36.5183,243.7144,251.0535,106.0872
34.4502,243.0774,250.4823,105.9124
38.8351,242.0521,247.4491,105.7311
39.4690,241.1836,245.2697,105.5506
40.0079,240.5701,244.6043,105.2688
43.4110,240.3287,245.0365,104.9275
39.0751,239.1451,242.6192,104.3265
43.6315,236.2555,243.9709,105.3489
47.6264,234.0372,246.6148,105.5600
48.6507,234.3865,250.2850,106.4016
49.4909,233.6145,253.3337,107.2047
52.8889,234.1749,256.8794,108.5504
53.8777,231.5534,260.8860,109.7029
52.8654,230.9097,264.5716,111.1873
46.1118,230.3152,267.5168,112.6812
53.6300,227.7480,267.6300,113.4398
51.9322,227.0330,271.6852,114.1397
50.5528,225.2868,272.1639,113.8913
48.7440,223.9498,275.2338,113.6193
50.4314,222.5576,276.4548,112.6369
50.5078,225.3223,277.1895,113.5533
55.4889,224.9679,276.5842,113.1331
58.6658,222.3900,279.9427,113.3136
58.9839,224.7771,283.1007,113.2340
48.4475,222.4755,287.2494,113.3556
59.2549,223.2040,288.0777,114.2462
61.3285,224.5820,283.3437,114.5095
57.6304,226.3036,282.3397,115.2214
68.7619,227.6344,277.4525,115.2360
88.1943,228.5210,270.9184,115.9557
99.9747,228.5864,264.0133,116.5023
107.4057,228.9293,256.2354,116.6093
116.4884,227.3172,252.4325,116.0871
121.8995,225.7758,249.2317,115.5935
124.8685,226.1809,247.3337,115.3986
123.3838,227.2755,244.8859,115.9314
127.7234,226.6245,244.4558,115.5179
129.7877,225.4773,245.2464,115.3429
131.8899,226.2557,244.7617,115.9328
132.0056,225.9268,245.2513,115.8368
137.8680,225.4456,247.4511,116.0466
135.2977,223.5817,245.6037,116.9103
141.7087,222.1259,252.2747,116.1258
145.0379,222.6009,258.4237,115.4395
147.8990,222.6284,262.5328,116.4225
143.0145,221.3675,267.8563,115.8128
145.4330,221.2929,269.6196,116.5227
148.7372,221.4914,270.8781,117.5017
148.7621,220.0486,272.0501,118.1367
148.5189,218.9154,273.3929,118.3191
148.8888,218.9644,275.1302,117.3948
148.9352,218.3683,276.0666,116.8072
153.8810,218.9762,274.6547,116.4628
155.2424,219.8320,273.8297,116.7198
156.4442,219.5518,272.8095,117.3318
161.2019,219.8672,271.3119,117.6244
162.2369,216.2714,271.8564,116.3072
160.6635,217.3104,271.9025,114.9848
162.1263,217.7383,270.6509,115.3088
170.8482,216.2906,267.9972,116.9712
180.6694,215.0807,263.2894,118.3787
178.7316,212.8011,264.0287,119.0988
176.6731,211.4956,266.3764,120.1687
181.6490,212.3730,265.5726,120.6320
191.6487,210.4470,261.5088,119.9538
185.1856,209.6479,262.3088,117.6930
195.3305,209.0841,257.3375,115.2834
193.0361,209.4899,255.5386,113.6362
199.3069,210.9149,251.9185,112.3370
197.7787,209.3137,251.0138,111.8145
199.3364,209.4624,249.6506,110.5563
198.0536,209.7222,249.7840,110.8660
205.2676,208.0829,251.9787,109.1132
206.4729,208.6942,253.1883,108.7500
208.4182,209.6970,253.7869,109.0043
208.7765,208.5329,254.2804,108.9603
211.6638,208.3648,254.9171,109.1362
215.4592,209.0515,254.6766,109.5309
215.5317,208.0000,255.4837,109.8552
213.1830,207.3533,255.3106,109.9230
209.2622,208.8820,255.4405,109.2225
215.1490,209.1421,252.5030,109.7181
213.8503,207.6953,253.0034,109.9969
215.8651,206.7744,252.2781,109.9762
218.6720,207.8494,250.6772,109.5362
220.8721,207.0733,250.5410,109.4685
215.0809,206.9504,251.9891,109.2102
219.4811,207.0089,250.1360,108.3668
220.8494,206.5398,250.3813,107.9267
217.6308,206.8770,250.1807,107.9057
219.4457,207.4957,248.8055,107.8876
218.5184,208.4343,248.8337,109.4100
219.8894,207.0781,247.2265,110.0716
222.5212,207.2666,246.6538,111.6958
220.8095,206.3171,246.8256,112.9068
219.3451,206.0526,247.8478,113.5022
220.3301,205.1835,249.1770,114.2330
220.3308,205.7954,249.9702,115.0618
220.9259,203.5511,250.0611,114.8918
222.9716,204.8978,250.1527,115.1945
219.8311,205.3457,250.0353,118.6962
220.3870,205.3394,249.2220,120.9158
221.3025,204.1557,249.0006,122.0087
217.1774,202.5197,251.6311,122.2841
219.5152,202.7564,251.4398,123.8164
217.3064,202.0913,251.6067,124.2501
216.1308,202.5063,251.8034,125.1202
213.4722,203.4852,251.9318,125.3810
221.0513,203.2784,250.6043,125.3203
212.4898,202.9106,251.5966,124.5859
216.9667,202.7545,249.9445,125.2632
215.7772,203.7029,249.8463,126.7528
221.5463,201.7298,248.6454,128.2178
213.5155,199.7280,250.9324,127.6693
221.1904,199.7737,249.8158,128.5231
217.9350,200.3363,248.4344,129.6771
217.9633,199.0291,251.1999,129.4528
218.3057,200.5541,251.0185,129.6221
209.0196,198.7804,255.7717,128.8200
214.9720,199.0710,253.9937,128.0587
213.9883,199.1960,254.2906,128.7007
215.6744,199.0746,254.7795,128.4665
217.1312,198.3721,254.2511,128.7548
215.4962,198.4742,254.1512,128.6466
217.3084,198.4654,254.5434,128.2666
217.1106,199.8554,253.1195,128.5339
220.0455,199.0714,251.7490,129.6064
216.6366,198.8365,251.6579,130.1352
219.8069,199.2019,252.1064,130.9745
221.3244,197.0623,254.0430,130.6771
218.5586,196.2037,255.3392,131.0264
218.3524,197.2257,257.3959,130.5377
217.6491,197.7177,260.0527,130.1744
216.1470,194.4156,262.5233,128.1441
222.0325,193.2956,262.2880,128.5312
229.7689,194.7895,263.8478,132.0852
219.7371,192.5864,269.6550,133.2801
222.5400,190.9362,274.2938,133.0435
227.7670,192.2584,275.5099,132.9227
218.4544,190.8148,278.5113,132.6189
218.0279,192.1193,278.0779,132.8542
208.1955,192.4869,281.3672,132.9178
221.4347,191.1036,278.2217,131.3406
217.3963,197.1782,280.4312,130.7175
218.3799,194.0653,281.1312,130.4608
217.5310,192.1026,283.8153,129.7237
215.2947,191.7933,285.5113,130.3219
217.1005,193.2317,284.6739,129.6736
211.5289,184.0611,277.6864,135.1839
211.9088,177.7055,271.1735,138.8138
210.9839,174.9965,265.5551,141.2640
216.6111,172.4308,262.0437,141.9805
213.2406,173.1322,262.6982,142.1491
220.0360,172.6170,262.0349,142.3393
217.1988,174.1905,260.9863,143.4026
223.8261,171.8766,256.4197,143.5863
226.7624,172.3801,254.6225,144.0331
228.6317,173.7921,251.8190,144.6222
224.1579,173.4287,246.9579,144.0785
227.5879,175.1225,242.6590,144.3816
225.5668,173.4602,239.7637,143.5141
223.5387,171.7741,240.6574,141.8555
228.2034,171.5099,237.6376,140.1066
226.8853,172.0045,238.1389,139.3871
230.2155,172.7725,237.4156,138.1058
228.4513,173.1298,237.3421,138.0080
230.4580,172.9910,237.0495,137.4862
229.8284,173.6969,236.8358,138.4543
230.5223,175.2956,238.2439,139.0663
227.5208,171.8748,238.5953,137.9290
233.7857,172.2677,238.4417,138.5865
229.3506,171.7144,238.9433,138.0847
230.5569,172.4217,240.6284,137.8221
225.0714,172.4548,240.0401,138.2487
231.3899,171.7740,239.5045,137.8434
227.0441,173.8046,240.3538,138.4135
230.0329,174.3005,239.5649,139.2392
230.8291,175.9766,237.0314,140.3931
226.0160,174.3015,237.9975,139.6936
229.3522,172.4142,238.9793,138.4517
233.4290,172.6613,237.1757,139.1262
230.3364,172.2496,236.2742,139.2785
233.0929,174.0031,235.6878,139.0715
227.1171,174.1596,236.6257,138.9657
227.7704,174.3125,237.7300,138.7511
226.1885,174.5793,237.0411,138.8969
231.0114,173.9603,236.2546,137.7386
226.1633,173.4199,237.9354,137.1886
227.5126,173.4151,239.8417,137.5109
230.9417,174.2183,237.2990,139.5308
230.6393,172.7110,235.4477,139.3037
233.0710,173.1666,234.8079,138.8035
230.9140,172.7658,235.0805,138.2147
230.2825,173.5372,235.0601,137.0793
230.5451,175.5195,234.6563,137.3553
228.9120,176.6157,234.6157,138.0721
229.1455,175.7450,236.0032,137.0108
232.1516,176.1832,235.3177,137.6525
230.6161,175.7752,235.5047,138.5201
234.2704,174.2612,234.4171,138.4503
231.1264,174.4224,233.3475,139.8389
235.3500,175.0682,231.7701,140.5319
231.4223,174.8869,233.2904,140.4344
237.0011,173.8386,233.1225,139.6948
233.5844,175.2964,232.8046,140.9543
230.2060,174.6619,234.3362,140.2849
232.5630,175.7362,234.4630,140.1304
232.3780,175.1433,234.4146,139.4954
232.9915,174.6613,233.8983,140.4229
233.0024,174.7027,233.6326,141.4705
232.2063,173.7161,233.2245,141.8501
232.9863,172.8276,232.6255,140.9580
232.4528,173.1372,233.0046,141.1509
236.9100,173.0862,231.0104,140.2470
231.4983,174.8962,232.8087,141.1427
237.3158,175.4141,230.7425,139.7260
230.3373,175.7029,232.3281,140.1188
234.3375,175.3216,232.3471,139.5641
235.3046,175.0877,231.6780,139.9094
235.4644,174.2444,231.3818,139.9090
234.1508,174.7799,230.8767,140.4772
237.0556,175.8102,230.1685,140.8060
229.6304,175.5317,231.9248,140.5250
233.9618,175.1797,233.5258,139.4687
235.3057,175.9058,232.9061,140.4288
235.8784,174.2561,231.6541,140.8248
238.9462,174.0045,232.7458,140.3020
235.0787,175.1543,233.4458,140.0325
237.7516,179.6635,234.7732,137.0272
232.9588,184.1451,239.4415,134.1149
232.6300,188.2671,242.7272,131.8338
226.7779,191.0624,248.3113,129.9124
234.9891,191.8797,246.9119,130.2175
236.8685,192.9952,244.6051,131.6165
238.8348,192.4746,241.8009,132.3912
241.5733,193.7991,239.2899,133.9719
240.7849,191.4597,239.6120,134.1625
241.1964,190.7256,238.5858,134.2916
240.0840,189.5364,239.4282,133.2393
245.5939,191.4197,236.5843,133.2245
243.7800,191.3981,236.3656,133.1324
246.8803,193.6875,236.5485,131.9761
247.5051,197.2207,239.7507,130.5427
256.3907,203.4309,242.4639,126.6872
253.1393,203.8909,249.9866,123.5121
254.3382,204.4039,255.6071,121.6036
251.3133,205.3833,261.3709,119.7091
257.1304,205.2070,261.0060,119.6500
259.2336,202.3175,263.7483,118.5935
257.7479,204.8121,263.6959,117.9164
258.8782,204.5911,263.9441,117.6514
261.8642,201.7806,262.9365,115.2988
261.6571,206.6241,263.0813,115.0321
282.3116,194.1207,250.5627,122.8297
290.3234,199.7905,240.5113,122.9722
275.2563,206.8644,241.7584,120.6414
283.5803,208.1911,238.2653,120.5648
289.2278,208.1743,234.0930,119.9559
291.4471,209.1483,231.0373,119.2079
295.5571,209.3850,229.3909,118.2794
301.3822,209.4762,226.7098,116.0247
303.9182,207.1441,227.4270,113.7937
313.5233,208.3707,229.1538,110.5053
316.1913,205.7879,228.9004,108.5820
321.5156,201.7830,230.5007,106.6217
326.0565,200.5347,230.1369,105.5687
325.2798,202.5105,230.1211,105.2658
326.8098,202.2744,229.0565,105.5264
328.0294,203.2660,228.0189,105.8662
336.9683,201.5713,226.8779,106.0194
335.9334,198.8313,226.8732,105.5782
338.5268,196.3518,228.5027,104.9142
343.8926,196.6689,228.1004,103.7050
343.2466,196.8606,227.7929,102.5312
348.5569,198.3612,227.4642,101.2577
350.5508,199.2924,227.0428,100.1924
350.8435,200.2566,226.6009,99.8211
353.1306,201.0076,226.4008,99.3150
354.2607,203.0681,225.1715,99.9226
365.3809,210.3913,217.9114,102.9635
365.2564,212.9595,212.6122,103.8404
371.6339,213.6091,208.9078,105.6852
378.9835,217.3717,203.7022,107.3278
391.6596,207.8949,197.1293,110.9014
411.5413,212.7505,193.5132,113.3577
422.9861,221.4685,190.4251,114.4317
438.8589,203.1031,188.5682,117.8029
458.8258,164.1850,188.5996,116.9747
458.8474,162.7781,188.8573,115.4246
459.7502,162.9651,188.7361,113.1207
455.6999,163.3353,187.9706,111.3636
456.1823,163.9102,187.3140,110.0172
460.9359,163.0676,187.6287,108.3393
461.0627,163.4471,185.2696,106.2926
459.9343,163.6561,183.2908,105.3767
606.8186,233.3715,172.1494,122.5891
620.4131,230.6459,165.6732,135.2491
614.1581,218.0297,166.5804,140.9391
622.2774,224.4204,167.6330,147.0498
612.4496,214.1718,171.1402,152.9122
620.9646,220.5075,174.8920,157.9281
630.1204,212.0465,179.8972,160.0064
616.6320,215.4828,184.4727,162.4669
613.1849,204.1067,203.4220,150.1412
608.2438,212.3317,219.5431,140.9598
606.4584,216.3508,229.9412,135.8320
593.6854,217.1889,222.0525,147.7793
600.8940,218.9438,218.1815,156.3197
608.6429,220.9800,217.7989,163.8378
596.1057,216.3258,216.8085,169.6452
556.0723,192.9157,214.6579,177.8739
567.2778,194.7947,214.7496,183.0103
575.9798,197.6028,216.8565,186.4483
582.6411,201.4258,217.2265,189.0473
589.1722,204.1978,219.4400,190.1200
568.0878,191.2218,219.6511,193.3930
572.9881,193.6730,220.8914,195.3946
556.1931,189.4377,221.3317,198.3617
561.2507,188.9441,223.4027,201.1360
565.4445,189.1031,226.7443,203.0355
544.1339,176.0550,226.8088,205.8005
549.3867,179.8126,229.2843,207.6986
554.8997,181.9227,231.0180,208.5213
536.7241,178.4764,233.1279,209.7368
546.9973,179.9729,233.6008,211.3815
552.6463,181.3118,232.0499,212.9752
531.3574,172.2449,236.5591,213.0425
534.4792,178.9900,238.3067,213.6888
539.7350,178.0904,237.9184,215.6747
540.9102,179.0395,237.8278,216.4281
520.3066,169.5111,241.4149,215.6698
525.7021,174.8273,243.5400,215.6103
531.1443,174.7803,243.8879,215.4418
517.3548,175.1757,245.3079,215.8798
525.1423,175.8429,246.2117,217.6901
530.6700,175.4481,245.5686,218.7425
