1
144.9342,209.0608,31.9147,29.3457
145.3463,216.9236,32.2014,29.8450
144.9841,220.4699,32.0061,30.8079
140.7040,215.6769,31.9628,30.1793
130.5534,216.5395,31.9707,29.7151
119.6994,220.2063,31.9321,29.7509
108.9808,220.8546,32.2942,29.6884
100.3522,218.6311,33.1917,29.9822
96.7629,208.0456,34.6846,31.2304
99.5209,201.2828,34.1008,31.7936
114.1865,194.7645,33.8356,31.9504
2
0
0
0
0
1
202.6748,226.3663,33.7567,33.0907
219.6040,220.1273,32.6534,33.0742
244.7600,211.8495,28.0184,37.1962
261.7497,225.2380,25.7651,37.8492
2
0
0
0
0
1
300.4184,237.3355,32.4135,34.1347
284.9424,235.2975,32.6235,33.8498
269.6468,223.3978,33.7380,33.1146
261.5097,213.1449,33.5890,33.1621
270.1669,223.7445,32.5831,33.3958
2
0
0
0
0
1
2
0
0
0
0
1
284.9440,251.7847,32.9889,34.3697
2
0
0
0
0
1
431.2792,252.4768,32.0708,30.3867
420.6211,244.5428,31.7971,30.7271
404.4289,226.1764,32.1279,31.0799
405.1907,217.6682,33.3717,30.9065
427.2800,213.6882,33.6951,31.5820
445.5009,217.5628,33.5295,31.8119
458.0075,218.4498,35.5148,31.3658
472.7265,217.9806,35.4375,30.7529
480.7702,225.3510,34.9031,30.8691
472.6505,231.1933,34.7365,30.8713
447.1347,194.9487,34.3107,31.8155
2
0
0
0
0
1
385.7038,265.0964,32.3496,35.6676
368.6576,287.2561,33.4430,35.0032
2
0
0
0
0
1
347.5766,202.1752,33.2555,36.5648
345.7834,186.1411,34.4868,36.8400
343.7854,187.3676,36.3833,36.7282
341.9139,194.7910,36.6103,38.5127
334.7161,198.7528,35.9770,39.3484
324.2874,195.2862,35.2715,38.1056
315.0497,190.9183,34.6235,38.9050
303.7363,204.4716,35.7411,40.0722
327.6985,211.0052,36.9739,39.1045
343.1072,241.8816,37.4915,39.5685
2
0
0
0
0
1
2
0
0
0
0
1
351.4424,286.2243,39.2025,38.3915
2
0
0
0
0
1
2
0
0
0
0
