1
275.3037,67.1317,21.1943,63.8705
276.5027,67.1281,21.3079,63.9644
276.2245,67.5094,21.3121,63.6501
276.4916,67.4523,21.1847,64.4540
275.7322,69.0363,21.2794,64.1434
274.5880,67.7292,21.2189,63.9970
274.5084,66.9206,20.9111,63.8492
274.7618,66.7042,21.4845,64.4203
275.2984,66.9557,22.1265,64.4643
275.3085,67.5134,22.0434,64.7416
276.3832,67.6053,22.0526,64.9192
276.2216,68.1584,22.3646,65.6343
275.5866,64.4889,22.2222,65.9986
277.2099,65.1451,21.9929,65.0956
276.5870,65.8293,22.0722,64.3955
276.3775,66.7163,22.0003,64.9350
275.2653,67.7940,21.8403,64.5100
273.9210,67.5544,22.0341,64.1931
274.3119,66.7642,22.0351,64.0102
274.6859,67.9019,21.8266,64.0742
274.5520,66.5916,21.7758,64.3142
276.1127,67.3158,21.9798,64.1077
277.0977,67.7249,21.7561,64.0382
276.9639,66.4643,21.8618,65.1392
276.7755,63.2022,21.7437,64.7176
277.4307,65.0247,21.5110,64.2414
277.6350,64.7154,21.6742,63.7657
276.8702,65.0167,21.6484,63.9897
276.3788,65.6657,21.5464,64.3646
275.6654,65.7372,21.7277,65.1464
275.3071,63.9426,21.5991,65.0836
275.1479,62.9570,22.3315,65.3010
274.7518,63.7387,22.7119,64.9688
276.7723,64.1738,22.8904,64.4854
277.0780,65.1972,22.7643,64.8640
276.7945,64.5702,22.2961,65.6632
277.0030,62.8533,21.9720,65.8137
277.8748,62.7917,21.6495,65.1248
277.0328,63.6224,21.3264,65.4927
276.9650,62.8708,21.3570,65.4027
276.5473,64.2909,21.2008,65.7146
275.1881,64.5318,21.4908,66.4497
274.8905,63.0067,21.3036,66.8289
274.7130,62.4180,21.7472,66.0544
275.1917,62.9717,21.8832,65.3353
276.1528,64.8469,22.2365,64.9356
275.8982,65.6476,22.5899,65.1564
276.2084,64.9094,22.4742,66.1238
276.0525,63.7157,22.2807,65.9126
276.5620,64.1736,21.6146,64.6346
276.6009,64.7365,21.7921,64.3845
276.1995,64.2622,21.9420,64.1480
274.9319,64.0692,22.4114,64.4156
274.4986,64.5321,22.3657,65.7807
273.7837,62.6899,22.5624,65.3173
272.9955,63.8728,23.5687,65.0402
272.9554,62.2359,23.6890,64.2009
274.0902,64.3832,23.8165,63.7153
274.2470,65.4398,23.9343,64.7907
274.0215,64.1077,23.2797,66.3368
274.3461,64.2521,22.7222,66.8308
275.5367,63.7522,22.3835,65.4121
275.0268,63.8008,22.3954,65.2786
274.9286,64.3369,22.3956,65.1345
273.8357,66.1673,22.7683,66.0931
272.4305,64.8773,23.3200,67.5106
271.5410,62.9437,24.1155,66.7246
270.9194,63.8192,24.8633,65.6831
271.8333,64.1900,24.5859,64.1617
272.9337,65.6083,24.7238,63.8422
273.2796,67.2721,23.9633,66.8008
272.5098,64.8103,23.3200,69.4672
272.3420,62.8219,22.9024,70.5299
271.8031,62.0381,23.0189,69.8458
271.6132,63.0305,23.1596,69.8159
271.3527,65.5071,23.9403,71.6335
270.0575,65.0329,24.2284,73.3200
269.1281,63.0109,24.4385,74.1031
268.6199,61.1312,24.6497,73.8299
268.0735,60.0252,25.5323,70.7210
268.3301,62.2786,25.9477,68.4771
268.3682,64.5150,26.0798,70.1467
268.1712,64.1289,25.4555,72.3542
267.5474,61.0820,24.9729,73.5271
267.4646,60.4868,24.7191,72.5866
267.1550,60.7413,24.5784,72.5318
266.9463,62.0177,24.7039,72.3537
266.1805,63.3891,25.6347,73.5135
264.1114,63.6354,26.6648,75.6954
263.7061,63.1526,27.1952,78.0042
262.7220,62.4065,27.4797,79.6251
262.2626,62.8739,28.5643,80.4998
262.7493,65.4888,29.8358,80.5906
264.3602,68.4558,30.3530,82.0813
263.1699,70.5180,30.5637,82.7712
263.1636,70.5072,30.6575,82.4051
263.2062,71.3317,30.6942,81.7059
263.9926,72.6504,30.9178,81.6101
264.6097,73.7085,30.9140,81.8914
264.8114,74.1153,31.4052,81.5771
263.2447,73.4291,32.4742,81.2544
261.8189,71.5914,32.2754,80.9176
261.1910,69.9380,32.6547,78.9877
262.2332,71.7951,32.9363,78.4771
261.6760,73.0824,32.8042,78.6604
260.8529,73.0440,32.4992,79.7280
259.9219,70.4528,31.7748,80.9973
259.6386,69.0153,31.3620,81.7436
260.2779,67.9107,30.8066,82.3469
260.1198,67.9548,31.2120,82.9645
258.9998,68.8807,31.6446,83.0862
258.8181,69.2770,31.7915,83.8590
259.1266,67.2602,31.7589,83.5552
259.8321,67.3334,31.5125,83.0502
260.7796,67.8885,31.3593,82.0380
261.4108,69.1886,31.4728,80.9959
261.6702,70.5888,32.0049,80.1109
263.0452,69.6279,31.6846,81.1460
264.3112,67.0706,31.1557,82.2183
264.7573,65.7243,31.1209,81.9623
267.3820,66.6694,31.3674,82.8398
269.8840,68.5001,31.7228,83.8659
269.1752,69.1730,33.0631,83.6618
269.9855,68.2773,33.4224,84.1627
270.9705,66.3897,33.2527,84.5983
271.0993,65.4432,32.7477,85.2513
271.7368,65.0940,32.6002,84.8311
272.3043,66.8024,32.4824,84.2254
272.7825,68.6500,32.9119,83.0707
273.8396,67.5968,32.4448,83.6243
273.7703,66.9679,32.6495,83.9820
274.1547,66.7457,32.8337,84.2516
275.1366,67.5925,32.9044,84.8246
275.2702,69.5757,32.9691,84.8051
274.5020,69.2009,33.7338,84.5816
273.5675,66.9245,34.1013,85.3985
273.9100,64.7684,33.8999,85.6510
273.9245,65.3187,34.0723,85.7708
275.0334,65.3796,34.0792,86.1135
275.8203,66.1773,34.4250,86.3631
276.0114,66.7460,34.3666,86.5232
276.2311,65.6153,34.2525,87.1124
276.1340,64.0068,34.0993,86.4937
277.4938,65.1818,34.0938,86.7072
278.5754,66.2555,34.5653,86.4709
279.4822,66.9174,35.6219,85.3367
278.4350,67.3629,36.5357,84.4173
279.1369,67.1260,36.3568,84.3972
279.6173,66.4478,36.5189,84.1448
280.4733,67.0169,36.6314,83.5581
281.4850,67.6010,36.4604,82.9048
281.5588,68.5224,36.5498,82.5831
281.5726,67.6263,36.1292,83.0565
282.0462,67.1565,35.9632,83.5362
282.4354,66.1389,36.1120,82.5901
284.6201,65.8211,35.6119,82.3191
284.6774,65.4323,35.6164,82.3602
284.9652,64.8785,35.5481,82.5500
285.0194,61.4052,35.3902,84.2417
284.8354,59.6803,35.3819,85.4330
284.3164,59.5954,35.6602,86.2283
284.5273,58.9351,36.3425,87.3493
284.0755,58.9424,36.3343,87.7344
285.8066,58.8882,35.4963,89.0717
286.0910,54.7520,34.6176,91.1467
286.0076,52.3674,33.8612,90.5257
287.3302,53.7860,33.3133,90.4778
287.3651,53.5902,32.7133,91.9621
288.8781,54.6584,33.0854,92.4372
287.1230,55.5735,33.7545,93.4048
287.0256,54.1697,33.9419,94.3207
287.5649,53.0543,33.7444,92.6078
287.9953,54.7074,33.9845,93.0510
286.8447,55.1325,34.6513,94.0291
287.4315,56.7024,34.7848,94.6099
287.7826,57.3698,35.1661,94.0077
287.2688,54.6981,34.9211,94.4481
287.2220,53.4083,34.4846,93.0751
289.3196,54.8948,34.6219,92.8396
291.3079,56.6665,34.2514,94.3190
291.2553,55.7788,34.1922,94.5169
291.3226,55.8465,34.0682,95.6404
290.7629,54.1329,33.8263,96.1263
290.9810,52.8494,32.8835,94.1741
291.0030,53.2862,33.0877,94.6539
291.9434,51.6856,32.6917,95.9949
291.8751,53.9929,32.3481,96.0368
292.0613,56.9663,32.1493,95.9849
294.1042,53.5190,31.6942,97.3114
293.4855,52.7877,31.1635,95.9818
294.1550,52.4754,30.3304,93.3567
295.0451,54.9225,29.6913,92.4807
294.4951,56.8481,29.9879,94.1131
294.6971,56.0754,30.2969,95.5722
294.5561,55.5785,30.4828,95.9889
294.1084,52.7822,30.1655,96.2335
294.6623,51.9856,29.9577,96.7504
294.3883,52.0428,30.3681,96.2390
295.0244,55.6970,30.5541,96.5326
294.5215,56.9632,30.7861,96.8173
295.2563,56.1951,30.8885,98.6200
294.2759,52.7960,30.5720,97.6148
293.6043,52.9099,30.8395,95.7894
294.4619,53.2904,29.8284,93.4072
295.2589,56.4073,29.7095,93.6564
295.9547,57.2248,29.7607,95.4996
295.1773,54.7600,30.0236,98.2440
295.2378,53.2194,29.4758,97.6540
295.1973,51.9502,29.7627,98.1808
295.4231,52.4322,29.7892,99.2201
295.4798,53.9246,29.8873,101.5417
295.3772,56.1742,30.0121,102.1538
296.2125,56.1460,30.7714,102.7760
295.4726,53.7706,30.4808,102.6775
295.4666,54.1060,30.6522,99.8414
295.4982,55.0231,30.4781,97.7014
296.1954,57.4301,30.6223,97.5722
296.2831,58.1541,30.8034,98.3692
296.6936,56.9187,31.3001,99.2331
296.3622,54.0689,31.6232,99.0643
294.9434,53.0353,31.7575,98.7675
295.4604,52.9184,32.3445,99.9995
295.1826,53.8033,32.8166,100.0784
294.8990,56.3374,32.5627,100.9944
295.8678,54.5306,33.1138,102.6115
295.3224,51.9858,33.2538,101.1830
296.5016,49.9355,32.5254,97.9392
297.8752,50.6168,31.7657,94.7356
299.5081,53.6030,30.6201,92.5531
299.0511,57.4887,31.0152,93.9231
298.8420,58.5500,31.0095,96.9014
298.9323,56.2917,30.9456,99.0720
298.4442,54.5193,30.9717,100.0995
298.9962,56.4571,31.4997,103.0430
299.8655,55.5985,31.4750,104.3965
300.1941,57.7184,31.8549,105.8681
301.1040,56.8123,31.9270,107.5298
301.8848,53.4003,31.1907,106.2684
301.6828,51.8198,30.7429,102.2370
302.5025,51.7375,29.9654,98.2848
303.0218,52.2383,29.7533,96.1384
302.6725,55.2667,29.5707,96.7382
302.0608,58.1056,30.8010,98.8974
302.3811,57.9800,31.4535,101.9981
302.5345,56.1463,32.6536,103.9805
302.2007,56.9378,33.2766,106.1752
302.8090,59.0197,34.1266,109.6796
303.3727,58.8405,33.7581,113.8322
303.1866,57.7102,33.5373,116.4400
303.1387,52.8676,33.9427,114.8978
303.5686,50.1001,34.3089,110.3957
302.7946,50.5100,34.9762,106.2033
302.6874,52.3551,35.7058,102.0907
302.8285,55.1629,35.7414,101.2647
302.4063,53.5448,36.6005,102.1641
301.7022,54.1122,37.3342,103.8414
301.4229,54.1288,37.8780,105.4208
300.9151,57.3409,38.3682,108.7827
300.8970,60.4371,38.6792,113.1362
299.4708,62.5866,39.5795,115.0699
299.6211,57.2204,40.0840,117.5531
298.7781,57.1980,40.6619,116.9839
300.9873,55.0608,38.7591,115.7497
302.0569,48.8980,38.6764,110.7100
301.3271,50.0185,39.0753,106.6121
301.7862,52.4523,38.2427,105.4422
301.7073,56.8544,37.4609,105.9622
301.5755,56.9067,37.9426,107.2987
300.9463,57.9704,38.3120,110.5598
300.7152,58.6467,38.9873,112.8019
300.9424,59.8150,39.5406,115.0260
301.0546,55.9732,40.3093,116.7100
301.0973,53.1585,40.8998,117.4036
299.6632,57.5191,41.7530,116.9778
299.4904,52.7895,42.1469,114.2495
298.7321,53.4028,43.0271,110.5647
297.8748,54.1936,44.0632,107.2709
297.3058,60.9153,44.9283,106.7749
297.8336,62.1674,43.6585,109.9191
298.0117,57.9109,43.5141,112.4379
298.4022,60.1245,42.9933,117.9828
299.4029,59.6524,42.6771,121.3809
299.9453,61.2771,42.5580,125.6421
301.2143,61.9734,40.8012,131.6118
301.8404,62.3745,40.5391,135.8344
300.4643,61.5333,40.9269,139.2137
300.5507,56.4191,40.8538,142.1807
300.4892,42.8468,41.1804,135.9496
299.4403,37.9940,41.7716,128.7968
299.1674,47.4568,41.8636,125.3458
289.6545,54.3442,43.4192,123.5277
292.2100,59.2017,43.1964,126.0196
294.4972,61.2796,42.0923,131.3286
296.9819,60.8311,41.6581,134.3909
299.9160,60.7529,41.0912,138.3050
300.2643,60.8376,41.2235,140.7830
297.4890,59.8830,42.1700,142.4938
295.9962,57.1879,42.2805,143.7068
297.7171,52.6028,42.6976,142.9258
298.5224,54.9231,42.5424,143.1155
296.5598,58.6379,42.7266,142.6459
294.5835,55.9781,43.3977,143.1724
293.5809,53.4997,43.1047,142.8085
289.4250,53.5917,43.4760,141.2865
286.8976,54.8338,44.2576,142.2715
283.9005,54.3661,45.0919,143.0650
282.0370,54.9957,45.6428,142.6855
281.1149,57.3044,46.5371,142.6758
280.0896,55.2422,47.0536,142.8966
278.3270,54.1699,47.5191,143.1697
278.9473,54.1698,47.7167,144.3112
278.7761,57.2743,48.0843,145.5344
278.0305,59.4888,48.2508,144.8385
276.6224,59.3769,48.6526,144.6210
274.4248,58.6482,50.0978,142.7597
270.9101,55.9754,51.0267,138.9420
268.0462,57.3084,51.6242,138.9232
268.0453,62.1512,51.8676,139.1816
266.5855,65.0327,52.8224,138.8523
267.2687,67.1058,53.3772,139.6640
267.5191,62.6904,53.7515,141.0723
267.4608,58.3407,53.3299,139.7309
267.1022,59.4606,53.6424,139.1353
266.0359,62.5538,54.1332,139.6171
266.7299,64.0667,54.0609,140.0794
265.5804,63.6822,54.2201,140.3399
265.8374,60.0321,53.7630,141.0971
263.4187,56.6346,53.5348,138.5247
264.0284,57.6294,52.7583,136.7990
263.7266,59.5519,53.4334,136.9286
263.4313,60.2932,54.0529,137.4379
264.2350,63.0315,53.5800,139.3205
264.9531,65.0497,54.3785,140.5932
265.3031,61.5161,53.7278,142.5453
263.2002,57.4912,52.6369,141.1727
261.7750,60.7413,52.3215,141.4221
261.2442,66.1365,52.4721,142.0814
259.3401,65.5142,53.3254,143.7284
257.0002,62.8977,53.6392,145.5681
256.3128,58.7632,54.3964,145.1504
255.2279,56.0698,55.4114,145.0240
254.7706,55.4286,56.7467,145.8588
255.4019,56.3088,57.6195,145.5115
257.8001,60.3460,57.8290,147.1398
256.2882,61.6058,59.6801,148.7020
254.1950,57.6842,60.5035,149.9338
251.7725,52.7137,59.8867,148.7634
254.2929,54.9434,57.3440,149.6042
253.9830,57.4739,55.9336,152.9377
253.5881,61.4856,55.9348,153.3550
252.7598,59.9639,55.9775,154.2754
252.7667,59.6860,56.2602,155.0221
251.5430,56.4099,57.1124,153.3047
249.1196,55.8187,58.5438,152.7009
249.4279,59.6647,59.1312,155.0586
250.8801,60.5649,59.9596,155.7662
252.5676,59.7863,60.2042,157.5327
253.6574,56.6462,60.0755,159.9503
253.2297,50.4658,59.2948,159.0529
255.6926,53.2280,58.1420,156.5789
259.0386,54.5333,56.4093,158.4890
258.4044,57.5186,57.0379,160.2781
256.8170,58.4463,57.8133,161.3136
256.5982,57.8059,58.0855,162.4473
257.2769,55.3588,58.1657,162.2827
256.8498,52.9177,58.8128,161.4513
256.1776,55.8808,59.9381,162.3020
256.8849,56.1160,60.3203,164.3678
258.8875,62.1056,60.5693,164.3511
260.9023,58.6014,61.3478,165.5726
262.3580,55.2920,61.7560,166.4858
263.5878,50.0829,61.0917,165.5860
265.9143,53.7535,60.9584,164.6283
267.0133,57.1859,60.5983,166.2892
267.9899,57.9714,60.8621,166.9937
267.6832,57.2229,60.7092,168.9958
267.3386,55.7371,60.7787,169.8618
267.5879,52.0621,60.8111,166.9084
266.9386,53.9640,60.4809,167.6548
267.4204,54.5581,61.4946,168.2942
270.1255,53.7527,60.5795,168.3234
271.3524,57.6706,60.7318,168.6330
274.5206,56.5970,60.3860,171.2696
275.8778,52.7894,60.7884,170.1920
277.4973,52.2825,60.5891,170.3450
279.7930,54.3341,60.4506,170.9235
278.8328,55.9507,60.5015,169.4873
279.6812,58.0034,61.0990,171.8539
278.7997,57.4186,61.8901,172.9664
279.3156,54.9104,61.8403,173.2287
279.1626,52.6445,61.3687,172.6323
279.2536,51.6160,61.9326,173.0387
280.5054,48.2213,61.2191,171.8657
283.2708,49.9707,60.8771,171.1827
282.9887,54.2025,61.8175,172.1096
285.2034,53.7535,63.3286,175.5968
286.1947,49.8224,64.3524,175.8257
287.7540,48.9158,64.9425,177.7682
290.6418,46.4925,64.2523,176.8909
291.4254,49.2491,64.5425,177.1988
290.8312,51.1380,65.1753,177.0962
290.0363,51.6501,65.7133,177.9018
289.1960,50.1691,65.8831,179.1198
287.5540,45.8049,66.9752,177.0674
288.0674,45.2945,66.8381,176.3868
287.8745,44.4215,67.0913,174.6638
288.7773,48.8202,67.9545,175.7842
289.7499,49.8273,66.8000,180.3580
286.0452,47.2382,67.6756,183.5699
285.5859,45.0763,67.6054,185.1774
286.2532,41.7484,67.6543,185.0296
286.6666,41.4733,66.1928,182.5613
288.9570,47.2672,65.6208,181.0951
286.4559,49.8119,66.5079,180.7117
282.3416,48.1951,67.3474,182.3203
280.7098,48.0759,68.5360,185.5698
279.2244,42.6689,68.9440,185.0443
279.2383,39.6096,69.7154,182.0795
281.3845,44.8410,71.2711,180.2171
284.6127,48.0110,71.9577,180.9439
285.0244,48.6680,71.0830,184.4340
282.3910,46.4860,71.3198,188.2891
283.2346,42.4071,71.5626,189.7528
287.2623,40.5465,70.4085,187.9965
287.5055,41.7152,70.3406,186.6717
286.9833,45.6357,70.9375,185.2000
286.1091,47.0072,71.1468,186.8018
283.7191,44.5159,72.2086,189.6390
283.0900,40.8836,73.7034,192.5026
279.8889,37.2834,73.9091,193.3617
282.2698,36.4249,75.0421,189.4299
284.0055,40.7484,77.2953,186.3168
284.2998,45.8225,78.6920,184.9856
284.0481,45.8967,78.3343,188.0120
284.7718,42.4269,76.4475,192.5224
285.8635,39.2408,74.7945,195.1994
289.3448,39.2453,75.3115,191.9959
289.7672,44.2675,76.3370,188.9311
291.4448,49.8439,78.0918,186.9168
289.0657,48.7496,79.3556,187.8386
285.4123,44.0965,80.8274,191.1929
283.9991,41.1398,81.6316,195.1196
282.3794,37.1578,81.3442,194.3039
284.0086,41.1513,82.8096,190.5698
284.2126,43.7018,86.1740,188.4199
284.9802,47.2754,85.7262,187.5802
285.9884,45.6771,83.8166,190.9215
286.2205,39.2580,82.7380,192.3062
290.9249,39.9886,80.6919,196.2895
294.4538,34.3009,77.9561,198.0733
299.1085,38.2818,76.6378,197.3918
302.3351,44.2998,78.2764,195.0678
301.3146,46.9211,79.5717,195.1984
300.1489,41.5649,80.1363,197.2354
301.4269,36.5337,80.0126,197.7812
301.3592,37.0486,80.3631,200.0122
303.0147,37.6758,79.3390,200.6071
304.3883,41.2351,80.8724,199.8690
304.7936,44.4024,83.3062,198.1449
307.8819,42.5772,83.2733,198.3851
309.2736,37.6958,83.2443,199.3337
311.1625,38.1900,81.2880,201.8642
311.1997,34.5622,82.4408,204.4528
313.0977,41.5175,82.9392,203.9827
311.4882,44.6226,85.1196,200.9195
308.4717,46.0314,87.0747,198.7588
305.1824,44.9065,88.4279,198.3392
304.5555,40.1688,89.5399,198.3883
305.0406,36.5625,89.3850,200.7585
305.4616,38.7822,88.1878,201.8233
304.8946,40.2226,91.5425,199.9930
304.3283,44.9269,93.3546,198.6003
301.3138,39.7077,93.6653,197.6806
298.0872,37.7441,92.4991,200.9947
294.1068,36.1402,91.9591,203.1814
291.9906,37.9374,90.8984,204.0112
290.2371,42.6402,91.2576,203.4710
289.3119,47.2748,94.1166,197.7666
288.0782,47.4602,95.4984,194.9126
283.6974,46.9563,97.7195,192.7034
281.9810,47.2062,99.6475,192.5485
282.9905,43.6833,99.4690,194.0524
283.6031,45.5376,100.0509,192.2436
283.4920,51.7511,101.2998,188.9906
284.8147,47.4919,101.2577,189.6324
286.3600,49.6312,100.5443,191.1506
287.2212,46.1613,99.6206,192.8947
288.8285,43.1400,98.5865,195.4807
289.7442,44.1184,98.2714,197.0472
290.4341,40.0887,98.3148,197.5659
289.5722,47.7849,100.8649,193.9011
275.5319,45.3613,103.3255,191.3763
278.5485,43.1138,104.3937,191.1915
281.3537,41.8008,103.7559,192.7540
285.1113,39.2647,102.9048,194.7349
289.1069,40.2384,103.0840,193.1527
290.4616,45.4371,103.9141,192.3717
271.3563,44.9055,102.5499,192.3353
266.6871,41.0699,97.5823,194.4919
287.1275,41.9545,95.8666,195.6127
270.4066,33.5491,91.2788,198.2421
269.5716,29.7696,89.3117,199.7474
269.8232,27.7178,88.0963,200.9638
270.0384,32.6223,88.1399,200.2361
288.4158,44.1381,89.5446,198.3352
270.0306,41.5154,91.4141,196.8912
268.1539,41.3285,94.3269,195.2990
271.6969,44.8648,96.8911,193.5389
275.5973,40.4830,97.9920,193.7516
265.2936,44.8876,99.4316,192.9561
266.9214,44.4387,101.0731,192.9934
253.4850,38.4506,99.8286,192.5894
243.4713,26.1229,96.0925,193.9805
247.7760,26.1553,92.0996,197.3743
244.5376,27.1069,91.9882,197.3261
246.0307,30.8277,92.5237,196.8552
262.2043,38.6088,92.3245,197.7069
238.6225,41.6143,93.9400,195.0020
249.9224,60.8329,105.7006,183.4956
225.1280,64.4800,111.8080,175.7957
214.9050,60.4502,109.5413,176.5919
211.0273,61.9049,108.7699,174.8395
208.9010,69.2505,113.2476,169.7538
208.3995,76.8485,113.2808,164.2457
194.1685,73.6588,106.5515,164.8246
202.0918,73.8757,100.5252,166.7196
202.5826,64.9392,90.8462,169.7842
222.9565,71.7162,87.9182,170.8833
259.1186,87.8459,100.1575,159.3040
273.7592,94.2482,108.4173,150.7544
277.3064,95.4571,110.7909,145.8167
275.2449,94.0343,103.9491,146.7798
275.2643,93.3464,99.0569,147.0280
271.1819,96.5232,96.6070,145.5499
270.8254,103.3439,95.0055,141.6604
266.3049,100.6646,93.6526,140.3408
261.4832,100.4499,89.8588,140.1044
266.3464,106.0497,91.8550,135.4213
271.8229,111.5122,96.5013,128.9532
266.1248,113.0733,100.0747,125.4803
259.5567,113.1590,100.5916,124.4492
262.1051,114.8932,97.6275,124.7382
269.3658,112.5540,91.4968,125.4842
273.4312,113.8839,86.2865,125.5198
281.5664,112.9870,82.4892,126.3406
286.6288,116.0845,82.2018,125.3450
292.5907,113.8977,82.5701,125.7163
296.8327,116.1417,82.7130,125.4427
302.7826,115.2700,78.4158,125.5820
303.3004,111.0102,72.1684,126.4589
306.9613,115.0434,66.6555,124.9286
312.8379,113.7461,64.4870,122.9427
317.3582,121.6738,66.2885,120.8846
318.7790,123.7188,67.8605,119.4919
318.3424,119.8656,66.2513,120.6757
317.9373,119.1714,61.7686,120.1555
319.9880,119.5255,57.3303,119.2495
318.6874,121.5358,57.8552,118.0404
315.4318,127.3135,62.4613,114.8424
311.5217,129.6607,67.7575,111.4839
307.9554,130.0441,70.0059,110.6792
303.4509,130.0548,67.3489,109.1841
299.6656,128.4691,61.9811,110.5588
300.4051,128.6584,57.3276,110.3113
294.1740,129.4604,54.5128,110.3947
292.5245,128.6600,54.4561,109.7379
289.1518,132.0540,56.4961,106.5165
280.1596,131.8729,55.2289,104.8768
277.9673,131.7825,52.7185,104.0872
279.0793,131.1720,48.4247,104.1007
282.7772,135.1857,46.2282,105.0387
280.0695,135.9232,48.0426,104.1346
276.7310,138.3457,52.8161,100.9131
276.1752,137.9189,56.0377,98.0087
276.2536,139.6865,55.6531,96.5631
276.6667,141.8478,52.4166,96.8367
279.5945,139.8935,47.5028,98.6253
280.8651,140.5081,43.0554,98.3563
281.7070,141.2336,41.1862,96.3074
284.4294,144.0083,41.6945,93.5931
285.5351,145.9753,43.2388,91.9964
286.9109,146.8853,43.0715,90.7420
291.6071,148.3200,42.6625,87.9891
293.9330,151.0799,41.3852,86.6030
295.3280,154.3802,39.9869,85.4152
296.1749,154.0128,38.0420,84.9938
297.5218,155.8610,37.7907,83.2774
300.0506,155.8090,37.8391,81.3768
302.6809,157.8733,37.5370,79.3985
303.2085,159.1457,36.5485,78.1131
303.7418,159.9606,34.1429,77.5193
304.4976,161.2278,32.0210,76.5829
305.2167,161.2669,30.7500,75.3904
306.1148,163.7195,30.6882,74.4848
305.1695,165.5224,31.0914,73.0695
304.1363,165.3868,30.6202,71.4730
302.8956,166.2462,29.9964,70.2813
301.3378,165.5264,28.5495,70.1349
299.7616,167.4525,27.7513,69.1307
298.1537,167.5506,27.4024,67.9232
296.8539,169.6368,26.8334,66.5688
295.4890,169.1658,26.2518,65.1980
294.0950,168.7960,25.6106,64.2479
292.2330,168.7324,24.9810,62.8995
291.6633,171.7884,24.4902,61.1077
291.6843,172.5277,24.0849,59.6959
291.5839,169.9984,24.4967,58.5507
292.1464,168.9189,24.5230,58.3147
293.2176,168.0874,24.2411,57.8675
295.0304,167.2747,24.3100,57.0842
295.9330,166.6350,24.3364,56.0941
296.6812,166.8560,24.3163,55.2921
297.7342,166.9527,24.1902,54.5142
297.6434,167.1621,23.7931,53.4428
296.8072,168.3890,22.9174,52.3023
296.3020,169.0509,22.5630,50.9906
295.6471,168.5993,22.3757,49.5065
295.6284,169.4986,22.2037,48.0764
295.1273,168.3226,21.9084,47.1643
296.4760,168.6731,21.5251,46.4469
296.3250,167.7461,21.5648,45.6068
295.8912,166.5224,22.2219,44.3352
296.0572,164.4456,22.7648,42.7757
295.5201,165.6959,22.9738,41.8065
294.6132,164.9998,23.0460,40.5629
294.3175,165.3966,22.9475,39.7420
294.0513,164.0504,22.4142,39.3767
293.7505,161.8404,21.3415,39.4691
293.2500,160.8431,20.5982,39.3584
292.3078,161.3507,20.5048,38.5481
291.2469,161.9723,20.0880,38.1829
289.8663,161.2572,19.5850,38.4771
286.9934,160.3661,18.7800,39.0060
286.7040,158.5634,17.9965,39.9751
286.4535,161.3492,17.5089,40.2362
284.5484,162.9686,17.4785,39.7526
282.6670,162.2139,17.1081,39.3551
280.0073,161.4040,17.3060,38.4949
277.6183,162.9598,17.2268,38.1270
275.6094,161.4552,17.2291,37.9953
274.0665,161.4306,17.2562,38.1517
272.3823,161.4879,16.7805,37.9364
270.7946,163.0632,16.2432,37.4451
269.4329,162.9370,15.6040,36.9975
267.8004,162.5865,15.2278,36.4554
266.5648,163.6858,14.9291,36.5669
265.1176,163.2261,14.9148,36.8641
262.9852,163.6334,14.9982,36.8846
260.4832,163.3223,15.1053,36.8636
258.0620,164.0516,15.0625,36.8821
256.1081,165.1529,15.2034,36.8322
254.7695,165.8994,15.4627,36.8932
252.8015,164.0994,15.8460,36.5612
250.0827,164.5192,16.3448,36.5051
248.2356,164.2915,16.8372,36.2370
245.6305,163.5625,16.9963,35.7838
244.1063,163.9070,16.0299,35.2663
242.5104,163.5540,15.0005,34.5722
240.5411,163.3925,14.3317,33.5365
239.1056,165.3250,13.6438,33.4068
237.3963,165.0732,13.4099,33.9022
235.8827,165.2227,13.4532,34.3140
233.5726,165.0701,13.4149,34.8076
231.7503,165.3082,13.3341,34.9151
228.6889,164.3504,13.2220,34.9038
226.2067,165.8441,13.2628,34.5791
225.3005,166.2288,13.6461,34.1795
223.5640,165.4289,13.6842,34.6365
221.0634,165.0157,13.8795,34.8841
217.7718,165.0078,14.5183,34.6284
215.2103,165.9807,14.5815,34.1614
212.7719,167.8423,14.1643,33.7933
210.7661,168.5198,13.6649,33.1532
208.9073,167.9352,13.2955,32.3553
206.2428,169.1473,13.5439,31.2926
204.6472,169.0646,13.9059,30.1077
202.7874,169.5178,14.0746,29.1524
200.3058,169.2378,14.1568,28.5160
198.2755,169.2698,13.7498,28.1547
195.4850,169.7719,13.4525,27.9463
193.8511,169.3877,13.4652,28.1436
192.2884,169.4594,13.6088,28.5508
190.2900,168.9037,14.1184,28.7253
188.4091,169.2159,14.4018,29.0755
186.6924,169.5402,14.8327,29.0995
184.7984,169.0715,14.9093,29.3322
183.5756,169.6547,14.8432,29.4211
181.3679,169.5236,14.8925,29.3748
179.4558,168.7104,14.7104,29.7362
178.4952,168.6099,14.5522,29.7277
176.9249,169.5612,14.1973,29.5511
176.0214,168.7094,13.9732,29.2905
174.6791,169.5194,14.3776,28.9094
173.1285,170.2774,15.0870,28.4432
172.0557,170.5523,15.8213,27.9439
170.0059,170.6280,16.1801,27.8175
168.3609,170.6536,15.7699,27.8331
166.9694,170.3299,15.8380,27.6993
166.8889,170.0017,15.8202,27.3841
168.1164,168.1734,14.3884,29.1528
168.0193,168.6338,13.4706,30.1249
167.7618,168.1307,12.9362,30.7530
167.3880,168.8506,12.7192,30.7389
166.5254,169.2218,12.6205,30.2377
165.5969,168.4895,12.6312,30.1632
165.0107,169.9462,12.8382,29.7182
163.9568,169.9146,13.2994,29.3277
163.4852,168.8970,13.3301,29.9312
163.2150,169.1389,13.5499,29.8146
162.5807,169.0527,13.9864,29.6486
162.4761,169.2274,14.4949,29.6078
161.7841,168.9859,14.9326,29.4788
162.0093,169.4065,15.0850,29.4845
162.4460,168.4771,14.9119,29.8292
163.2607,168.5319,14.4899,30.3355
163.6766,168.0549,14.0707,30.6016
164.5859,167.4170,13.4386,31.1471
165.1434,167.3523,13.1454,31.3407
165.5943,168.0328,13.0512,31.6810
166.5759,168.5834,12.9989,31.7261
167.1194,167.8824,12.9760,31.5992
167.4911,168.2535,12.9008,31.5710
167.1754,168.3059,12.8332,31.3099
166.9710,168.1263,12.6931,31.2558
167.0743,167.8876,12.5202,31.8509
167.0084,167.2388,12.3751,31.8691
166.9902,167.4861,12.2294,32.0907
166.9004,166.8476,12.1557,32.0326
167.1948,167.1520,12.1176,32.4651
167.0117,167.7697,12.1548,32.2468
166.9277,167.3489,12.2505,31.8246
166.5543,166.9442,12.3585,31.9992
166.6240,167.2565,12.2382,32.0647
166.9175,167.4376,12.2580,32.2875
166.9434,167.0312,12.3706,32.0968
167.2062,168.2518,12.3799,31.9411
166.9617,168.5411,12.3231,31.5303
167.1339,167.5930,12.3327,31.3891
167.1553,167.8674,12.1693,31.2243
167.4119,168.5227,12.1011,31.1258
167.2282,168.3263,12.1695,31.0840
166.8857,168.2823,12.2095,31.1506
166.2597,169.4140,12.5758,30.6112
165.7938,170.1373,12.7895,29.9117
165.6200,170.7658,13.1135,29.1585
165.2787,171.0968,13.8809,28.4710
164.8573,170.9299,13.8874,28.2409
165.5468,171.5221,14.3019,28.0532
166.7549,171.5770,14.4174,27.8305
167.5939,172.2261,14.3151,27.5712
168.4030,171.7980,14.1512,27.5546
169.5391,171.5422,13.8630,27.3482
170.7445,171.4314,13.9649,27.1587
172.4239,171.8538,14.4343,26.9074
173.1222,171.5996,14.6802,26.7756
174.3664,171.4229,14.7810,26.7834
177.7843,172.1711,14.8837,26.5441
178.4080,172.1845,14.3546,26.5026
179.5565,171.9449,14.0579,27.0282
181.7582,171.7775,14.0564,27.1271
183.9858,172.2478,13.7676,27.2433
186.1980,171.4121,14.0035,27.0259
187.8601,171.5417,14.2089,27.1612
190.3745,170.9029,13.3727,28.0912
192.4004,170.1848,12.8780,28.2974
194.2989,170.8036,12.7922,28.1507
195.9114,171.2121,12.7987,28.0261
197.7414,170.7578,13.3409,27.9052
200.0130,170.5853,13.7349,27.6747
202.7901,171.1371,14.0891,27.2452
204.5599,170.6679,13.9408,27.3596
206.0533,171.3911,13.8902,28.0810
207.8989,169.5680,13.6037,28.9334
209.8470,168.7296,13.5385,29.1341
212.1810,168.6867,13.1085,29.2756
214.2390,169.7593,12.9076,29.4338
216.9051,168.7446,12.5029,30.1225
219.9902,168.3539,12.1426,31.1270
223.8592,167.1174,11.6952,32.0128
227.1646,165.9857,11.5159,32.8082
229.6198,164.7646,11.5901,33.1465
232.1924,165.7583,11.5978,33.0415
234.8156,166.4752,11.9537,33.2948
237.1395,167.3513,12.4064,33.4870
239.5469,167.0911,12.5522,33.5912
241.4110,167.5548,13.0393,33.2814
243.1338,168.0002,13.6288,32.2510
245.5435,168.1415,13.3614,31.9101
248.2215,167.5200,12.8549,31.4897
251.5971,168.2105,12.5864,31.8084
254.7842,167.7785,12.4622,32.5167
257.3418,167.0893,12.8269,33.0704
259.3538,166.3424,13.1545,33.4111
262.0256,165.2472,13.3999,34.0576
264.3858,165.9222,13.3827,34.4829
267.5883,164.9811,13.1175,34.6445
271.2334,164.1715,13.1300,34.2296
274.2212,164.2451,13.2362,34.3114
276.8410,164.4518,13.8573,34.4720
279.4544,165.2634,14.6437,34.7029
282.6297,165.5498,14.8568,34.8687
286.1297,165.8457,14.6351,34.8589
289.7998,165.2972,13.9905,35.2854
293.6895,163.3981,13.6546,36.5881
298.4975,161.9990,13.2826,37.9271
299.2094,162.6081,13.4511,38.5417
302.8521,162.2093,13.7054,38.4804
307.2676,161.6690,13.2764,39.4302
310.1909,162.3400,13.2996,39.6807
313.5942,163.9302,12.9005,39.9043
319.9513,164.6458,13.7398,38.7537
323.5665,164.4488,14.3095,38.2982
323.5457,164.7981,15.1766,37.1679
327.3474,165.9053,15.6839,36.3602
330.1208,163.1921,15.9510,36.1041
333.2702,165.1031,16.1213,35.7242
336.0916,165.7378,15.8564,35.3962
339.7100,167.3585,15.5142,34.9601
342.5924,166.9107,15.5883,34.7621
344.9019,167.9434,16.6436,34.4245
345.5895,168.1887,17.3625,33.6433
348.0905,167.7561,17.5849,33.2245
351.0122,167.7864,17.3379,33.4134
353.1101,167.6878,18.7568,32.1456
355.8384,167.7447,20.3049,31.1181
356.2065,168.3546,21.4651,30.6382
356.7411,169.2827,21.8043,30.7056
357.7214,168.8669,21.7457,30.7668
359.4258,169.9902,21.9659,31.1632
360.9031,170.7377,22.3522,30.7758
362.5854,170.5523,22.8712,30.3365
362.9142,170.7065,22.9040,30.0775
363.2592,170.5144,22.3019,30.7855
361.5648,169.5120,22.2119,31.0808
361.4685,168.7195,21.8445,31.5293
362.5588,168.6358,22.0982,31.3542
362.7328,168.8594,21.7534,31.8410
363.4943,168.6852,21.6203,31.6892
364.3726,168.1476,21.6057,31.2596
364.6324,167.9288,20.9970,31.2856
363.9385,167.9368,20.7897,31.1329
363.0714,166.8040,20.7726,31.1198
363.7992,165.8472,19.0639,32.5497
