1
286.9982,76.3653,63.0667,225.8945
285.9700,77.7960,65.0015,225.6099
282.8073,78.9032,66.8466,222.8025
278.3672,80.2629,67.5370,218.9863
278.0156,81.3028,68.0887,217.2427
273.7533,83.2415,68.7557,215.8265
271.5536,84.7611,69.3385,216.4892
271.4107,84.2056,69.8482,216.9469
268.6476,84.2141,69.5699,216.0418
264.0248,88.3579,70.4356,214.2922
263.4918,88.4810,70.6243,214.2404
260.1065,90.7673,71.5711,212.0554
255.1387,95.0140,72.5158,208.1794
254.0473,95.8227,72.8682,204.5521
254.2642,98.7787,72.6425,201.9376
251.5685,101.9081,72.9122,199.4344
251.2639,100.4912,72.4783,198.8064
248.7886,103.7054,73.4658,198.0378
244.6865,107.6503,74.9723,195.8489
239.6162,114.3176,80.6567,189.9631
238.2028,117.7437,84.3332,185.3190
234.4863,122.5040,87.8483,180.6724
224.8324,123.9537,92.1135,178.1003
231.6335,121.8445,94.3902,177.2927
253.2810,109.8683,93.7439,181.0329
226.7326,122.9386,99.1122,174.5558
217.8234,131.4975,102.4681,171.0097
236.0080,118.0143,110.0672,164.2890
237.0085,115.1209,103.1147,170.6593
236.0997,114.0592,98.3555,175.1359
235.0540,116.3520,93.2870,180.5436
255.8867,101.3558,88.3791,186.6022
257.8033,101.1808,84.9394,190.2978
258.2257,101.9940,85.2095,191.1359
251.3493,118.3461,95.9059,179.4111
254.1043,119.1784,102.8131,172.3530
245.8164,127.7740,108.3741,167.3466
236.5346,141.6635,114.6867,164.5034
240.6753,138.6462,118.9385,163.7431
232.0105,137.5800,122.7295,164.0929
229.3648,131.6699,127.6448,162.8865
232.6030,129.5549,132.0604,161.7739
271.7106,114.2516,122.7932,173.5370
290.3181,102.8194,116.0435,182.1007
299.8480,97.2202,111.9280,188.2524
294.5401,91.5324,107.3477,195.4644
290.3865,81.7117,103.6581,202.4998
284.9073,85.6860,101.5710,205.2372
281.6303,81.0222,99.0414,210.4934
274.4968,80.2574,97.8351,211.8580
274.7560,81.2900,97.5249,212.9691
273.4963,80.9159,96.1163,213.0590
271.2946,85.3581,93.7836,210.9397
272.4758,86.3472,93.0310,209.2542
271.8082,89.4592,91.9250,207.8525
268.5820,94.4926,91.6856,205.1291
268.3660,97.5045,91.8264,202.3395
267.3597,100.9636,92.2836,199.1047
266.3756,105.9787,92.9065,194.6751
266.9407,107.2604,93.7799,190.8663
262.8994,111.3048,94.8661,187.6566
275.3637,114.7519,105.0226,177.8694
270.4754,116.8403,111.7964,171.7218
265.7124,118.8168,120.1973,166.9942
275.8637,118.5156,124.8205,162.4438
266.2851,122.8415,130.6929,157.9276
273.6330,121.9721,133.9567,156.5317
269.3153,123.3911,136.4683,153.8660
267.2242,125.1942,138.5295,151.2706
261.8257,125.8013,142.4147,148.3521
281.7205,110.8602,125.4879,164.5434
276.0841,112.4649,128.9649,161.8316
294.9402,105.1605,116.8094,173.1295
292.2787,98.9192,107.2778,182.6475
293.7126,97.1581,101.0729,187.6187
290.6582,90.4549,96.1821,192.5545
276.8064,105.7336,111.2804,178.2748
266.9873,108.4456,121.6508,167.6050
260.2627,113.1359,130.7679,160.6010
261.9197,113.5189,132.1653,158.4228
261.4415,114.9038,132.0624,156.5366
267.2303,112.5946,127.2214,159.5952
279.8095,101.4996,108.3599,173.8946
286.0687,95.6649,95.5550,184.2216
289.5428,92.9029,86.8428,190.0070
294.8578,92.7918,82.2907,190.7051
295.4858,96.7665,80.1559,189.0048
303.6577,96.6323,79.2832,191.1450
306.7691,92.4077,76.9303,189.2912
307.7177,95.3270,76.7379,187.5224
309.4194,94.1177,76.0967,190.0760
309.6751,89.4753,76.5477,188.8150
309.4374,90.6042,76.3406,189.4862
311.4557,86.1039,76.8902,188.2626
308.9165,80.8188,76.8998,189.8779
308.7051,81.4542,76.7366,190.4617
307.3303,80.5768,77.0007,192.2129
302.1959,77.0411,75.3488,195.2317
303.6612,77.2549,74.4980,196.6249
300.2730,76.0009,73.9813,198.0917
298.5289,77.2899,73.3168,201.7598
301.9994,74.6719,72.9520,205.5318
299.6737,74.0179,73.6875,208.6628
289.0878,72.1214,74.7968,210.7151
288.7274,69.9311,75.6470,212.7002
283.4351,68.9197,74.7004,214.9785
263.4421,73.5398,81.0124,209.1049
264.3226,72.6737,84.6486,206.5839
260.6093,76.8223,89.4997,204.1453
258.1259,77.0298,92.0845,205.5661
257.0944,74.7513,94.4685,206.9143
250.0237,94.2998,102.1771,201.4433
274.5446,73.6588,100.2712,203.3335
254.4259,77.0174,101.0352,204.4679
241.5865,87.0041,112.4397,196.6078
233.0966,92.7283,123.0177,188.7911
224.2701,97.6848,132.6743,183.8668
217.2692,103.9226,136.7519,182.0951
236.6400,88.9248,125.4546,192.3587
246.0959,82.2990,117.4086,197.2584
256.6615,74.4314,108.2734,204.7617
267.9000,73.2137,101.6954,211.7279
272.3306,71.6379,96.6235,216.7311
275.7307,69.0777,93.3373,221.4681
275.5863,56.3107,91.1505,224.0146
280.0373,59.2099,88.8927,226.0266
285.8795,56.1584,87.2798,226.7784
293.4253,60.3270,86.7547,224.0385
292.5647,60.7345,84.3632,223.5277
290.8667,62.3528,83.4328,222.8074
288.3705,68.9740,83.5363,220.5690
290.7573,71.2383,83.6312,218.9586
291.5005,74.2798,84.3390,217.3756
289.7970,83.3919,86.5442,213.5244
290.5534,85.7257,87.9955,210.7510
284.9913,81.2802,89.9392,209.8520
283.1201,89.9354,90.4579,207.2137
285.1769,94.2269,90.4162,204.9049
283.2795,98.3951,89.7915,203.5422
279.7314,93.7283,90.1283,201.5318
281.6491,100.0977,89.2917,200.2869
279.5268,96.3390,89.7241,197.7736
283.5519,104.0164,90.0518,195.0937
280.2711,98.4062,90.6438,192.8496
311.7816,120.5312,99.6026,184.1790
294.5617,116.0296,101.8018,181.8000
275.5356,103.9487,101.0395,181.3747
276.8096,105.9250,100.3838,181.0047
293.6889,112.9582,103.6939,178.1268
274.2599,100.2123,102.5412,177.7269
272.5178,98.2351,101.3664,177.3517
267.7796,94.7985,99.2708,175.9661
268.0322,96.1525,97.0808,175.1432
273.0414,96.3936,93.9244,174.0539
254.8911,74.0034,91.6388,174.5071
256.2133,74.0384,88.5804,174.8005
255.0417,73.1511,85.6901,176.6688
260.7375,82.0999,84.7048,180.3406
261.0457,83.0485,84.2333,182.1039
258.5501,80.6182,81.7972,186.3819
265.0402,88.4291,82.4348,190.4231
262.4431,84.2813,83.6318,192.6277
260.1545,82.3274,84.1290,196.5750
255.6981,84.4758,84.9247,197.8414
256.1304,83.9744,85.1634,198.5905
255.7671,82.5171,84.1335,201.6452
250.9435,77.9646,81.2655,203.2759
250.3712,80.8443,79.2076,203.3135
250.7500,77.0737,76.6648,204.4115
246.7969,78.3668,74.9288,205.2358
245.7570,84.9263,73.1385,202.2433
242.5524,81.8133,70.8773,202.2261
237.0648,81.4812,69.4487,201.0958
236.1971,80.4930,68.3259,200.2804
235.7390,80.2388,68.1209,199.8909
236.9355,80.1494,68.2109,199.4073
237.2994,80.3089,68.2030,198.9423
242.7397,84.4271,66.8096,196.9930
249.7315,86.1308,64.9507,197.4223
251.4911,86.2034,63.2854,198.5652
252.5444,82.4517,62.5375,201.7084
257.5553,75.6451,62.0862,206.4024
255.9207,73.3149,61.8196,209.5684
258.4439,70.7736,62.5452,213.1082
264.0296,69.0232,62.9189,215.8485
263.0976,68.6540,63.3533,217.4038
264.4537,68.6812,64.2329,219.4659
269.1375,72.2905,64.5100,220.6176
269.1602,68.2074,65.5393,222.6596
270.3535,74.4768,66.6457,218.9781
275.1764,79.5970,66.8668,212.3090
274.3029,81.4247,66.4244,208.8067
277.9867,86.8007,65.3958,205.8164
283.2935,94.6326,65.0784,204.2418
282.5672,96.2748,64.7369,202.8744
284.7458,96.3076,64.0795,203.8572
288.5959,98.8000,63.4714,205.4363
289.4311,97.3003,63.2495,205.7704
290.9438,97.9861,62.6117,206.7906
297.3061,95.9739,62.0965,206.2356
298.5092,96.4904,61.9007,206.5887
299.6194,94.6590,62.7947,209.2652
298.2426,83.5876,62.5599,214.5205
299.5745,82.2078,63.0533,218.2502
296.8872,77.4977,62.9861,218.7230
293.6260,74.9624,64.5824,219.5945
293.9265,75.3621,66.0773,219.1164
290.5977,75.9526,67.6803,220.7543
282.0673,74.6636,70.9701,219.7579
280.5011,75.6846,72.4862,219.1002
274.4064,75.4274,73.4673,218.1821
265.7799,77.0731,74.5918,217.4516
263.1096,77.5350,74.3727,216.1327
262.0512,78.9292,73.0571,215.9887
270.8926,77.7172,72.2549,213.0759
273.3044,76.8646,71.8836,213.9158
279.2490,75.2410,72.1082,214.1176
284.3774,74.3634,73.4036,214.2630
281.9499,76.3807,74.5210,213.5020
280.6191,69.7721,74.9119,215.1502
279.6019,65.5962,75.1266,215.9209
279.4538,65.2359,75.3953,214.6851
279.5930,64.2829,75.6218,215.2558
280.8123,69.9192,75.1187,212.5421
280.6593,70.0194,74.6780,211.1860
284.2501,70.5434,74.8060,208.9110
288.4147,71.9761,75.2845,206.3137
287.8776,72.1262,75.6711,205.0724
289.8568,73.4842,75.4030,204.2044
292.8238,78.3473,74.9750,201.0788
292.7407,80.1245,75.1108,199.2057
293.8389,79.9057,75.0188,199.1931
298.6820,79.3664,75.4284,196.6810
299.1180,81.9986,75.9431,194.2506
300.8162,83.1568,75.9183,193.1358
306.5464,83.4896,74.9676,189.3448
306.0146,83.4814,74.5516,187.6086
308.0083,81.0032,73.3965,186.6427
310.7290,79.4200,71.2863,187.0765
310.7536,81.6256,70.4411,186.2166
310.7400,77.9561,67.8358,187.8027
314.1246,73.2916,65.9779,191.3091
316.3528,72.0837,64.9136,193.8027
317.1835,67.8057,65.5378,195.5745
316.4622,61.1728,66.5658,199.1630
315.1152,59.2861,66.7905,201.9987
316.6824,57.1642,67.2709,203.8092
325.6857,59.3221,68.5369,198.6855
325.9044,61.4094,69.2977,196.4627
324.9066,62.6626,69.1737,193.3382
325.7111,69.7189,68.1554,190.6932
327.1795,73.3738,67.6929,189.0471
328.0634,74.3073,68.5048,187.5933
328.7608,72.6640,67.3846,185.2380
330.3882,73.3629,66.5446,184.3615
329.2596,74.4419,66.2297,181.8363
324.6867,74.2676,67.6502,177.6737
324.9934,75.3572,68.4757,175.6450
322.4101,76.4447,68.3288,175.2015
326.4720,74.3909,68.8226,176.8396
325.9154,73.3412,69.2660,178.2071
322.2727,75.0390,70.4768,177.1956
318.5351,71.8163,71.3722,177.0982
316.8586,72.0411,71.8975,177.9238
317.1267,72.0878,71.6083,177.5212
321.1393,72.2622,71.1675,178.5139
321.6817,71.7322,70.2267,178.9457
325.9221,71.2139,69.1774,179.7161
326.8688,73.9777,69.5689,177.6869
329.1015,76.4420,69.9191,175.4299
329.8089,78.4267,69.5372,174.4268
328.0218,79.0220,70.0285,173.7874
329.6351,76.1754,68.7963,175.2510
330.1809,75.0107,68.9181,176.2050
328.2937,73.0205,68.5416,177.3115
326.1724,70.5723,67.2989,177.0882
324.3664,71.2984,66.0929,176.5264
319.9677,71.8382,66.0888,175.5595
311.1526,73.5028,73.0242,172.2594
308.2202,75.3345,78.4273,169.1977
304.3972,76.0613,84.1177,166.6364
297.7110,86.0695,96.6818,156.7064
294.9325,84.1018,97.2024,156.2474
286.3178,93.3041,108.5068,146.9500
278.1909,99.7254,115.9512,139.7657
275.9643,103.1094,120.7467,134.7081
269.9429,103.2262,125.1995,133.3056
266.7390,102.8365,125.9272,132.1549
260.5840,104.8332,127.6193,131.7930
257.9335,102.2382,127.9242,134.6879
260.9200,100.6453,127.3246,134.9245
261.9409,99.6203,126.8803,135.1985
254.2924,97.8777,125.8772,138.0798
254.6787,93.1049,121.7090,142.4697
257.4485,91.3634,119.7127,144.9404
263.4973,87.5676,116.2058,147.2963
267.5664,73.5693,102.7344,157.8022
268.1249,71.9752,92.9969,163.7776
270.4682,69.9908,83.7695,167.3242
266.2123,69.4954,74.8158,168.8749
268.9371,72.2572,69.3306,169.5478
268.9299,72.4302,65.8322,169.3751
266.7472,73.5085,62.8416,168.2052
266.7861,74.9401,60.8025,166.9356
268.4756,74.6809,59.7156,166.2538
270.0495,75.9608,57.4965,164.3600
272.2258,76.5546,56.0605,162.5441
271.2945,79.4989,55.4969,160.5791
270.5765,77.3009,53.7802,159.7459
271.3724,76.6143,52.3981,159.8875
271.5750,75.9743,51.7236,160.3589
272.9885,74.4860,50.5033,160.0527
272.2219,71.9086,49.8404,162.4886
274.0452,72.5971,49.5348,161.8079
276.0862,69.6536,48.6673,163.5229
275.8444,71.0698,48.3201,163.9786
276.3580,69.9791,48.3187,164.9962
273.4785,69.3377,48.6464,164.0498
274.2118,74.1982,49.5677,162.7554
275.1230,77.1652,51.2501,161.7308
278.8643,71.9787,52.4801,159.5750
277.9526,75.3681,53.2158,158.4995
278.9045,76.9251,53.4618,158.8822
280.6114,80.9467,53.1995,156.8064
279.6476,86.4168,53.2046,156.0990
280.6188,84.4638,53.5367,155.9695
279.5265,86.8894,53.5679,155.0605
278.9159,87.1969,53.8421,154.4261
278.0126,88.3441,54.3564,153.4553
286.1595,85.5717,54.7130,151.7466
283.0759,90.1944,54.4893,150.4804
282.9296,89.4418,54.2032,148.3622
281.0661,92.8985,57.2319,146.3325
278.3598,95.4307,58.5093,145.7940
278.5335,93.5828,59.6427,146.0023
280.2919,95.3769,61.3054,144.6471
280.1816,94.2436,62.4481,143.9893
281.5023,94.7731,64.2130,142.9488
284.5088,95.6316,67.3613,141.1198
282.3668,94.7580,69.6758,140.4080
285.4070,93.6442,71.1371,140.1994
291.6661,92.2762,71.9126,140.2115
292.0177,93.4782,72.9893,139.7670
295.3209,91.6495,72.4452,140.8911
304.0293,93.3484,70.2419,141.8669
302.2803,93.7854,68.8296,142.1680
302.1849,92.0115,65.4997,143.7314
306.5419,93.1826,62.5343,143.3295
302.7668,97.3015,60.1767,141.5672
306.6597,94.4063,59.0268,142.1370
297.5124,86.8613,53.9562,145.8659
299.2279,89.5079,50.8657,147.2054
295.8103,88.3650,49.8425,147.2624
290.1021,88.5929,50.0946,149.7882
290.4971,88.4275,50.0684,150.6492
288.5358,85.5795,51.0876,152.2225
292.5951,87.7253,52.9311,152.8846
290.2317,87.4602,53.5352,152.6637
286.7226,89.7105,55.1524,153.7359
284.9963,88.5095,54.9538,154.8725
284.8708,87.2635,54.7984,155.7184
283.1051,83.4495,54.1573,157.6107
278.9622,81.9516,52.8497,157.6127
278.1855,82.7489,52.4435,156.8724
276.1220,85.4158,52.8335,155.8644
273.8941,89.0673,53.6646,153.5829
273.2970,91.9079,54.1455,152.0159
269.5747,89.7825,55.4553,153.3719
271.6235,87.0552,55.9793,155.7690
267.9291,85.0316,56.5253,157.2912
271.2242,84.8711,57.3666,158.6159
278.6317,85.8095,56.4873,159.5580
278.3066,85.4602,55.9939,160.2082
284.0625,88.7219,57.0890,159.9567
292.0695,93.8711,58.1867,156.9693
291.1544,95.3110,58.5527,154.8227
294.3362,93.9463,58.1205,152.8593
296.7473,94.4797,58.4354,153.2329
297.2650,94.8720,59.1695,153.4406
298.0086,93.7668,59.6990,154.3754
302.3500,95.6973,61.6403,153.6403
298.7711,96.2283,63.1568,152.9442
299.9909,99.2136,64.5582,151.5466
304.9130,100.5553,64.1591,150.6635
303.4056,99.7101,63.4951,149.8532
301.3157,100.9228,64.4102,150.2164
303.8656,104.7727,65.3647,147.6220
305.3743,102.6941,64.2860,148.5324
307.4500,102.9037,63.8963,150.1529
310.5381,104.3472,63.4674,149.7128
310.9793,103.8293,62.4837,149.4995
315.1668,105.8742,61.7041,148.7812
304.0274,105.9853,62.2001,148.0094
303.3436,103.8309,62.2477,148.2420
299.2858,104.4776,62.4303,148.4497
288.3415,95.1402,64.1973,150.1682
285.3293,93.1791,65.3638,151.0679
317.1455,116.4122,74.7444,139.7569
335.7003,121.4854,70.0359,139.5784
339.9593,120.3891,64.7650,140.3653
342.3728,124.9893,62.3789,139.8791
340.6989,124.1302,60.6607,139.2035
345.4206,124.3972,59.1726,139.6288
339.4995,124.3505,59.6991,137.5997
337.6849,125.7075,61.3189,135.1978
336.7658,126.3408,62.3451,133.5038
333.1190,127.8118,63.5409,132.4312
324.3588,128.4309,64.1271,131.3453
324.2365,127.4962,64.3848,130.5484
319.8721,127.1347,65.4357,130.9181
312.9410,125.0925,65.0556,131.6691
312.0697,124.7363,64.6878,132.7074
308.8055,124.6088,64.5397,133.5816
305.4916,120.7488,64.1399,133.9742
305.6973,120.9358,63.8367,134.2517
306.4929,117.7224,63.5821,135.5228
303.4097,112.4320,62.5899,137.1760
302.9962,110.2327,61.3342,138.9392
263.9265,100.3669,56.9534,146.9817
268.1281,101.7472,55.2924,149.0969
266.4052,102.7805,54.5329,149.6289
267.1859,108.8459,56.0162,148.7062
282.7024,109.8061,58.0663,148.2678
291.0264,112.0583,59.9861,147.4907
287.3102,112.5909,62.3377,147.5189
283.2490,115.5466,64.7619,146.5853
280.1213,115.9295,67.5752,145.5942
285.1738,114.7451,68.0016,147.0979
271.7084,117.6474,70.3754,144.9513
280.1770,109.3868,68.8831,146.5916
273.4437,113.8111,68.5721,146.0006
271.4192,116.5083,66.8976,143.5946
272.0582,117.9384,66.1333,142.1650
269.7548,118.8338,65.6774,141.6226
267.4883,115.8831,62.9675,142.2288
267.7318,115.4734,60.6587,142.6354
268.0687,112.4485,59.6936,143.9854
264.5783,106.5204,58.9992,147.3234
264.8981,105.3860,58.6146,149.6429
264.2886,101.9582,58.3574,151.3836
266.6331,92.6704,55.1161,154.8810
267.0281,90.6333,54.6671,157.0325
269.8569,87.7369,54.2948,157.8806
277.0392,94.2357,54.7805,157.6548
275.8259,94.4710,53.5262,157.9992
279.9387,95.1249,53.8966,159.7373
283.6826,98.1161,53.7308,160.9036
284.1688,99.6008,54.7580,161.0309
288.6585,102.7947,56.4307,160.1855
290.9035,109.6532,57.8053,154.7165
290.6620,111.5983,58.1051,151.5298
289.6467,115.0349,59.3424,149.0573
289.0983,120.5466,61.1381,145.4660
289.7645,123.4237,62.3261,143.0370
285.0754,125.5424,64.7100,140.9952
277.3087,124.5149,65.5663,141.5888
278.2773,125.2201,66.4062,142.1485
275.4089,123.0649,66.9393,144.1835
259.0079,121.3008,67.6592,146.3075
262.5977,120.8338,69.0199,147.8806
251.7337,119.6117,69.1025,148.8508
257.6701,123.0942,82.4863,140.5895
251.3767,124.0369,91.1021,136.8484
243.1818,124.5057,97.0504,135.9419
241.5437,121.1349,101.9999,134.4443
236.6883,120.6610,105.0027,135.6107
233.1808,119.8071,105.7353,139.5464
231.8344,116.8313,104.1149,144.0166
232.4479,116.1104,103.9602,147.3994
234.4003,113.6365,103.9191,150.1408
238.4104,109.8076,103.8440,151.0725
238.0675,108.0555,105.3630,151.2857
243.8316,110.6026,106.4257,151.8559
247.0054,111.1746,107.6499,152.8608
247.1559,109.4856,108.2885,154.3535
245.6279,111.9635,109.7105,153.9414
244.5483,115.8840,111.6285,149.8351
242.2153,117.7732,113.3763,148.2179
242.3331,117.1783,114.5205,147.4419
242.6283,119.5193,115.6686,146.1378
243.1378,119.6913,115.9921,145.6633
243.4664,118.3057,115.9270,146.3338
247.3520,111.5725,109.4598,150.9324
252.1385,106.0010,103.0215,155.2098
254.4826,106.8901,96.3688,158.2750
258.7142,100.6313,89.6829,163.4628
260.0871,99.1870,85.4355,166.4417
263.3203,94.2787,80.1616,171.4202
268.5642,88.9182,74.1123,175.9378
273.5495,88.3361,69.6713,179.6775
276.4179,88.3577,66.7220,182.0136
277.9413,90.2343,64.2000,181.4171
279.4749,92.3136,62.3040,179.7743
280.9456,93.1875,62.2352,178.0713
281.0874,90.1703,60.9959,178.7748
282.4650,93.1324,60.6090,176.1745
283.7831,91.5472,61.0719,175.1093
287.5164,91.4197,59.6403,174.9475
291.0656,91.6867,59.2167,175.3427
294.5198,92.5011,59.1704,175.4443
295.3426,93.3379,59.3990,176.3569
295.1124,92.4525,59.0529,177.3570
294.5865,94.3021,59.6106,178.0876
296.8645,99.8996,58.0682,179.0893
297.2618,92.3319,56.3176,183.2520
299.8653,99.0443,55.9877,185.0169
299.4315,98.1877,55.5426,185.6269
299.3817,103.5593,59.6345,179.3664
298.6234,109.1433,62.8735,174.6877
294.2076,113.4505,64.2795,172.8483
293.8525,115.9188,67.3914,167.7176
289.7153,117.5844,67.9797,166.8428
284.0848,116.9903,68.8797,166.7225
283.4286,117.5124,69.6167,166.4049
281.2285,117.8167,69.7391,165.0477
275.5102,115.6727,69.0248,165.3868
276.7379,115.8041,67.9927,165.5951
277.1978,114.8529,66.4936,168.6290
276.7621,113.7433,65.2365,171.1303
272.8025,109.9885,66.8722,173.2747
271.4824,107.5653,68.7165,176.0410
271.3626,101.5705,69.4436,181.2466
270.9590,102.8924,71.4871,182.0761
267.0914,103.3099,73.3492,183.0744
265.0882,103.0199,75.3406,184.4528
263.8819,109.2612,76.3657,183.7135
274.1141,108.2272,75.8095,183.5083
267.8565,110.4220,77.0920,182.6702
265.5229,116.7826,77.5228,180.7133
263.2658,117.2917,78.1849,179.4574
261.6964,118.9361,78.3791,178.2169
261.3293,116.8952,77.6475,178.7093
268.3824,116.2563,78.0992,179.6005
263.6908,111.1658,78.1895,181.5993
259.2634,105.0573,76.0608,184.4002
259.2327,104.6822,75.0023,185.6486
258.0347,104.6859,74.5644,186.4738
257.4533,100.7429,74.0383,188.5911
258.8297,101.7255,73.9005,189.3670
240.7265,90.5994,76.2748,192.1386
226.8467,81.4539,70.3491,199.6946
227.0144,79.1262,66.5041,203.8643
228.1514,76.2585,63.4191,206.9012
235.4064,73.4491,60.8956,212.2583
233.6040,69.5394,59.3899,215.5704
238.5576,68.3750,59.2556,218.8680
257.7293,80.8088,66.4437,214.1393
252.0494,88.3309,70.9083,210.3214
244.2486,87.7285,70.9157,210.0414
243.1916,85.4677,74.8875,208.0534
244.3492,91.1729,80.0309,205.8675
246.7526,90.7609,84.9396,204.2785
251.2683,88.9708,89.3646,203.5013
247.2755,86.7734,92.7567,203.5782
249.6264,86.2260,95.6503,205.3176
260.5083,87.2514,97.0069,205.6895
258.8016,85.7093,98.2171,206.1941
263.3845,86.0116,99.2058,207.6999
268.4673,87.0041,100.6668,209.3404
267.1944,88.0023,102.1332,210.0117
268.3053,86.0810,103.6377,212.0497
274.2666,84.9024,102.4071,212.7639
271.6166,85.7873,101.0764,213.7439
274.3149,82.5764,99.6746,215.8300
262.3102,71.2288,95.8087,218.1378
250.7051,72.6414,93.3048,219.8275
252.9910,71.6000,91.6296,221.0334
257.0523,73.0120,90.5693,220.8660
260.0252,71.5817,90.8502,221.7912
261.9983,75.2074,89.6470,220.6571
259.5921,79.6479,87.3508,218.8397
258.3698,80.1960,86.3393,217.2260
261.0318,83.7645,86.6553,212.0703
256.3596,87.8466,87.1619,210.9578
256.7034,89.1029,88.4190,209.2957
252.4774,91.3648,89.1595,208.4634
248.6177,89.3453,90.5028,207.4672
247.3571,89.6351,91.4276,207.1593
252.3532,85.3958,89.7155,209.2933
260.5992,77.3592,85.6188,212.5868
260.5236,74.3139,83.2454,215.5181
264.3988,73.1459,84.3460,214.8482
275.5056,73.9074,87.9563,211.9218
276.9803,74.1193,89.9915,211.6897
279.8519,76.5904,93.0419,212.2881
291.2570,75.0257,92.9658,214.8465
289.7379,74.2665,92.9344,216.6301
292.2433,74.4454,94.4407,216.7803
285.1532,70.4144,94.3709,215.8308
283.5930,70.2311,94.6139,215.5490
280.7986,67.7355,95.2938,216.2146
282.3151,63.2559,95.0715,220.4065
277.7002,60.7310,91.5952,223.9937
267.2736,51.5309,88.7138,225.5536
259.1649,49.2259,87.4578,225.8143
261.8948,50.1089,87.6335,226.2398
2
0
0
0
0
1
379.6841,73.5874,86.5339,193.6135
384.3444,74.9961,85.5613,200.6057
388.9612,74.2447,85.5835,204.0479
402.6754,75.9884,84.6914,204.3153
402.3961,74.3954,84.2877,204.4896
405.7366,78.1042,84.1171,205.6192
407.6031,81.2554,85.6002,203.2970
407.2900,84.5345,86.2657,200.1640
408.9873,89.0700,86.7755,197.3574
412.3455,95.3031,90.9398,194.0981
411.0609,96.3238,93.0884,192.4463
409.7780,95.8811,96.3225,190.6905
397.5536,98.9696,101.5230,185.3737
400.5134,101.6820,107.7864,180.2813
399.2215,104.4994,112.3608,176.6221
395.7162,102.1593,112.3811,174.7136
393.2551,98.2680,109.4204,174.4289
391.0114,100.3053,106.0552,173.9233
392.7697,95.5826,101.6210,178.1844
392.8435,92.1372,96.8520,181.8753
391.6865,87.8659,92.3112,187.9418
389.1594,78.9120,84.9401,192.2902
386.9077,77.9028,80.7669,193.6247
386.8470,76.7687,75.5228,199.6254
390.4586,75.0249,70.8045,203.3462
391.3783,74.3379,67.8988,206.6998
392.6178,74.9031,66.2919,207.7228
394.6348,80.8727,66.0079,204.1274
394.6281,81.8759,65.3454,202.6682
395.0142,83.6622,66.2463,199.9266
394.0254,87.7650,67.4933,196.8634
394.0471,89.7694,67.8694,195.3478
392.2044,90.7993,68.7907,195.2984
390.3318,87.0115,68.8049,195.0700
390.7388,88.6363,68.9073,194.9321
388.1235,84.9607,67.2327,197.9087
382.5349,76.6560,63.3810,202.9177
383.2969,75.4813,60.9344,205.7087
382.4059,77.1842,60.5123,207.4626
381.4742,87.7864,61.7140,205.2438
381.3696,88.2125,62.1581,201.8232
379.4269,92.3301,63.1213,201.0068
379.0227,95.5538,64.4574,198.5765
378.6055,97.5037,64.7777,195.7467
375.3649,99.9376,65.6536,194.4905
375.4712,100.3091,66.6348,190.3246
375.9332,99.9980,66.4263,188.9950
375.1419,104.3335,67.5439,185.2111
373.9243,103.7995,68.2094,184.9966
374.6874,106.5180,68.9335,183.5965
374.2927,105.6217,69.6900,182.9943
373.6763,100.0258,70.2511,183.1315
373.4792,99.4563,70.2369,184.9429
370.8860,102.2922,70.5106,185.2797
367.1292,94.1864,70.0733,189.3182
367.3380,88.8145,69.6590,194.6006
366.8100,86.1925,69.0061,196.9935
364.3722,88.2273,69.0101,196.4824
363.5555,87.5464,69.3219,196.5865
362.3341,91.2799,69.6698,196.1962
356.1909,97.5578,73.2225,191.3646
357.0455,99.7210,75.5306,186.7113
352.2819,102.1283,75.9974,183.1795
348.2971,106.3606,75.0578,178.5769
349.4288,107.5745,73.6302,175.7648
346.2522,111.7863,72.8579,172.1816
339.5124,113.7352,70.9337,167.9975
341.4304,115.0275,69.2571,165.5200
337.8696,115.8355,68.3085,164.9131
331.9612,117.6096,66.7155,162.8233
333.5140,117.4860,66.4817,162.1173
330.1525,117.7478,66.5727,161.7108
324.9388,120.1973,66.6594,160.8956
323.6312,121.7268,67.5555,159.2541
318.6508,123.1530,68.4036,158.0566
313.1693,125.2438,68.1228,158.6938
312.8090,126.5833,67.8843,157.9907
311.9670,127.6249,66.9006,158.4017
311.1859,125.9581,66.2118,157.2131
311.9399,124.9296,65.6588,156.9032
311.4896,124.0417,64.5172,157.7707
308.3706,118.1857,61.3204,159.5779
307.1662,119.3545,59.4353,160.6511
304.9808,119.1588,57.9643,162.0400
303.8506,118.1963,58.4871,163.6769
302.3275,122.3924,58.9861,163.9315
300.1291,120.5628,59.6761,166.2149
300.6499,112.3198,57.9774,174.0365
300.2068,112.2263,57.1815,179.0274
302.8391,109.4403,56.7988,182.6488
308.4186,98.2949,56.2949,186.7407
309.0775,99.2396,56.0068,190.4141
311.7825,99.1121,56.0085,194.4798
317.1162,101.4425,56.8022,195.7797
317.5722,99.4596,57.1633,196.7146
319.9084,99.8757,57.3094,197.3865
321.3588,106.1056,56.4505,195.9146
321.9233,106.6396,55.8182,194.8810
322.2870,112.2201,55.7665,194.0447
325.0597,117.7287,56.7891,191.7583
325.3497,119.5070,57.6315,190.0497
326.8479,115.8973,57.7136,190.9618
328.6289,116.3697,58.9580,191.4967
326.9934,113.9869,60.1768,192.5947
