1
1100.6971,613.4492,40.0116,49.5219
1098.5404,611.2920,41.4302,48.2728
2
0
0
0
0
1
911.3087,608.7728,55.4091,60.7143
906.9042,609.8062,56.5998,60.5930
912.3304,611.9911,54.2028,60.8945
914.2809,610.7233,53.8069,59.6253
2
0
0
0
0
1
808.1750,554.0349,39.6112,42.6415
805.1973,553.6445,38.4484,44.7271
803.5096,553.7782,39.1164,44.5955
800.6360,554.2512,40.5396,42.9378
798.0536,557.0541,42.4851,40.6588
798.5417,558.6993,44.6709,37.6787
794.2267,561.1627,50.5578,32.6588
791.2206,562.0401,54.3531,30.2916
791.0790,560.0433,54.2474,29.7974
796.5997,558.2158,56.1653,30.1082
801.0652,558.2509,56.2711,29.4101
796.1581,557.0497,56.0520,29.3963
799.1470,556.6347,51.7644,33.0627
2
0
0
0
0
1
762.4684,502.5744,40.6217,15.6368
751.4678,498.1520,40.5555,15.0882
741.1791,492.0223,41.1710,14.3360
725.8583,485.3254,40.5593,14.2530
713.9971,480.6652,38.0407,15.7773
702.6703,476.7213,37.7071,16.1410
689.7855,472.7397,37.5952,16.6210
2
0
0
0
0
1
471.0460,445.8962,39.2069,21.2970
449.2263,439.8716,37.0359,24.5319
422.4788,434.5566,34.8882,26.7041
2
0
0
0
0
1
2
0
0
