1
141.3699,27.3019,30.9375,126.1138
140.7672,26.3390,30.7316,127.7737
140.5345,25.5551,30.6140,128.6302
140.3719,26.7455,30.6438,128.7369
139.7926,26.0400,30.5779,129.3133
139.3077,25.7425,30.5333,129.6536
138.8105,26.7952,30.6056,130.0317
138.1293,26.8268,30.5339,130.1753
138.1282,27.4431,30.3316,129.6599
137.5231,28.1850,30.4114,130.0395
136.7885,28.8466,30.0538,129.9593
136.3876,29.1238,29.8394,129.9744
136.5070,30.1310,29.7510,129.4095
135.5857,32.4975,29.9963,129.0726
135.2068,31.0344,30.1978,129.5013
134.5067,31.9117,30.2010,129.3520
133.5630,30.5288,30.2745,130.0673
133.9374,31.3456,30.2968,130.2148
133.3658,31.4702,30.4236,129.8860
134.4275,31.1360,30.4319,129.0638
133.9974,29.1771,30.3294,130.1460
134.7627,29.5621,30.1099,129.8723
135.5900,30.3394,29.8181,129.4927
135.9751,28.2077,29.9202,130.1894
136.5957,28.8752,29.9830,130.3305
137.0241,29.1026,29.8887,129.8972
137.3673,28.8487,29.8331,130.0114
138.1320,30.0103,29.8835,129.6154
137.9508,32.1542,29.9001,128.6834
138.6997,30.4860,29.9507,129.5895
139.1410,30.5419,29.9531,129.7737
139.3573,31.9362,30.0425,129.4619
138.9673,33.4821,30.1737,128.8630
138.2563,34.3357,30.4452,128.0983
138.8172,33.7903,30.2030,128.7900
138.3809,34.2071,30.2542,128.5745
137.2365,33.8750,30.2000,129.1295
136.2987,35.7467,30.4098,128.0824
135.6443,33.2406,30.3680,129.4835
135.3767,34.4106,30.2743,129.6284
134.6157,33.1585,30.2989,130.1958
134.9359,33.9193,30.1821,129.8932
134.9077,33.4949,30.1236,129.9695
134.7222,34.5568,30.0544,130.0931
134.4702,32.8217,30.0508,131.2209
135.5712,34.4793,30.0512,130.8801
134.5961,34.6565,30.2642,130.5691
134.7062,35.3926,30.1756,130.1361
135.1847,36.6708,30.0452,129.5851
135.5089,38.2281,30.0203,128.8891
134.5617,36.7923,30.1926,129.7447
134.5502,36.9630,30.1706,129.4866
134.2060,36.5621,30.0196,129.4748
133.9502,37.6907,29.9936,128.8415
134.2565,36.8105,29.8161,129.1772
133.9008,37.6257,29.8005,128.7237
134.2018,37.6281,29.5671,128.4713
134.4566,35.6597,29.4287,129.3426
135.0043,36.3237,29.2424,128.9429
134.9263,34.9815,29.1129,129.2777
136.2459,34.4244,28.9191,129.0239
136.4428,34.7581,28.9036,128.2154
137.2615,34.3582,28.8650,128.5208
138.1336,36.0830,28.5690,128.0719
138.4464,37.9004,28.7825,126.6155
139.5394,37.4033,28.9523,125.7364
138.5796,39.4931,28.9837,123.5297
139.4949,37.3945,29.1478,123.1245
139.4687,38.9642,29.0965,122.1460
140.3777,38.1423,29.2061,121.4701
140.6356,40.3451,29.7155,120.4251
140.6068,39.2601,29.9161,119.8024
139.5976,43.1111,30.5605,117.9979
138.5708,42.7242,31.1192,118.5815
137.3824,42.2731,31.8904,118.2957
134.1812,42.8023,33.2246,116.5610
128.8409,40.7492,34.9795,114.1796
125.5551,41.0072,36.0688,111.5266
119.6597,39.7227,37.4472,108.5483
113.4340,40.1933,38.0366,107.1936
109.4426,40.9492,38.2586,106.7224
103.8821,39.4271,38.7450,108.0869
99.1012,38.7067,39.6489,108.0037
98.2673,41.0984,39.8320,106.1685
94.4309,45.4334,41.5899,102.5698
92.4629,46.5870,44.1780,99.5935
90.1788,48.8185,46.0599,97.2869
89.9330,51.4815,48.2475,94.9832
88.2576,52.2490,52.2698,92.7626
88.5474,52.2107,55.8027,91.3054
84.7654,51.1495,55.5996,90.5811
87.1913,51.4126,57.2486,90.3647
89.9176,51.5704,65.8063,86.8213
94.6816,50.8937,68.6283,86.6262
106.5090,49.4252,69.1610,88.0797
111.1448,47.7655,68.0532,90.1531
115.1564,45.3358,65.3690,91.9391
116.6214,41.6693,64.9134,92.3068
116.3927,41.2744,64.3083,93.1368
112.3073,41.8324,66.4042,92.3134
106.5048,42.6366,66.6696,92.6568
104.1391,39.2269,66.3709,93.7239
105.1774,40.1130,65.6673,94.9266
106.7850,43.0089,65.5796,95.2527
107.6082,44.7401,65.2830,95.3198
111.2532,46.1810,63.8465,95.7516
110.4942,46.1564,62.8910,96.3801
109.3696,47.6467,62.8326,97.2600
106.1827,49.9713,63.0633,97.8768
104.8501,48.5756,66.0342,97.6729
106.5170,46.8978,68.5403,97.6873
113.7438,42.2950,67.6801,97.9634
118.1336,41.9549,66.8326,98.3060
122.3199,42.5768,65.0165,99.0819
122.4341,45.0584,63.2805,99.7233
116.2765,45.8769,63.1177,99.8450
112.8905,45.6206,62.6556,99.7255
111.2816,45.0084,62.4723,101.6648
115.5230,43.4981,62.8173,103.1353
119.7981,44.9730,63.3162,104.7018
124.6884,45.7468,65.1360,103.4630
124.8630,48.7498,65.1754,103.3604
122.9156,49.7265,64.8449,102.6544
119.7045,49.0287,64.8813,103.6660
119.1224,45.1090,65.5228,105.9097
122.7683,38.6182,66.5197,106.9904
128.6363,41.2336,65.6881,103.8816
130.5949,46.3740,64.6186,100.8984
134.0310,49.8729,62.8657,98.6330
134.6501,53.7527,63.3109,97.7515
133.2368,58.7270,63.0891,97.5851
132.7877,60.3532,63.5968,96.1592
131.4420,65.9367,58.9077,100.7460
133.5721,69.6344,53.9757,104.8013
135.8304,70.2827,51.4482,106.3971
138.1711,69.9178,50.6455,105.6243
128.9199,68.5334,51.2270,105.5618
119.7010,69.5510,50.6183,105.3633
117.7606,64.5768,60.4474,96.8709
120.7035,51.2511,80.9228,78.9873
115.3701,52.4891,95.2792,66.6259
104.0450,44.8628,105.8880,60.8661
100.1422,28.9928,99.8830,69.1579
106.5921,21.1960,92.7309,77.4728
128.3467,23.7296,87.5809,84.9015
136.4448,21.0460,82.9155,93.0891
139.6883,25.2744,80.1020,97.1770
141.3195,34.1390,78.9671,98.7517
142.2300,48.5476,79.0504,95.0574
147.5647,60.5443,81.3635,87.8080
153.5893,68.4520,91.9250,77.8347
140.7403,86.2464,94.4161,69.8981
142.9772,97.4637,95.9785,66.0301
139.1072,100.4084,89.4210,71.8389
138.1435,94.5788,80.8626,77.9638
140.6248,91.6412,74.1381,81.5742
145.5803,89.4654,67.6457,84.4020
151.5932,78.7437,58.3005,91.6134
151.7984,71.4001,51.9141,98.2067
142.8656,66.4172,48.1973,104.9248
132.1738,61.1859,48.7251,106.2961
122.2611,58.5840,49.0356,105.1461
114.5161,53.1030,59.9490,95.0299
104.6971,37.7170,74.2578,80.1081
92.1486,38.6230,86.2372,70.5002
100.9549,41.4669,91.6798,65.7114
99.4061,33.1198,94.3301,64.9271
98.8951,29.5433,94.9799,67.1398
102.1084,28.5425,91.2539,70.2635
108.1316,25.0886,83.9329,74.6208
113.8469,21.5661,76.8726,77.9093
123.8950,23.9355,73.3825,77.8472
131.5681,27.9832,70.6062,76.7005
128.2843,30.9875,70.2214,74.2022
135.0857,33.0908,72.4505,70.6388
145.9028,35.7484,75.5999,66.7649
140.7779,41.5152,81.3262,59.7090
156.8973,53.9188,88.8911,51.4808
162.7473,55.1508,90.5650,50.0616
159.6267,66.7873,90.8397,49.4728
156.7525,69.4524,81.8666,55.9890
152.0517,69.2187,71.0169,63.8209
155.3159,68.9439,63.2246,68.8542
155.3356,70.9001,58.2912,71.5889
153.2995,72.9729,54.9549,71.3111
152.9933,72.8958,51.8712,70.4026
155.2745,71.7200,48.8226,69.5251
155.8621,70.3923,47.0501,68.6947
156.8358,69.1527,45.7036,67.9028
155.0648,68.5575,45.4630,66.6101
152.4477,66.9025,46.1323,65.4466
149.9276,65.9039,47.1536,64.6289
150.8542,65.0406,47.7938,63.6157
152.6767,63.9672,48.4169,63.3341
155.8845,64.1967,48.2435,63.4179
158.1279,64.3151,48.7001,63.1495
159.9719,65.4356,49.0180,62.7104
160.9505,65.8382,48.2986,62.4057
163.0545,65.1749,47.9928,61.9481
165.8283,65.7215,47.0088,61.6428
166.8670,66.5258,46.1999,61.4303
165.9801,66.7093,45.2382,60.6665
163.5316,67.1281,44.7013,60.4196
162.6501,67.5783,44.3447,60.4482
162.5958,67.9236,44.2074,60.5203
159.9193,67.1432,44.6592,60.6189
158.4956,67.8055,45.0002,60.9872
158.8400,66.3285,44.7090,62.1290
156.0940,66.1894,45.5459,62.0095
155.2496,65.8631,46.0112,62.0191
154.7617,64.1904,46.2280,62.7840
156.0706,62.2931,46.7030,63.7073
157.3025,61.2902,47.1320,64.4008
157.2124,59.8960,47.7740,65.6282
159.5776,59.1962,47.8995,66.2240
165.2364,57.1566,47.5607,67.3209
166.0348,57.1581,46.8164,67.9042
167.9256,54.1321,46.5737,68.8394
172.3781,53.0854,46.3219,69.8791
174.5262,47.4182,40.1028,76.1062
176.9507,46.7927,36.3191,80.6041
178.4427,44.3262,34.0628,84.1344
179.7129,43.7015,33.1252,85.7359
181.0551,44.6444,33.0371,86.7714
182.7799,45.5921,32.6232,87.5972
183.7732,47.3076,32.5526,88.3202
185.2381,47.4695,31.8410,89.3633
186.2489,47.5941,31.3069,89.8763
187.0838,48.1443,30.9620,89.8851
187.2490,48.1113,30.5870,90.1463
187.2131,48.0788,30.4680,90.2555
187.9312,47.8045,30.2003,89.8627
188.4829,47.6667,29.7498,89.5510
189.0453,47.7413,29.4239,89.3583
189.5784,49.0471,29.3889,88.9290
190.4062,48.7885,28.9606,88.7495
191.0270,48.1908,28.9638,89.1058
191.3052,48.2059,28.9368,89.1413
191.5892,48.7050,28.8168,89.3175
191.7355,49.2711,28.7827,89.2634
192.0257,49.2155,28.7779,89.1277
192.4318,49.6083,28.7635,89.0223
192.3528,50.0774,28.8197,88.8037
192.8830,49.6948,28.7098,89.0766
193.1683,50.2545,28.7046,89.1969
193.3016,49.1673,28.6632,89.6713
193.5354,48.8360,28.7377,89.6469
193.7940,49.4764,28.8229,89.6777
193.9719,49.4512,28.7649,89.8443
194.3406,49.2333,28.7539,90.0888
194.5753,49.8336,28.6973,90.1632
194.9403,49.1769,28.6538,90.3292
195.0983,50.5740,28.8276,89.8164
195.1855,50.8081,28.4731,89.4922
194.8280,51.3178,28.5773,89.0578
193.7618,52.4673,28.5178,88.4168
195.0456,53.4837,27.4469,87.1628
195.5598,53.7995,26.6399,86.2371
195.1001,55.1514,25.8373,85.3959
193.5933,55.8437,25.8230,84.5291
192.3861,56.8901,25.9433,82.9269
191.5388,57.8517,26.2371,81.8651
190.3086,58.3006,26.4406,81.1476
189.0500,57.8155,26.5474,80.8409
187.8150,57.5456,26.8507,81.1757
187.5756,56.8316,26.6844,81.3410
187.4641,57.1642,26.5617,81.1594
188.1115,57.6076,26.0517,81.5995
188.4332,58.5044,25.4287,81.6088
188.6511,59.0035,24.9179,81.3019
188.8138,59.9343,24.1166,80.8853
189.3818,60.3183,23.5673,81.0767
189.3110,61.0286,23.1094,80.6203
190.2256,60.8795,22.6613,80.5183
190.5684,62.5221,22.3589,80.5018
191.0415,63.1605,22.0004,80.3949
191.0007,64.1311,21.8720,80.2129
191.3883,64.0345,21.7996,79.9589
191.2750,64.3538,21.7415,79.8936
191.0349,64.8545,21.6796,79.5810
191.1390,64.7388,21.6113,79.5182
191.6006,66.0520,21.3902,79.4133
191.5919,65.0469,21.4626,79.6989
192.0369,64.5471,21.4878,79.6320
192.3602,64.6741,21.3003,79.9146
192.4907,64.6752,21.3736,79.8034
192.5486,65.5696,21.3670,79.3850
192.5822,65.0551,21.4613,79.5837
192.9004,65.3787,21.2993,79.8528
193.3300,64.9341,21.4036,79.7653
193.8726,64.0843,21.5588,79.8126
194.2007,64.3163,21.5437,79.8867
194.7128,63.4975,21.6513,79.9416
194.7962,64.5549,21.6435,79.5059
194.9529,63.7986,21.7763,79.1035
195.7914,63.0966,21.8366,79.5863
195.7663,63.5409,21.8602,79.4445
195.6303,63.6623,21.9789,79.1893
195.2002,63.4308,22.0827,79.1949
195.5352,63.0283,22.1577,79.0373
194.8107,61.9864,22.2871,79.0253
194.9478,61.4577,22.1625,79.6382
194.7817,61.5265,22.1426,79.4585
195.1889,60.7989,22.1027,79.8407
194.7240,60.6088,22.1771,79.8562
194.6147,59.9350,22.2765,80.0261
194.3986,59.8982,22.3992,80.2542
194.2861,58.6831,22.5424,80.5732
193.9458,59.8353,22.6012,80.3996
194.4119,58.2239,22.6841,80.8482
194.4099,60.0853,22.7844,80.5853
193.8629,59.7753,23.1838,80.6049
193.4020,58.9123,23.6826,80.9087
192.7382,59.2175,23.3016,81.1133
192.5607,59.8451,22.9895,80.3713
191.2332,60.7239,23.3978,79.8179
189.3824,61.6991,24.0635,78.6016
188.6872,62.4841,24.6948,77.4928
186.8068,64.2547,25.7666,76.7445
185.1467,66.1610,28.0100,74.4942
183.5706,68.1238,29.7867,72.1383
181.0783,70.7794,33.0877,69.0099
174.6878,71.3232,34.5559,66.9288
173.6078,72.4398,35.9193,65.1191
171.4147,75.2209,39.8547,61.7049
169.3481,76.0882,42.5575,60.1576
167.2725,76.4818,43.9234,59.8140
166.5187,75.5071,43.9782,59.8124
165.1707,73.9459,43.0695,59.9623
162.7880,74.1868,42.1546,59.3149
160.0565,74.2551,41.1079,59.1003
157.3274,75.1527,39.9469,59.6249
154.8420,73.8539,40.1953,59.4543
155.1338,71.4369,40.0973,59.0728
153.7487,70.4419,40.8973,59.7536
153.4710,69.9252,42.1739,59.4975
149.9170,69.2175,44.1697,59.2128
148.2701,68.2458,44.8570,58.9664
147.9252,68.2075,44.2685,59.1248
146.4735,68.3954,42.3303,59.0217
144.0521,69.3421,40.0182,59.6705
144.6577,68.3262,34.7422,61.9553
146.8676,68.1170,31.4974,63.3817
145.9778,66.7810,31.8479,63.1098
143.7630,65.5188,32.9706,63.1262
149.0542,65.7059,32.4241,64.1449
152.5801,64.3941,32.0606,64.9340
152.0378,63.2328,31.3674,66.0199
152.4075,60.1659,30.2637,68.0074
150.9500,54.5782,29.7374,69.4284
151.3222,53.7754,28.9438,70.3408
157.3502,53.2744,28.3419,71.2844
158.7254,50.4835,27.5082,72.5884
160.4273,51.1372,27.1792,72.2724
160.1961,46.3573,27.4961,73.3600
160.5828,44.4998,27.5639,74.1370
160.9306,42.4558,28.8521,73.9154
165.9679,45.7381,28.8313,74.3526
165.0851,47.3201,29.4682,73.9848
164.6790,49.7457,30.2245,72.5129
164.3765,52.8164,32.2412,68.8808
164.5524,58.0283,33.7857,65.7405
165.6415,61.1279,34.6581,63.0940
169.2734,67.4408,35.1798,60.8503
167.0172,72.3371,38.0629,57.0407
166.8762,76.3935,40.3616,53.6892
170.8212,80.0942,42.1645,51.1963
174.0111,82.9211,45.4740,48.8369
175.5128,84.3947,48.2274,46.6112
178.9554,88.9083,49.1593,44.2998
179.8074,87.6837,46.4821,43.1771
183.7431,82.6635,45.1926,44.0802
187.6130,74.0527,43.3955,47.3549
187.6662,67.8289,42.2795,50.9457
185.7455,65.0075,41.7973,53.5345
185.5694,66.9564,42.7219,52.7857
186.8239,63.2453,42.0213,54.8113
186.8034,53.4167,41.1555,58.5199
183.0237,52.3060,40.9518,59.7684
180.3456,51.5004,41.4571,61.9694
180.0991,54.0075,44.2462,60.4102
178.7849,59.1860,46.9014,55.1405
180.5422,64.8859,47.5773,51.3352
182.8852,67.7444,46.7233,49.3682
183.9155,66.2436,43.3824,50.1184
185.2633,57.8780,39.8609,54.1058
185.6570,53.7060,37.6947,56.0218
188.8734,48.9477,31.8952,61.0530
190.2860,41.3152,29.0973,63.2319
189.7989,36.8293,27.5644,64.4366
187.8513,35.1101,28.8373,62.1496
187.0258,35.5098,32.0620,59.0549
186.0378,35.5850,34.5366,56.9321
182.8056,37.6873,42.2688,51.0849
168.2268,33.0227,44.1306,50.6070
162.5123,36.5591,46.0942,49.8321
162.7044,36.2880,47.3675,50.5655
167.0919,26.7957,49.2846,51.1500
166.4922,25.0144,49.0770,51.8432
166.5110,23.4829,48.0465,53.5667
165.0801,20.4404,46.8719,55.8097
163.2211,18.0658,46.2008,57.1847
164.7709,14.6324,40.2421,63.9933
165.4734,13.4887,36.0010,68.0049
165.6061,13.9050,33.1251,71.1163
165.2302,13.3951,30.8875,76.5494
160.3555,18.7026,30.2366,77.5714
159.7358,26.1164,30.6882,76.7756
149.1967,30.2840,37.2575,70.0983
156.3770,40.0984,36.1536,69.4643
157.7486,43.0852,35.4437,67.1774
160.4402,44.1221,33.6878,66.2185
163.1154,47.6525,31.3937,65.8081
165.0674,50.2630,29.5613,65.0144
165.5053,53.5404,28.1489,65.9793
165.5244,56.5191,27.3045,67.2301
166.0025,56.5605,26.0483,68.5759
166.5573,62.2536,25.2200,66.2806
165.6941,60.6332,25.7239,63.3068
166.2185,58.2626,25.7613,61.5621
169.2646,57.0232,28.4991,57.7294
161.7230,55.5538,33.8234,51.7056
161.0168,51.2463,37.2321,47.7001
160.8880,41.3676,35.3263,49.6924
160.4652,42.5153,33.8788,50.7450
160.5889,43.4918,32.6476,51.5921
160.8221,39.7030,30.3140,55.4453
160.5171,28.9823,29.2614,58.1619
171.7078,30.4075,28.4584,59.5159
2
0
0
0
0
1
139.3233,84.2850,28.1816,29.8574
139.2133,84.8931,27.2278,30.7651
139.4733,83.3250,26.3771,31.4945
140.7068,79.9663,25.8337,31.9564
142.7258,79.6045,25.8432,32.4508
142.6337,77.5614,26.1535,33.1274
143.7299,75.8699,26.3559,33.7891
145.2618,73.8193,25.7804,35.1684
145.9660,73.3916,25.3593,36.1871
147.0978,73.4201,24.8807,37.0966
148.7136,73.1172,24.0975,37.9482
150.1200,72.3553,23.4529,38.5063
151.0355,72.2254,22.9612,39.1710
152.0221,73.9385,22.8233,39.3971
152.1673,73.9775,22.6944,39.7576
153.1171,74.4075,22.6977,40.1992
153.0215,74.2896,22.6439,40.2836
153.0581,75.0307,22.6007,40.4628
153.3866,75.1916,22.4856,40.8453
153.4033,75.1815,22.3345,41.0370
153.4314,75.2549,22.1600,41.3068
153.8128,75.5444,21.9905,41.6558
155.0164,74.8031,22.3278,41.7122
154.6771,74.7223,22.0268,41.9351
154.6860,74.5256,22.3267,41.8240
154.6006,74.8678,22.6107,41.7161
155.2416,74.5067,22.9536,41.7555
154.5563,73.7505,23.1686,42.1126
154.2470,72.9226,23.6386,42.7727
153.8408,72.1787,24.2978,43.0925
153.5919,71.5035,25.1299,43.6849
152.9504,70.5938,26.2313,44.2495
151.5725,69.9401,27.1530,44.8439
152.1593,69.5158,28.2109,45.1514
153.1193,68.8942,29.0456,45.2838
154.7889,68.6591,29.1883,45.5045
156.2270,69.8047,29.0364,45.4063
156.2531,68.9398,28.7419,46.1231
156.3984,69.5577,28.6431,46.0521
156.4123,69.2513,28.3390,46.3117
156.3284,70.0697,28.0853,46.4621
156.9297,70.7060,28.0555,46.0394
156.0823,70.5538,28.0554,45.9749
154.4061,71.3399,29.1155,44.9912
153.3682,70.7830,28.3367,46.3347
152.0972,70.3515,28.5036,46.4039
151.7214,70.2010,28.3505,46.7377
151.9492,70.2849,27.8111,47.9062
153.6204,69.9856,26.9450,49.1054
156.9241,69.3375,25.9509,50.0430
158.7322,70.1580,24.3465,51.7747
160.2278,70.2532,22.9701,53.1657
160.6158,70.9374,22.2155,54.3529
161.1272,71.1074,22.0152,54.2231
160.8253,71.7023,21.6055,54.9521
160.8705,71.9640,21.3041,55.4589
160.6384,73.0378,21.2459,55.7327
160.3381,73.9760,21.0866,55.7703
159.9928,74.0571,21.2325,55.9587
159.6031,74.4176,21.5214,55.9259
159.5677,73.7699,21.7018,55.9137
158.9693,73.4050,21.8221,57.4784
158.3087,72.8275,21.8881,58.5990
158.1043,72.1083,21.6600,59.6579
157.0754,72.1422,21.8102,60.6752
155.1453,72.2470,22.6436,61.1770
153.6780,73.5267,23.8032,60.9217
151.6819,74.2766,24.8414,60.3828
150.1012,74.0279,25.7849,59.7512
148.5362,74.1620,26.2454,59.6084
146.4118,74.3310,26.4883,59.7953
146.1620,73.7596,26.9250,59.8355
144.6910,74.5749,27.2774,59.7852
143.8191,75.2445,27.6488,59.7488
143.1763,75.1950,28.2522,59.8453
142.6053,75.0729,28.7949,60.4031
141.3752,75.1362,29.7541,60.4733
140.9267,75.1015,30.5638,60.4158
140.4756,74.9891,31.3632,59.7195
141.2888,75.3500,31.8676,59.4489
141.8352,75.8465,32.0709,59.1250
142.4280,75.1566,32.3131,59.0681
142.2020,73.7208,32.2504,59.8330
141.8442,72.2584,31.9681,60.4677
140.5565,74.1920,31.3778,60.1311
142.1622,72.3424,31.2620,59.2281
143.0066,72.5930,31.3920,57.7891
143.4548,71.2350,31.4983,56.2464
143.4513,70.3802,31.5051,55.5772
143.5351,70.2800,31.1298,55.4319
142.6297,71.0021,30.8142,55.7030
141.9971,71.4720,30.9467,55.9757
142.3558,74.0207,30.9675,56.3508
141.9508,76.2279,31.4381,55.7452
141.3816,75.4337,31.4739,56.2422
140.8072,76.4635,31.6619,56.3377
140.6995,76.3948,31.7235,56.9079
140.8234,75.7769,31.7611,57.4763
140.1557,75.0811,31.6855,58.2151
139.7428,76.9455,32.0457,58.0737
139.6140,76.9152,32.1633,58.5557
139.2949,77.0633,32.1658,58.8699
139.3746,77.3770,32.3326,59.0168
139.0686,77.1377,32.2921,59.1823
138.6733,77.5611,32.2873,59.1173
140.0291,77.1375,32.1453,58.1666
140.6269,77.4928,32.3107,58.1864
141.0705,77.4400,32.1618,57.9437
141.9396,78.3915,32.4940,57.5746
142.6598,78.0765,32.3567,57.1255
142.9817,78.1601,32.2238,56.9229
143.3224,77.7655,32.0128,56.7479
143.6365,77.3084,32.0437,56.7648
143.6410,76.8628,32.0591,56.7574
143.7748,77.3892,32.1445,56.7322
143.7580,77.2308,32.5850,55.8692
143.6049,77.7955,32.8596,55.0968
143.6552,78.8654,32.7259,54.8464
143.3148,78.9964,32.5697,54.5735
143.5268,78.7093,32.2709,54.6029
143.6223,78.5232,32.2156,55.1006
143.7553,78.1130,32.8624,55.3933
143.1074,78.0424,33.7717,55.9150
142.1153,76.9846,34.8318,56.6263
140.9622,76.3453,35.5654,57.8792
139.6644,77.8099,36.4095,58.0817
138.8724,78.2469,37.4258,58.3277
137.2141,77.7107,36.8419,59.4840
138.3484,77.4707,36.6526,60.0085
137.7523,76.7491,36.4516,60.6388
138.6276,76.3786,36.1529,61.0953
