1
141.6353,26.4425,30.9101,126.2082
140.3177,25.2027,30.8317,128.0421
140.1887,25.2020,30.7091,128.5976
139.5309,26.3003,30.7770,129.0032
139.8419,26.0383,30.7439,129.2064
139.2212,27.1945,30.7978,129.2455
138.9407,27.0136,30.8707,129.3296
137.2812,27.0551,30.6239,129.6055
137.1182,26.8863,30.6504,129.6795
137.3243,27.5518,30.6096,129.8623
135.7973,28.5409,30.3923,129.8831
136.5117,29.6640,30.4019,129.1825
135.8365,30.0277,30.2630,129.5077
135.7869,30.8033,30.4315,129.4770
135.1479,31.0801,30.5033,129.7748
133.4428,32.1967,30.5413,129.2453
133.9352,32.3367,30.5341,129.1258
133.4524,31.0040,30.5353,130.1829
133.3777,30.8936,30.5651,129.9238
133.2928,29.6393,30.7573,129.9777
133.8989,29.4068,30.4612,129.8250
134.7527,29.3653,30.5096,129.8249
135.1972,29.2227,30.5780,129.7722
135.1478,29.0391,30.6886,129.6282
135.2260,29.5840,30.7460,129.2763
135.9477,29.5765,30.6737,129.2080
137.2119,30.4346,30.5930,128.5955
136.2808,30.7753,30.8688,128.5304
138.2796,31.5302,30.8324,128.2423
138.0722,31.4978,30.7348,128.3174
138.7129,30.6786,30.8193,128.9680
139.0125,31.1977,30.8436,129.5920
138.2787,32.2418,30.8448,129.2575
137.8412,33.0134,30.8924,128.9372
137.6178,33.4317,30.7677,129.2646
137.6686,34.7273,30.8035,128.1941
136.6765,33.8098,30.7382,129.5589
135.6515,34.6366,30.6632,129.4788
135.6762,34.9909,30.6558,128.9028
135.5841,35.3860,30.5479,128.7976
134.0801,33.7408,30.6905,130.0420
134.6625,34.7607,30.5332,129.3274
134.1714,33.9959,30.5261,129.7016
134.2089,34.2513,30.6091,129.9916
134.6764,35.3257,30.5080,129.3867
134.5966,33.3887,30.7109,130.8818
134.7740,35.0028,30.6635,130.3121
134.6108,35.6608,30.6354,130.2081
134.5444,36.1926,30.6295,130.1384
134.7345,36.6604,30.7597,129.8918
134.5685,37.2492,30.8736,129.2356
134.1096,37.9994,30.6564,128.8760
133.9626,37.8580,30.3397,128.7075
133.4621,36.7358,30.3839,129.5202
134.2128,36.7312,30.3166,128.7661
132.4220,37.2437,30.3313,128.6230
133.5358,36.7977,30.0868,128.3369
134.4107,37.2496,29.8974,128.5609
134.8731,36.1586,29.8655,128.4692
133.9735,35.7557,29.8917,128.6056
135.6955,34.5827,29.7521,128.6853
135.8696,35.4498,29.6798,128.3262
136.8536,34.4972,29.6765,128.2136
137.5329,36.2028,29.6633,127.4573
138.0978,38.0692,29.7255,126.3347
138.1634,38.4951,29.7502,125.5133
138.7946,38.4042,29.7268,123.8758
139.0468,37.7283,29.8767,122.2110
139.0241,38.5691,29.6902,121.9557
139.5938,37.9673,29.8186,121.9407
139.8835,39.1708,30.0179,121.5669
139.6786,38.7563,30.1687,121.1653
138.4532,40.1509,30.6243,119.5830
136.4766,41.2733,31.4490,118.8511
134.7820,41.0676,32.1315,117.8020
131.4898,41.8127,32.7453,116.6570
127.1485,40.3214,34.1733,115.8843
123.7359,40.4663,35.2308,114.0294
118.4534,38.9850,36.0907,111.1046
110.5673,40.2158,36.9379,109.9227
107.5175,39.3460,37.5594,109.0650
102.5849,38.6116,38.0038,109.2650
98.0975,38.3356,38.5982,108.2773
96.8995,39.7993,39.5894,106.2501
92.6929,43.8146,41.9329,102.0360
91.4563,46.4293,43.5183,99.1712
89.8597,48.7819,45.7861,96.5540
88.5204,51.4770,48.5283,94.0992
88.7760,52.1454,52.2245,91.4342
84.3978,53.5040,51.6826,90.4163
85.3457,51.7015,52.4994,89.4002
88.5026,53.4470,59.1026,85.5377
89.5420,52.8372,66.5862,82.8727
94.8578,51.6859,68.4581,83.0856
109.4246,48.4361,68.7922,85.4192
110.3097,47.1000,67.8571,87.2458
112.6759,43.1866,65.9685,89.5318
115.0084,40.9065,65.7107,89.1406
114.6648,39.3105,64.9292,90.0361
104.3253,43.0138,68.3102,87.4947
100.7445,41.6252,67.4285,89.6491
103.2907,38.8983,65.7702,92.6116
100.8952,39.9023,66.1035,92.0557
105.8906,43.9764,65.7137,92.1038
104.6361,45.4118,65.9478,91.7552
109.4147,47.4340,64.5305,91.9757
107.3444,48.0072,63.5701,92.4311
108.5608,47.7635,63.0975,93.1998
105.3956,51.3260,64.7978,93.5509
104.4438,48.8977,66.3976,94.9309
105.5002,47.9546,68.3762,94.8228
113.0863,45.6290,69.2985,93.8137
119.2526,41.7665,67.6478,95.4719
120.7317,42.6744,65.6888,96.0016
117.2822,42.3173,64.3626,96.5728
112.8613,43.9860,64.0572,96.3468
111.0939,44.1093,63.8894,97.3701
109.8400,43.7882,64.0618,99.7242
114.0580,43.5896,64.6804,100.7623
117.6200,44.9435,64.8197,101.7610
121.5397,46.7927,66.0716,101.0300
123.1959,50.2822,66.2737,100.3967
121.4798,49.8180,65.1593,100.7053
115.6053,50.0571,65.7635,100.9234
119.8294,45.9658,66.0722,102.8088
121.7163,43.4708,66.0847,103.9479
128.2022,43.1023,65.6408,102.2200
130.3100,47.2006,64.3906,100.0192
132.1984,49.5732,62.4999,98.3459
133.0099,53.2581,62.2100,98.2515
134.0363,55.8163,57.8150,101.0369
134.4855,57.6609,54.9694,102.1254
134.9925,63.1275,53.3593,103.0588
136.3647,68.0779,51.5708,105.4723
137.7022,69.4350,50.5620,106.0366
139.1362,70.0473,50.8651,104.4240
125.9350,70.6728,50.8298,105.0888
120.9522,68.3063,51.3690,104.0739
113.7942,63.2537,60.4123,95.0226
113.9083,51.4767,78.8976,78.9434
108.7843,53.3692,90.4835,70.0830
101.1303,42.0999,100.0720,64.7581
103.2149,31.3284,96.0489,69.9906
109.3318,20.8909,89.0220,78.3919
131.0554,17.5288,82.7832,85.8640
134.8878,18.7146,78.7802,91.1476
138.5690,22.1179,76.6600,93.6498
139.4150,31.2314,76.7783,92.9626
141.7827,46.9583,77.5170,90.2060
145.5134,60.0763,79.9253,85.3169
150.8148,68.3692,89.9450,76.0638
142.6594,85.7426,93.7659,68.9836
142.0562,94.8637,93.9097,68.4054
139.3294,99.4064,89.9604,72.6992
136.2231,94.1018,81.9087,77.9210
140.1442,92.2336,75.1050,81.6415
146.6845,87.7548,67.8201,85.4122
150.4260,80.4604,59.1543,91.0262
150.1592,70.8412,52.5892,96.7792
140.3315,61.6502,50.6410,100.3242
130.5977,59.2886,50.4163,100.0470
124.7909,58.5358,51.3261,98.5977
111.9395,51.9664,61.6277,88.8636
100.6895,40.6362,75.4073,76.4374
89.6907,41.8967,88.0753,66.6395
97.7328,41.1948,94.1941,61.4991
97.6310,34.5558,94.7597,62.5588
99.1519,29.5737,94.2578,65.5882
102.9545,29.6492,90.3710,68.8272
111.0229,24.6502,82.2076,74.3143
117.5422,22.6007,75.5436,76.9653
121.4339,26.3486,72.5961,76.1031
130.0052,30.2917,69.6044,75.1021
138.5622,31.2665,65.8863,74.3096
137.5377,32.3909,68.3246,71.2123
146.1101,33.4587,72.8832,67.4037
141.1468,39.6299,80.1922,60.3934
158.3255,49.2996,88.3650,53.1672
162.5512,46.4246,88.8029,52.8765
165.9103,71.9883,89.5986,52.7682
152.8298,69.6807,81.0181,58.8209
151.8637,68.6893,71.1272,66.0427
153.6031,67.3170,63.8052,71.1417
153.9363,70.5070,58.1509,74.2383
152.4053,71.5629,55.1079,73.9011
152.9914,71.2578,53.2402,72.9735
153.3197,69.5155,50.5544,71.8607
156.9344,68.1732,49.4554,70.6493
154.4620,67.9270,48.8564,69.2688
153.0401,66.6393,48.2963,68.2254
150.3932,65.4423,48.6524,66.4329
148.6936,65.3999,49.4040,64.8205
155.2727,65.0034,47.9860,64.7172
160.1514,65.1836,47.0355,64.3660
161.7881,64.7177,45.7106,64.6729
163.4587,64.1770,45.1009,64.8288
165.1228,64.2441,44.5922,64.4864
164.9048,65.0293,44.3896,64.2377
164.9499,64.4005,44.5935,63.7989
165.8043,65.0528,44.5985,63.3539
166.7213,65.9526,44.5786,62.9142
166.4098,66.2859,44.2474,62.3342
162.4463,66.6883,44.3695,61.8332
162.6610,66.5891,44.6738,61.6586
161.2934,66.7913,44.7854,61.4806
160.0349,66.4342,45.1244,61.6905
159.1681,66.6556,45.2510,62.0042
158.4754,66.7312,46.4466,61.8184
155.7642,65.7909,47.0058,62.2732
155.2310,64.9129,47.0722,62.8505
155.7344,62.4235,47.0569,63.8745
155.6056,60.7867,47.3570,64.6003
155.8182,60.2169,47.5436,65.1720
156.8884,63.0838,48.6997,65.6353
162.5399,58.7389,48.6022,67.5454
164.2757,53.8500,44.1720,71.8488
167.3482,51.8834,40.1508,75.0462
171.0696,48.0163,36.6787,77.4468
173.3988,46.5298,34.3791,79.1442
175.8048,45.8701,32.7403,80.1075
177.4171,44.7169,31.6994,81.7909
178.6333,43.9198,31.0671,82.8997
180.1851,44.2444,31.2035,83.5622
182.3920,45.4112,31.2860,84.7939
183.5992,46.9393,31.2527,85.2463
184.6553,47.4684,31.1913,86.1955
186.4590,48.3317,30.8623,87.2792
186.2214,48.3638,30.3664,88.0073
187.1526,48.5831,30.0284,88.2149
187.6650,48.7746,29.6763,88.2832
187.7831,48.1816,29.6555,88.1222
188.0524,48.1369,29.5868,88.0275
188.6973,47.9109,29.3915,87.9080
189.1076,48.5685,29.3417,87.9165
189.6498,48.6628,29.5163,87.8769
190.4008,48.8329,29.5855,88.0126
190.5950,47.9322,29.6281,88.2422
190.7104,47.7970,29.5895,88.3951
190.9777,48.6895,29.4232,89.3046
190.6074,48.5776,29.3510,89.1823
190.8224,48.6215,29.5459,88.8099
191.3302,49.2683,29.4431,88.5606
191.5924,48.7906,29.3316,88.3699
191.9714,49.2318,29.2118,88.6091
191.9226,49.4096,29.2074,88.5147
191.7707,48.8274,29.2141,88.5644
192.0054,49.2705,29.1901,88.9036
192.0828,48.8792,29.1188,89.2972
192.5973,49.2298,29.2215,89.3208
192.4254,49.0027,29.3027,89.1572
192.8262,49.6002,29.3728,88.8546
192.7159,48.8119,29.4893,88.3996
193.0975,49.2783,29.5883,88.7077
192.8496,49.4318,29.1291,88.7688
192.4824,49.8415,28.7924,88.7565
190.9365,50.6525,28.8117,88.1327
190.3355,53.6214,29.2598,85.6423
190.5606,54.3706,28.7783,83.9865
190.2911,55.4024,28.0043,82.6722
189.1350,56.8103,27.8439,81.7362
188.4886,56.0907,27.7537,81.5402
187.5353,56.6535,28.0073,80.7890
186.5068,56.7894,28.3319,80.6201
185.3958,56.4341,28.6230,80.1646
184.3787,56.4500,28.6762,80.1124
184.5077,56.8018,28.2675,80.1327
185.4021,56.8754,27.8023,80.0005
186.6669,57.2846,26.9967,80.0117
186.8815,57.9301,26.1266,79.7469
187.4855,58.5719,25.4223,80.0154
188.4365,59.2870,24.6313,80.6801
188.7794,59.3153,24.0562,80.6796
189.3623,60.4597,23.6040,80.5301
190.0340,61.5368,23.1185,80.1043
189.9258,62.8864,22.7563,79.8774
189.9671,62.4826,22.6053,79.7714
190.3578,63.6036,22.3780,79.8647
190.3075,64.7296,22.2740,79.6308
190.4843,65.1261,22.0993,79.6703
190.3827,65.3658,21.9561,79.5648
190.8963,64.8283,22.0019,79.4805
191.0501,64.6530,22.0620,79.3700
191.5360,65.2545,21.9234,79.3882
191.0984,64.8901,22.0978,79.2839
191.2604,64.2892,22.0451,79.2240
191.4654,65.2596,21.9043,79.1120
191.6957,65.1198,21.9501,79.0558
191.6882,64.8869,21.9488,79.0039
192.4885,64.2492,21.9252,79.5131
192.5850,64.7811,21.9257,79.2733
193.0358,64.8293,21.9047,79.2772
193.4786,64.4643,21.9395,79.2469
194.1579,63.1165,22.0976,79.3643
194.7134,62.8914,22.1124,79.3958
194.9790,63.0796,22.0438,79.1182
195.4007,63.0875,22.2198,78.9691
195.0882,63.2396,22.3339,78.8503
195.5008,63.4282,22.3887,79.0102
194.6694,62.6791,22.5926,78.9439
194.9119,62.3872,22.5700,79.3570
194.1830,61.3582,22.6993,79.6555
194.0233,60.1905,22.8230,80.0245
193.9181,61.0404,22.7773,79.9685
193.9717,60.0640,22.7462,80.1146
193.2996,59.2766,22.7580,80.3990
193.4459,59.5382,22.6569,80.7277
193.5398,59.6377,22.7195,80.5686
193.1465,58.4244,22.9370,80.7876
193.0894,58.9071,22.8820,80.7949
193.7320,58.3222,22.8845,81.0093
193.2839,59.8132,23.0564,80.7593
193.0443,58.8159,23.3185,80.6463
192.4915,59.1200,23.6959,80.8446
192.1442,59.8206,23.1764,80.1197
191.4736,59.8302,23.0068,79.7402
190.3769,60.7020,23.2596,78.7380
188.2807,61.3689,23.9364,77.6503
187.3829,62.0533,24.8157,76.8246
185.9227,64.3052,25.5952,75.4839
185.0219,66.9300,27.8604,72.4971
183.0885,69.1883,30.4262,69.8187
180.2803,71.3634,33.2283,67.3055
176.7815,74.2302,37.2966,64.2701
174.4587,75.0842,40.7686,61.9691
171.0002,76.6952,43.6246,60.5629
168.1255,75.3469,44.9201,60.4358
167.6856,75.2794,45.9539,60.6097
167.3177,74.3282,46.1848,60.9113
166.2683,73.7563,46.7166,60.7883
164.8083,73.2405,46.0940,60.6704
162.4226,74.4678,45.4887,60.2504
155.6143,73.7541,43.6954,60.8737
153.8141,73.3369,42.9324,60.6584
154.2645,71.3602,42.2660,60.5904
154.8846,70.6158,42.7529,60.6888
153.7227,69.6119,43.2531,60.9233
150.9068,68.0682,44.9882,60.6484
147.7487,68.7365,45.3778,60.4099
147.0679,68.3476,44.7058,60.5075
144.7264,68.1548,42.9768,60.8928
144.6071,68.0441,38.7188,62.7104
144.3596,67.7794,34.2921,63.9871
147.7884,66.7179,31.5465,64.9248
146.0423,67.0090,32.2571,63.8232
143.0274,65.5530,33.2366,63.3427
148.8109,65.9504,32.4953,63.7676
150.7830,64.4060,30.7334,65.1358
152.0195,62.3450,30.0181,66.0616
151.6204,59.8169,29.5732,67.3498
152.4364,55.8172,29.1251,68.7095
152.1802,52.9616,28.8797,69.8953
156.2124,51.4945,28.1479,71.4425
160.2307,50.5646,27.7969,72.1432
161.4133,50.4087,27.4835,71.5669
162.0265,47.2775,28.0076,72.1304
163.5227,46.2208,28.4572,71.5108
163.6591,45.8514,28.7401,70.9460
165.5540,48.4978,28.7498,70.5254
166.5432,50.3724,29.0957,69.3801
166.4607,51.2284,29.5649,68.1421
166.2089,55.3365,31.4067,65.3416
166.8050,59.9683,32.7498,62.6959
166.9889,62.6015,33.6827,60.3845
168.8380,66.4380,34.2470,58.6999
172.1373,73.4600,35.0733,56.6876
172.2847,74.6825,35.2892,54.7269
176.8129,79.3804,37.5592,51.9184
179.3612,81.7443,41.2436,49.3830
178.6363,83.9303,45.1220,46.6689
181.5182,88.0867,47.4633,43.9480
183.6395,88.1477,46.4252,43.1589
185.0604,82.5787,44.7679,44.6839
188.9703,73.9987,43.0603,48.0802
188.9781,69.8990,42.7387,50.2925
186.0067,67.0901,42.0376,52.2017
186.3745,66.7255,42.0982,52.8908
186.8272,58.6468,39.5989,58.2092
186.2025,54.0821,39.5286,60.7237
183.0608,51.3077,40.0089,60.8839
181.0862,51.1109,41.3055,61.8289
180.3946,52.9112,43.6945,59.6593
180.9419,57.4078,46.0079,55.1945
183.0633,68.4319,46.8527,51.0490
184.0768,69.5712,45.5781,49.1397
184.9453,66.3822,42.6934,50.2431
185.4674,56.4257,39.1280,53.6919
185.5651,53.6772,37.4919,55.0261
189.4114,50.0248,32.0236,59.8938
191.5741,41.6227,29.2825,62.6287
189.8930,36.5671,28.2920,63.1873
187.9243,36.2175,29.3008,61.1998
186.5282,35.6615,32.4433,58.2198
185.0900,36.1416,34.8588,56.3490
183.1957,39.2423,42.1570,51.0145
180.3592,20.4504,38.6850,55.4792
168.5077,31.0015,45.3965,49.6558
166.8056,32.2816,45.8386,49.9964
168.9000,25.2261,48.5067,50.2118
165.1460,25.6235,48.5014,50.6616
164.7099,24.2617,47.9060,52.6519
163.4860,20.3276,46.9293,54.9894
162.2677,16.8101,45.8172,57.1722
163.8471,14.4296,40.3455,64.4055
164.8385,13.3246,36.3783,69.6482
164.4760,13.3790,33.6197,74.1431
164.5676,12.5494,31.4440,79.8671
160.3981,14.8694,29.9200,83.4478
159.2052,22.8506,30.9481,81.7085
158.2202,22.1675,32.1477,80.7040
165.8220,42.4849,37.2322,74.3906
154.5709,38.6848,37.1478,72.6114
158.9890,41.0379,36.1449,70.7445
162.5633,44.9005,33.9494,69.7488
164.1980,49.0046,32.0016,68.3425
165.8910,55.0229,30.1833,68.8421
166.0209,56.0856,29.3683,69.1211
165.7612,56.0656,28.0840,69.8601
166.5459,58.2706,27.1565,68.7425
166.0154,55.0294,27.4154,66.8826
166.1809,54.8209,27.7827,65.0079
166.0856,53.3901,30.4787,61.6839
164.4217,55.2953,34.7774,57.5220
165.1885,32.1506,32.1212,61.6404
161.0087,32.9416,32.2688,61.9862
160.6001,37.3261,32.9137,60.8948
159.7980,38.8835,33.0493,60.1287
160.6734,28.9844,30.8309,65.2746
161.2890,22.2337,28.7946,71.0297
161.1719,20.1594,28.6101,71.8576
173.6727,23.0722,28.1379,72.7245
174.2636,17.9474,27.3801,73.8809
174.5913,19.0443,26.7250,74.7819
140.5629,51.0111,30.6203,67.7130
139.6329,58.0124,36.9435,59.7036
138.9344,64.3839,41.7704,53.2221
130.9205,69.6264,44.7588,49.9515
126.1087,69.5112,44.9998,48.4713
126.8671,69.8500,44.2455,47.5252
128.6243,70.0974,43.5950,46.0928
130.2984,69.2863,42.8863,45.0869
132.7751,69.4569,41.5840,44.5280
135.4233,67.6892,39.8257,44.4041
137.7528,67.7273,38.0315,44.2170
138.8266,67.9826,36.7015,43.5919
139.7668,68.2933,35.2783,43.1270
142.5492,67.7576,33.3945,43.2914
144.0418,67.9537,32.0128,43.0062
145.8573,68.5301,30.7679,42.9397
147.5090,69.7123,29.8812,42.7366
148.1638,70.2044,29.2148,42.4148
149.0101,71.3810,28.6861,42.1677
149.4986,72.5199,28.2951,41.8409
149.8236,72.7218,27.9338,41.4910
149.9947,72.7566,27.5119,41.2554
150.4137,73.1032,27.0223,41.1262
151.1138,73.5246,26.6034,41.1631
150.7692,73.9405,26.3720,40.9102
150.9715,73.8387,26.0541,40.7059
151.8864,73.9995,25.8361,40.5056
151.7428,73.4632,25.6631,40.3657
152.0062,73.3690,25.3414,40.2250
151.7968,72.8544,25.0824,40.2370
152.3442,72.2343,25.0348,40.4046
152.0624,70.9640,25.1092,40.6890
151.7293,70.7698,25.3206,40.7582
151.6983,69.6668,25.7994,40.9758
150.4551,68.3666,26.6995,41.0200
150.2542,67.7613,27.5433,41.2516
150.5596,67.4190,28.4588,41.4705
150.8904,67.5310,29.2692,41.4241
150.8454,67.4508,29.2659,41.8903
151.9736,67.6086,29.0988,42.1818
152.4877,67.3476,28.5373,42.7132
153.4949,67.4833,28.3474,43.0406
153.1825,67.5501,27.9118,43.2830
154.0549,67.8705,28.0690,43.4582
154.0737,67.5237,28.0665,43.6305
154.3715,67.7454,28.2432,44.0434
153.2410,69.3362,28.9104,43.9752
151.6001,70.1953,30.4065,43.8576
149.6908,70.9478,32.4158,43.0506
148.4859,72.0049,34.4450,42.4842
146.3238,72.2732,36.6216,42.0790
146.2214,71.3503,38.2170,42.7695
146.0307,71.6952,39.7537,43.5272
145.1214,71.7252,40.7325,44.3974
145.4608,71.8343,40.4303,45.7466
146.4621,72.1439,39.8471,46.7362
145.9500,71.8013,39.5887,47.5757
145.6796,71.9895,39.6485,48.1239
147.1035,71.1027,38.4141,49.3123
148.3178,70.8348,37.3445,50.1113
149.2458,72.5743,36.1215,50.7570
149.9910,72.0927,35.8028,51.2008
150.7998,72.6426,35.3090,51.4353
150.5665,71.9882,35.2713,51.4834
150.0341,72.4554,35.3088,52.0594
149.5864,72.1653,35.2562,52.2734
147.1250,72.5840,36.7486,51.7475
144.3461,73.2425,38.4147,51.4593
144.4692,73.3371,38.5786,51.8247
143.2147,75.3666,39.1597,51.8984
140.5705,77.1215,40.6079,51.2769
137.8847,78.8146,42.5478,50.7918
135.3263,79.5137,44.0599,50.7362
133.0977,79.6782,44.0004,51.5504
133.3699,80.2165,43.8841,52.1753
132.8696,79.9975,43.9327,52.8747
132.6717,80.0767,43.0583,53.7534
133.9448,79.6514,41.9532,54.9215
134.7128,79.0247,41.3366,55.5160
133.8356,77.1119,40.2940,56.8620
135.0731,75.6173,39.2141,57.7200
135.6591,74.3335,38.5792,58.5156
136.6806,72.9780,38.3772,58.6670
136.7820,73.1337,38.5474,58.5133
137.4011,73.0428,38.7641,58.4106
137.1702,71.7836,39.2955,57.8692
135.5296,70.0958,38.8202,58.2340
136.4719,70.2885,38.2855,57.6932
138.9353,71.1214,37.1403,57.1562
140.3389,71.0390,36.0786,56.6746
141.3476,69.5199,35.2357,56.2482
141.0130,69.4357,34.6113,55.5789
140.8334,68.8793,34.0755,55.0942
140.3542,70.2064,33.6422,54.5754
139.5880,70.5629,33.5326,54.3674
139.4867,71.9740,33.6487,54.3215
138.8676,73.5716,33.3917,54.0536
137.5797,74.9399,33.3106,53.7206
137.4923,75.2619,33.3950,53.2539
138.0117,75.5980,33.2828,52.7823
137.5976,75.8004,32.9374,52.6426
136.8576,75.7361,32.7487,52.7574
136.8158,75.5583,32.7475,52.8994
136.4650,77.2284,32.6809,52.8508
136.2675,76.7546,32.7832,52.6831
136.3508,76.4004,32.8384,52.8269
136.7537,76.9413,32.7992,52.6669
136.4930,76.7641,32.8040,52.7026
137.4707,75.4868,32.8145,52.8622
137.3951,76.0349,32.8069,52.7518
138.7935,76.0680,32.8123,52.7429
139.4341,76.1666,32.7198,52.9786
140.0923,76.0261,32.7710,52.6447
140.5204,75.3210,32.6724,52.7079
140.2848,75.5831,32.4736,52.9101
140.9122,75.3254,32.5025,52.6005
140.2733,74.6259,32.3760,52.7735
140.5119,74.6097,32.2824,52.7131
140.7767,74.1272,32.5824,52.2664
140.8349,74.9432,32.6469,52.0143
140.9116,74.7665,32.5252,51.8007
141.2564,75.2800,32.3505,51.7631
141.0110,74.8970,32.4215,51.8258
140.2517,75.5189,32.5611,51.9311
139.4762,76.2290,33.4031,51.4094
138.8118,76.3473,34.1590,51.1680
137.8040,76.2683,34.8476,51.2760
136.6488,75.6175,35.4091,51.9345
136.2621,75.3837,35.9400,53.0557
136.1935,74.9998,36.0624,54.1911
136.9627,74.3909,35.7593,55.8157
136.5793,74.3248,35.4159,56.7952
136.2470,74.0431,35.1024,57.4119
136.7927,74.1174,34.9539,58.2843
