1
288.6302,76.0527,63.2147,225.9361
286.2490,76.0509,67.0416,226.0957
280.5131,75.6668,70.0114,226.0984
273.5964,74.8162,72.9872,225.1091
272.7101,73.3716,74.1549,224.2019
267.5994,74.2660,75.9894,223.8316
262.5583,77.5166,76.5134,224.7864
264.2108,78.0860,76.6614,223.8738
262.6551,79.3027,76.8937,222.9671
257.3702,81.6289,78.2734,221.6719
254.5909,81.3844,79.6324,221.0157
251.9286,82.6324,81.0957,220.2548
251.2135,85.4010,81.6039,217.2781
249.4261,83.4943,83.6423,216.9499
250.1290,85.7224,85.6139,214.1664
251.9701,87.7736,85.6968,212.3586
253.5963,87.2405,87.0771,211.7276
255.2623,88.6414,88.1413,211.1597
254.7767,91.5045,90.3306,209.2239
252.3722,91.0443,93.0441,209.6104
250.2280,90.7989,96.7432,210.4530
246.5991,91.4471,100.7759,210.8600
243.4839,90.6634,103.9510,212.3756
242.6145,90.2502,106.8059,213.5661
240.8872,90.2743,109.6330,212.1076
241.5394,87.9263,111.3841,213.3950
243.4664,88.2806,112.7841,214.2753
244.8177,86.5525,113.8112,213.8622
249.9852,84.2207,112.4596,214.3274
251.2000,84.8374,112.4692,215.4369
251.8798,84.9884,113.0527,215.7533
252.9153,85.4998,113.0304,220.2607
252.0380,85.4636,112.4682,221.9573
250.7906,85.6604,114.7874,224.6790
250.6586,84.9708,120.4389,227.9015
249.4884,83.3159,122.8566,227.7604
251.0128,79.8673,126.0621,230.2770
252.8125,76.2414,128.6977,233.1034
255.9300,74.0065,129.7296,235.2284
258.3558,72.0118,131.7757,238.1298
264.9407,61.7310,132.5850,244.8005
266.6035,59.3571,131.8818,248.8697
269.7544,53.1610,134.7264,252.3511
279.4974,43.5088,136.9841,256.4092
285.7850,45.6430,139.2379,257.8029
291.2112,44.5923,140.6986,258.1090
288.4832,45.0137,141.2712,257.5725
284.6698,48.0560,141.4939,257.8697
279.2798,43.6735,143.5767,258.5374
273.8485,50.1390,144.3839,252.7703
270.8528,53.2927,145.8320,249.3909
266.1574,55.6246,144.9366,244.0521
262.9119,62.3419,142.1340,239.3187
264.2186,63.5383,141.4087,235.9246
264.4873,67.9029,140.7472,233.2126
265.3230,72.9452,140.1373,229.6884
266.4373,74.5568,139.8997,225.8200
266.4001,81.5535,138.8613,222.0170
267.9543,86.0904,137.6897,217.4124
266.1538,88.4639,136.9756,214.0706
263.7412,89.0156,136.5728,212.6024
260.0464,87.0487,137.7144,212.1660
258.8379,86.1546,136.8093,212.2413
257.0433,84.6278,137.4030,214.0136
250.6016,83.4564,143.6367,209.1085
245.2749,87.0348,149.0809,203.6647
239.6106,88.7662,154.3363,199.9377
233.4690,91.6974,157.6666,196.7054
227.7834,94.5759,161.0651,193.0880
222.3967,93.4564,162.7657,192.8844
212.3395,90.4944,166.4031,193.8585
209.5291,91.6276,169.1758,192.3313
206.0373,90.3841,171.6967,192.6930
208.5426,87.2513,172.3382,191.5425
206.9895,84.4990,172.5039,192.3164
205.6675,86.0100,173.5748,192.5661
225.6748,90.5648,171.8317,191.5904
222.8012,91.9111,173.1101,190.5946
233.1226,93.9412,171.3346,190.9235
252.4257,97.6219,166.5661,191.9324
259.7285,95.0195,163.6037,192.9491
269.5803,94.4179,159.4069,195.4955
284.1699,90.3942,151.2258,199.3445
293.4343,83.5842,144.6151,206.0054
301.6488,79.8300,140.7062,207.7892
307.5444,79.0569,140.0028,210.4915
313.5948,77.4224,137.6090,214.4073
319.1212,76.1574,136.8830,216.2891
329.5554,75.3083,133.2018,217.3031
333.9900,74.1961,132.5982,219.1577
338.4026,74.1709,131.7075,220.7345
338.7000,73.3700,130.6501,220.3301
340.3929,75.4805,130.6582,219.2840
338.3864,74.6698,130.7661,219.6769
329.6478,70.6735,129.8787,220.3250
326.7200,69.8552,130.8366,222.7492
319.5466,70.4720,129.8819,221.2849
308.6332,66.5462,127.4754,221.0925
304.2725,61.6564,128.0065,225.0849
297.0236,57.9603,127.0322,227.1725
289.2477,53.0174,126.5209,230.0882
288.5900,48.7177,127.6033,234.3677
286.0715,47.1439,127.7150,237.6902
277.4315,44.0189,128.0517,238.6282
275.4000,42.2834,128.5113,242.2407
270.0081,39.6893,129.9309,244.3865
256.1540,44.3807,131.6026,246.8604
252.7897,40.9048,132.4375,247.5177
250.3478,46.7430,132.3528,245.5287
243.2477,52.5474,132.1794,240.7486
242.9825,52.4229,131.1008,241.2316
239.9944,53.6522,130.8150,239.7369
235.0345,62.0229,131.4720,234.4047
232.7278,61.3812,132.4500,232.1318
228.6947,62.2413,133.6378,230.7488
223.4174,65.3272,134.0398,228.6554
222.5765,66.8788,134.9941,227.6738
221.8995,68.4643,135.2159,227.3111
234.8839,66.5103,133.1344,228.1808
237.7922,65.9393,133.0330,226.8503
247.6275,63.5519,130.5922,224.8006
256.5641,59.3209,130.6983,227.6656
253.4466,59.4137,130.8619,229.9339
253.8004,57.1150,132.4480,233.3105
257.7843,53.9909,131.7643,234.3574
255.0713,51.8076,132.3363,236.7315
258.6416,52.5732,132.2577,238.5545
264.3186,50.5772,133.1464,241.0786
268.1808,50.9572,133.4475,241.4927
268.2111,52.9105,136.2187,241.1732
274.1459,57.5271,136.4173,239.2763
274.3853,59.9675,137.1905,237.2772
279.0950,63.1061,137.4138,233.6760
281.9447,69.2011,138.5965,229.6905
281.5544,71.3510,140.2501,228.1030
283.1189,74.3021,142.2616,226.8037
283.5454,76.5190,141.9138,224.4433
282.5134,79.4260,142.4238,222.7348
282.9940,81.7833,141.5194,220.8458
284.3247,85.0296,139.4026,218.7265
284.7157,85.8465,138.2838,217.5029
284.2782,87.3738,136.5772,215.9258
281.5092,90.3479,135.3793,214.6442
279.4119,92.6702,134.0078,213.4622
277.0948,92.3104,132.0818,212.5833
276.7348,92.3113,130.1662,211.4589
274.3819,93.3808,128.8760,210.1484
273.5020,92.1518,128.0010,209.5782
273.0234,89.8213,127.4800,209.0178
271.7187,92.0625,127.6869,207.2908
269.7744,90.9685,127.7275,206.7843
263.9239,88.4969,127.8535,206.2926
264.2695,90.1192,127.8476,205.7300
262.4308,86.7460,127.4150,205.4257
254.9435,79.8181,129.3345,208.2306
257.7337,81.1732,129.9661,208.4465
252.5291,79.1119,129.1755,210.4601
246.6620,72.7539,127.2280,214.2740
247.9669,70.0000,124.8784,216.9274
246.4150,67.3111,123.4432,219.1172
244.2041,61.7993,122.6469,221.3830
245.1606,59.2914,122.4880,223.6107
245.6109,57.9617,122.5267,225.9529
243.3014,59.6583,121.7147,224.5743
243.1976,57.2648,121.7622,225.8721
242.3792,57.7280,120.9805,225.1255
240.1756,59.2171,120.5656,224.7182
240.6216,58.3072,120.3975,224.9295
239.0337,58.6142,120.3184,224.8871
234.4482,65.1495,119.4398,221.8380
231.2800,63.1631,118.4188,218.6947
231.1833,65.0143,117.0093,216.8080
232.0969,67.7227,116.7482,215.3869
232.1465,68.4619,116.7631,214.0805
232.8657,67.6956,117.2281,213.6294
238.2709,70.4516,117.9281,212.0085
236.5454,69.2518,118.3601,212.4932
241.0368,72.2391,119.5866,209.9542
246.4950,72.8475,121.1053,210.6882
248.2861,70.3301,120.4158,212.3608
252.4558,69.6192,121.1415,212.8060
258.3239,64.4317,122.5779,214.5788
256.6239,66.3496,123.5085,213.5966
259.9329,64.4685,125.5683,215.0138
263.9003,62.5309,129.3605,215.4744
262.7506,61.8391,132.4361,216.9801
264.8215,62.3698,135.7541,217.7222
268.9849,66.2650,138.3158,218.2600
271.5522,66.1488,139.4925,219.9775
273.7513,67.4025,138.5234,220.0445
279.0971,70.9872,135.1368,217.7861
277.7549,71.2640,134.6853,218.4238
274.4601,70.4892,135.2161,217.9870
271.4133,73.2704,136.0762,218.8097
269.3283,73.0261,137.1237,220.1042
271.4047,72.8935,137.0626,221.3494
273.8172,74.4132,134.8482,221.5234
273.8647,71.1714,134.4942,224.1276
275.9625,70.1487,134.5510,225.1939
277.1834,65.1252,134.7327,226.9493
279.2348,65.8130,134.2635,228.5798
278.6370,61.8137,135.3159,231.1500
280.0636,52.7575,135.9421,235.8879
279.7984,53.4283,134.6467,237.7904
278.2236,47.9706,133.2446,238.3289
269.8322,44.3643,132.9109,240.7666
268.3493,44.9887,132.1381,242.3581
264.8257,44.2119,131.6941,243.4133
259.8912,48.2539,132.0875,243.9672
258.7005,49.9482,132.0934,243.5730
253.7130,53.7500,132.3749,242.9884
249.0446,54.6894,132.0611,241.7773
247.1292,55.3077,132.4515,240.6662
246.0057,55.5921,132.7166,240.2491
255.5279,55.2775,129.2582,237.4522
257.3462,52.9148,128.3513,239.0683
257.7921,51.3893,128.3359,239.3118
260.8618,45.5756,130.8051,240.5474
260.7306,46.7146,130.7146,240.7818
259.1981,45.1457,131.1770,241.0613
260.5542,41.9649,130.3955,242.3250
262.2893,40.1710,130.2387,243.1824
261.7150,39.2435,130.4814,242.0644
261.3105,41.9947,128.7964,237.6447
259.7863,43.5009,129.0830,235.1613
260.7303,43.0794,128.8389,233.9150
264.8600,47.2021,128.0596,228.9932
263.7537,48.3070,125.4727,226.1075
266.6074,51.7701,123.5607,222.8598
270.1818,57.6232,121.5974,216.9318
269.7428,60.8745,120.0678,213.2456
268.6486,64.4716,118.5898,212.3295
275.6252,66.6558,116.5756,210.4072
277.7096,68.3815,115.2061,206.8627
279.7514,70.5675,113.9033,202.8755
291.6606,72.4620,111.0447,198.7065
289.4888,76.5728,110.7108,194.2877
291.1169,78.5721,107.9886,190.3969
291.6946,69.9454,107.4603,189.4847
292.8011,69.1051,107.1781,187.3351
292.1668,62.0366,107.5942,191.7366
295.7384,55.5314,106.8028,195.0133
296.6343,54.3044,106.0324,196.4826
298.3108,50.6349,105.8976,196.9562
300.5605,49.1488,106.6800,197.1942
298.4097,46.2013,107.9120,198.5381
300.3819,42.8588,107.2881,203.4591
308.0891,46.1600,105.3087,202.0968
308.1530,46.2197,103.8406,202.2465
311.5761,47.6400,102.9331,202.5677
317.5131,49.1502,105.0667,205.9032
319.6386,47.9193,104.9301,207.3189
321.3189,48.4841,106.0870,209.0028
318.9427,53.5355,103.4113,206.6487
316.6194,50.5902,101.7859,206.8246
315.8489,49.9939,100.7674,205.7101
316.4981,47.1365,100.1204,205.1237
320.3451,44.8293,99.2533,204.6581
320.0527,43.6284,97.9875,204.2188
319.8197,45.1268,98.1977,204.7796
319.0856,45.5797,98.3806,203.7515
316.4880,47.2607,98.6895,203.5191
309.2840,48.6453,98.8397,200.4644
306.4000,48.9582,98.0198,198.7110
307.5206,50.6416,98.2598,197.3271
315.1400,54.0245,96.9146,196.6535
318.6841,57.0871,96.6173,194.3912
322.4946,59.7384,94.7992,191.2669
322.6458,59.6595,93.8759,190.3937
324.2244,60.4769,93.8800,190.8270
324.5698,58.9371,93.3114,191.7087
326.9092,55.9549,94.3629,193.9974
330.6072,53.9241,94.8379,194.8968
333.7380,53.6033,95.2497,194.5259
334.7374,51.0050,95.5610,194.7949
331.6679,50.9012,93.7773,194.4302
329.8795,51.4574,91.4660,192.5056
324.4320,53.6728,89.1713,189.8368
316.9833,58.8179,92.4293,186.4161
313.0149,62.9234,94.5760,181.6446
308.1802,64.5956,97.2234,179.2230
307.4092,66.4775,97.1035,177.8067
309.6807,66.5978,94.7837,177.7569
314.1247,68.4464,91.5926,176.4989
320.1596,69.9717,87.6405,174.7962
326.8666,70.4016,86.3728,172.2066
328.6108,72.2020,85.7604,170.0114
331.8824,71.5385,84.4399,167.8469
333.7018,71.9468,83.3471,164.1478
334.3250,72.4468,83.4952,163.2288
337.2230,73.2975,82.3808,161.7836
336.5872,73.8913,81.6600,159.4035
338.2270,72.7492,80.9522,159.0466
339.8100,68.4059,79.8036,159.3217
340.3351,69.3590,81.3410,158.0750
338.6562,67.6462,82.4288,157.2606
2
0
0
0
0
1
277.6729,76.3084,46.3313,160.8032
274.6534,79.2244,48.6923,160.5239
273.9946,80.7131,50.1091,161.1393
273.9731,80.6833,51.4623,159.9985
273.6605,79.1014,52.5747,160.7143
272.7251,79.2827,55.4001,161.6159
273.4816,76.7556,58.4633,162.1743
273.1158,75.9058,60.4867,161.5084
272.5058,74.8336,61.8272,161.8903
271.2652,71.5728,61.0988,161.0633
270.5839,71.4293,60.6344,162.6025
271.7797,71.0671,59.5346,164.0906
272.2629,67.4472,56.7935,164.9820
273.6098,65.5016,55.8625,167.9432
274.6620,63.2556,55.9915,170.5764
273.9346,64.5742,57.4578,170.6772
273.3524,64.3697,57.4116,170.1314
274.8095,65.6021,57.3752,168.8108
276.3344,68.5869,58.1547,165.2581
276.0710,69.0233,58.4023,163.1267
277.8173,70.8841,58.5652,162.0049
277.8037,77.7361,59.0437,158.9641
277.7641,77.3669,58.6681,158.3748
278.3191,78.8172,59.1438,158.7529
277.2247,82.3597,58.8261,156.5527
277.3802,82.8713,58.0994,156.3467
277.3338,83.3034,58.0044,155.7610
278.4297,86.5748,57.1680,152.9246
278.3206,87.2790,57.8107,151.7731
279.2252,89.5413,57.9055,149.1182
277.7225,90.7816,60.5658,148.4720
275.9034,91.2008,62.0212,147.4106
276.7116,91.3879,63.4007,148.0863
277.6708,92.2319,64.6174,146.4926
277.4210,93.7061,65.0398,145.1208
278.0414,92.1244,66.3253,144.5099
281.7416,91.1900,69.2961,142.8922
281.1719,93.6041,70.5881,141.4192
284.2750,91.6365,71.9267,140.8175
291.2307,90.1177,72.8955,139.5674
290.5161,91.5445,74.0798,139.1632
294.2434,91.0422,74.1581,139.5649
300.1937,92.9427,72.9976,139.8351
301.1700,93.2632,72.3002,140.8126
303.6732,95.8030,72.9464,140.9802
302.0905,94.7284,74.3011,140.6270
301.4776,93.9547,74.6811,139.8024
301.3604,93.2530,75.0775,140.6936
298.3287,89.0877,75.9489,142.4661
298.0750,86.7718,77.0767,143.5515
294.6046,86.1991,79.1265,145.1803
287.7932,84.9445,81.6800,148.1074
286.3548,83.8872,82.3704,150.0335
283.5908,82.0420,83.3880,152.8965
282.7137,82.1092,82.5279,153.1145
279.9937,83.3512,82.8425,151.0324
277.5859,84.7102,81.9956,150.9268
275.3000,82.5457,82.8941,152.4996
274.2564,82.3325,82.3972,152.5095
272.4095,81.4289,81.4442,152.1339
267.3716,81.5932,80.3950,151.9975
266.6306,82.2556,80.8240,151.5536
265.2695,85.4729,81.1258,150.5504
264.5035,89.6932,81.1903,148.1081
262.9885,91.8336,81.1736,147.1205
259.0505,91.2898,82.7458,147.4499
257.8834,91.3947,82.9632,147.0434
258.2076,92.1322,84.4676,145.8661
262.0553,92.1431,82.5750,146.3274
269.8562,92.2478,83.3432,147.8939
273.5929,93.6552,84.1678,147.7299
277.7459,97.9821,86.8498,146.0780
284.7812,102.8744,86.8624,143.6149
287.7778,101.4210,86.3191,144.8364
292.3777,98.0832,84.0804,147.1047
289.7037,97.0880,83.1725,149.9463
289.5884,96.3554,82.5215,151.0510
289.5479,95.5917,82.7909,152.0613
292.3362,95.7128,84.9446,152.4795
293.1722,94.2493,85.4970,153.5386
292.9832,93.7880,85.8265,156.2845
292.1551,98.9139,86.9016,154.1695
294.7137,98.5730,86.2800,156.5299
293.7368,98.9532,87.6316,157.4459
299.4135,100.7100,89.4873,155.5385
300.8120,99.0285,90.9349,154.4613
303.2772,97.5390,92.9830,154.9670
304.3197,95.9980,92.8677,156.1185
305.6294,95.0154,93.4952,156.7261
305.5732,98.6374,94.1778,156.7338
304.0363,100.3606,95.7920,159.6151
302.8705,103.7887,97.1565,159.2706
302.1663,104.4512,99.9753,160.1859
300.2856,99.6785,101.8935,161.9041
299.8928,98.9427,102.9455,160.3808
297.1531,100.8055,104.8436,157.8335
299.5164,101.4442,103.1965,156.7710
304.4469,102.4007,100.0861,156.9234
307.1007,103.3535,98.2928,157.3837
309.6277,108.8567,97.2811,154.4067
312.1982,111.0153,96.0081,151.5272
312.3437,113.2451,95.6362,150.7037
310.2036,113.1053,94.7424,148.8438
314.7190,115.1132,92.3884,145.2810
313.4589,117.5443,90.7079,142.4482
307.5826,120.2274,90.2360,141.3882
310.3965,121.3029,89.8060,138.5310
307.5728,122.3783,90.7175,137.9834
304.3760,121.2119,91.2726,138.4748
305.3518,119.8585,90.4297,138.4400
305.0193,119.1770,90.1007,138.7371
304.8548,115.7678,90.9186,139.2819
305.4952,115.1654,91.5357,139.1016
305.4594,112.7401,91.3140,140.2582
302.9777,110.7339,89.5021,140.8340
304.2669,109.0849,88.9712,142.1177
302.3737,109.2355,87.4357,142.1625
298.4578,108.2969,83.6229,141.6887
299.0380,107.8778,81.3977,142.8885
297.5775,110.1995,79.1813,141.3809
292.7437,112.6406,79.4657,140.7667
291.0011,113.2193,79.8944,141.7778
289.5804,114.5976,80.2620,142.5759
288.2458,118.6877,79.9232,140.9163
285.9152,117.6374,80.1203,142.1223
283.8305,116.2540,81.3232,141.5772
279.7799,115.9685,82.7402,141.2635
277.3966,114.0294,83.6673,141.7770
276.6577,112.2511,83.9313,142.1035
276.6779,108.1108,83.4259,144.8496
275.8740,107.1486,83.2993,146.1452
272.4347,106.2431,84.7237,148.3105
268.8048,106.8577,84.6251,148.7009
267.3901,107.4971,83.9897,150.7081
266.4121,105.6792,83.9360,152.9195
265.6547,102.4698,84.3272,154.6834
266.4543,100.3614,85.1164,155.3599
268.2585,96.9198,85.6464,156.5516
269.9136,91.1157,86.3439,158.3669
271.6444,87.2121,86.3038,161.8685
274.6077,85.1092,86.5357,164.9375
275.5951,86.0506,87.6601,167.2835
276.3735,84.9064,88.8494,169.4581
276.5244,85.9332,90.8201,170.4526
277.2477,91.0513,92.1314,169.1935
276.8522,89.1119,92.1992,169.8347
276.9483,92.3703,92.4413,168.6062
275.9273,95.7711,90.0570,167.4763
276.5026,96.7780,88.8514,165.7575
279.7050,100.7702,87.4204,163.5609
281.2502,107.8512,87.0155,158.0688
281.8056,111.1434,87.5415,154.7748
279.0345,112.9863,89.1468,154.2051
275.5541,113.3741,92.2720,154.3848
275.3289,114.0332,93.2824,153.0426
274.6214,114.8698,94.8025,152.8625
273.0716,115.4642,96.7735,152.7740
274.8535,116.0135,96.8995,152.2042
275.4315,116.6731,96.6377,151.3711
275.1872,117.6940,95.0320,150.1488
273.9695,119.7358,98.5027,146.4191
270.2916,120.4316,101.2217,142.5378
269.9182,120.4104,101.9698,140.4211
273.0446,120.6508,102.2591,139.8788
275.9624,119.1632,102.3060,139.0912
278.3672,116.4462,102.4729,138.0817
280.3866,114.1769,105.1423,135.4173
283.3904,109.9904,106.8986,134.2390
283.9753,108.4493,106.7696,134.2410
283.8943,106.1749,108.1574,133.8697
282.6407,107.7143,110.6745,134.1130
283.5037,108.5372,112.4363,131.8979
283.6530,106.8625,116.6809,129.4847
282.3350,106.8483,120.8342,125.7458
281.1353,106.9897,120.7341,121.5992
275.7518,105.1195,124.1652,118.4858
272.6566,104.8028,124.9621,115.1600
271.9472,106.4843,121.9416,112.5316
271.5468,103.1917,120.2722,113.2989
270.8221,99.3146,115.9031,115.5400
267.7657,98.4419,109.1050,118.1737
267.6425,98.3380,104.2885,124.3270
264.0857,99.1475,101.5017,127.4558
262.5729,97.4076,97.0928,130.3527
262.9203,97.2286,94.1351,133.9775
264.6468,93.8061,91.8365,138.2286
268.3708,92.2992,88.4139,144.6447
268.7580,90.9435,87.0619,148.5531
270.6572,90.5752,86.8966,154.1212
272.3239,90.9826,86.4561,157.5033
273.0802,92.1071,86.5915,159.6137
273.7030,92.2083,87.2796,161.6031
275.3284,92.2454,88.0235,162.3334
276.7708,92.3206,88.8124,163.7519
279.5509,91.5731,90.1527,165.3452
284.2796,91.6770,92.5670,166.1668
281.7932,90.6235,94.1156,166.9461
284.0222,90.6752,96.2835,168.4298
289.2219,94.9197,98.3330,169.0649
288.9189,96.0478,99.7316,168.5764
290.8515,96.0137,102.1051,170.0777
291.1595,100.3478,104.3632,170.9170
289.4629,99.4997,105.4153,172.2364
288.4062,99.7673,107.2629,174.4655
289.5750,102.9900,109.2561,174.0655
289.8049,103.1563,110.3078,173.4163
288.9564,103.7877,111.6767,174.3469
284.1153,106.0101,113.0362,174.2496
284.8257,107.1068,114.5402,173.7854
280.0890,108.9866,116.7877,174.4630
269.6294,107.3864,115.4438,176.5196
266.0462,104.2754,113.5765,177.9025
257.7371,105.0887,111.3731,177.4122
250.9340,107.1368,108.5425,177.0121
251.3218,104.8141,106.7644,177.9135
253.4361,104.0549,104.4977,179.1580
255.4098,100.1435,103.7969,181.1365
249.2787,101.2527,106.4156,182.9034
245.4130,101.5782,107.0296,184.7177
242.2784,100.8977,108.3381,188.3415
236.4239,101.1089,110.8043,191.3901
233.1838,100.7395,111.4108,192.1680
229.7847,99.8896,113.1137,194.6757
226.9682,103.3830,113.3336,195.2641
223.6906,100.8149,114.3279,197.8118
220.8168,104.7127,115.7336,199.1116
218.1289,108.1261,116.5082,199.1298
216.5650,110.4466,117.1749,198.3487
214.8147,111.3079,117.1324,198.3440
214.7616,105.4360,115.4363,199.3312
214.3410,103.1694,114.8749,200.4935
213.1298,100.8844,115.1587,201.4052
211.7215,91.5068,116.0622,204.1080
214.0711,87.4217,116.1611,205.4177
211.8865,87.8327,116.4145,205.8059
211.8693,81.8826,117.7084,208.0304
213.2474,79.8640,118.5787,209.3969
216.8596,77.6277,121.1897,211.3432
223.4809,74.5512,122.0910,213.4079
224.7334,75.4190,121.5152,215.1307
226.6258,73.2251,121.6835,216.5430
228.5992,67.9664,122.2615,220.9490
226.9266,66.8998,122.9935,222.5533
225.8098,69.0587,122.4622,225.0538
231.8701,76.1301,121.6348,223.2551
232.2639,74.8541,122.0729,222.5276
235.3232,77.4189,121.2332,222.5990
238.3171,77.4271,121.7196,222.7863
235.3757,77.8338,121.4778,222.8298
236.9622,78.2207,120.5825,221.9591
240.4668,80.9467,121.7467,220.0260
238.2067,81.6537,121.0024,219.7769
239.6761,82.3709,120.9047,217.6005
250.6735,83.4391,121.1226,216.2449
252.7667,83.9287,121.3311,215.5006
257.9883,85.0559,120.8961,216.2170
263.2886,84.9967,120.0449,216.9958
262.4449,84.8007,119.9002,217.8706
262.9460,82.5686,121.1564,219.0422
264.4818,77.1902,122.7270,222.9132
263.0499,75.7157,122.4773,223.9991
265.7951,72.6469,122.5997,226.6734
262.9294,64.0483,124.5705,233.0937
262.2865,65.4360,125.1941,235.2412
259.1917,66.2283,124.9859,235.9053
255.9052,67.7073,126.3191,237.1413
256.8101,67.5861,126.0855,236.0123
259.7009,69.2091,125.7276,234.7930
260.6849,75.1067,125.9826,231.5146
264.2202,77.1280,123.8302,228.6337
265.8945,79.7645,123.7557,226.0619
264.3646,81.5342,123.5283,224.1273
263.2387,79.7436,123.3534,223.4436
260.2151,81.0302,123.7184,222.5567
258.5142,78.8609,123.0397,222.0883
253.7007,79.1424,124.5431,221.4221
254.9404,75.9081,123.4502,222.8635
261.5233,71.4773,121.4513,223.4149
262.6171,73.5074,123.8811,223.9563
271.3165,66.8682,122.0674,228.0905
277.9927,57.3737,120.1404,232.4457
276.5440,54.9104,117.4180,234.3255
280.8541,52.1095,113.9388,236.2340
284.6149,56.6307,111.7221,236.2328
283.1277,53.7715,111.4031,237.0971
284.3093,56.4762,111.5610,236.8587
283.8100,54.8109,115.5453,235.8306
285.7777,53.6644,117.8533,234.9912
284.6545,53.5057,121.1310,236.7159
287.3622,47.6404,125.3722,241.0404
288.8737,45.8947,126.7674,242.8620
292.1721,45.7678,125.5390,243.6400
290.7356,42.5982,129.3014,245.4668
291.9742,40.1255,130.9896,246.0583
295.0494,39.8411,133.3031,244.9291
301.6227,39.3282,133.3156,243.2536
308.5007,43.1735,133.0784,243.5065
320.7436,47.8607,132.4920,242.5783
336.3368,50.8697,131.7540,242.8594
342.5961,54.6349,127.8653,236.1389
351.1852,56.5984,124.5239,233.2850
354.4994,59.5729,124.0489,230.6725
358.9427,62.9087,124.2686,228.8521
371.8686,67.3263,123.6859,226.1366
376.3604,65.4098,122.1252,222.8201
382.5763,70.4461,120.1975,219.5771
393.3467,78.4547,118.0618,215.2911
389.2454,78.9744,117.1446,212.5239
394.4019,84.1368,115.4330,209.0929
396.9130,87.5986,116.8448,207.4650
398.9542,89.0475,117.1063,203.8438
398.5535,90.6579,119.9701,201.7560
399.8464,91.5006,121.8519,197.9461
399.2535,91.3528,122.5297,194.9409
397.1762,91.3572,121.4721,193.3318
390.9402,87.8773,121.2278,190.9383
388.2866,86.6705,122.9647,190.0644
386.9766,87.8288,123.1558,189.8554
386.8650,84.9935,120.3227,192.0892
385.8369,84.0731,120.4177,194.8200
380.3447,80.3871,119.3179,198.5211
374.0802,72.8575,116.2014,200.1281
370.6157,73.5976,115.3333,199.5865
369.0960,73.2416,114.1746,200.4007
369.7361,74.1170,112.8963,199.3602
370.7153,75.2000,111.3510,198.3208
374.4127,73.9939,100.8670,208.0274
374.4066,78.6144,101.9762,203.0978
373.0659,79.6852,102.5154,200.0888
373.8422,83.6717,103.4363,196.0431
376.4282,87.4645,104.5423,192.9138
377.1505,86.9712,104.4191,191.1974
377.5605,88.4060,103.9951,189.7126
376.7815,87.7588,101.9202,190.3407
377.8500,89.0601,100.7604,189.5628
375.4497,88.6320,99.1318,189.4380
372.4385,74.8237,87.2562,202.4040
373.6333,73.0019,80.2899,209.4683
375.1708,72.2205,76.4078,213.0799
374.0468,75.8637,76.7200,212.2854
374.6609,76.7397,75.4404,211.9374
372.6890,79.9811,75.6465,210.8671
371.7928,88.1963,76.0134,206.5933
371.4421,87.2166,76.8815,206.5889
369.7688,88.3592,77.8727,206.1281
368.5285,92.9745,77.5802,200.3298
369.3904,88.6731,76.4507,200.2920
368.7970,93.3562,76.3841,197.1632
370.2572,92.2579,76.8521,197.8773
369.3959,93.4896,76.5754,198.1790
371.4542,91.0803,76.6995,198.3002
370.2196,88.9949,75.1616,198.3316
370.1635,86.5176,74.9764,199.3711
367.5742,90.5524,76.2720,196.7256
362.5939,84.1276,76.3476,199.6171
361.1022,83.4397,76.6680,200.8597
360.0037,82.8276,75.3758,201.6715
358.0174,81.7709,74.8485,201.4137
357.7686,80.1248,74.8652,202.0199
357.1825,81.8629,74.7362,202.0169
352.0601,91.3673,76.8621,197.5146
351.4633,94.6624,81.0808,193.8801
345.1583,97.9669,83.1582,190.7797
341.1056,103.5558,81.7866,184.0927
343.3274,105.7383,82.2903,179.8546
341.5029,109.3083,80.3038,174.3552
337.2784,111.4429,78.1458,170.5623
336.7357,114.1252,77.6389,168.0917
334.0908,116.3945,76.0411,166.5399
330.0968,118.1992,74.9302,164.0289
329.0580,119.0560,75.7569,163.2688
326.0491,120.7505,77.1580,163.9731
319.4037,122.0481,77.3134,163.3222
315.8920,122.0594,78.2446,163.7657
310.5943,123.5360,79.4065,164.0459
306.5563,120.5722,79.5014,165.7112
305.6888,120.4443,79.4754,167.4928
305.4428,119.9536,80.6610,167.4091
305.4303,117.3717,81.7699,169.1790
307.1291,118.1381,81.2338,171.1421
306.1509,115.6239,80.9803,174.1648
303.6124,110.0941,80.3970,176.4942
305.8269,108.9608,78.0237,178.0343
304.6077,107.5089,77.9816,181.1731
304.3448,101.5074,76.0336,185.7036
301.1048,101.1227,74.7164,188.5315
300.5386,96.6248,74.4136,191.8288
299.9040,87.6945,73.9337,198.3369
297.0487,88.5340,74.5463,200.7454
295.4763,85.5125,76.1087,205.3960
297.6463,82.1363,75.6443,208.8163
298.5811,80.4092,75.1813,211.6245
300.4493,82.4925,75.2311,214.4626
302.3982,87.0503,73.6968,213.5128
303.0765,87.1668,72.7937,213.9521
305.7567,91.8951,72.1358,211.5630
309.7128,94.8250,70.7234,208.5965
311.4393,93.3694,69.9570,209.1454
313.8481,96.8100,69.5857,209.0103
317.7591,99.4911,69.0450,208.1528
318.7054,96.8471,68.5680,208.4322
319.3840,96.0004,68.9548,208.8689
323.3379,97.4127,69.7074,210.3849
319.7458,96.7230,70.5723,210.2132
