1
233.8009,162.9153,35.5329,66.1654
234.1974,165.5531,35.3971,65.6596
229.5998,164.6311,35.3128,65.7076
231.7818,170.7825,35.1107,65.1236
231.2422,175.1193,34.7412,64.7215
229.0198,185.4115,34.7243,64.2779
217.2274,190.4046,34.7152,64.1611
225.5608,201.9716,34.4001,63.4506
242.4926,231.0816,32.3671,64.1918
267.6510,236.0099,31.5979,69.9107
261.3353,267.1041,30.4670,71.2810
244.1270,278.0628,30.2449,71.2098
236.8082,285.7097,31.1528,71.6795
210.1090,303.8675,36.6026,67.8867
175.0130,304.9131,39.6039,65.3452
144.5943,300.3243,44.3262,61.7567
124.4002,290.3379,46.2831,60.3149
103.7856,284.9553,47.6160,59.4365
110.1091,243.5065,41.7872,64.3891
89.1054,244.1798,39.3989,65.8643
83.5835,241.8390,36.6863,66.1446
80.7673,241.2177,36.1106,64.8385
58.2391,236.8483,38.8145,60.9215
69.5895,224.8693,39.8608,58.9023
69.8471,218.9951,37.6909,60.2068
114.1197,228.6001,44.3991,53.7241
2
0
0
0
0
1
247.9719,275.3844,60.1718,46.1905
251.1095,277.9877,61.6118,46.0146
264.5157,283.0042,63.7809,45.9661
271.5934,284.7091,64.6633,45.8290
285.9142,288.8689,64.8933,45.4636
307.8861,296.2288,65.8989,45.0698
325.2141,299.1845,66.4693,45.1422
336.5384,306.5775,66.6429,45.3221
336.0244,309.9602,66.8680,45.9577
330.8234,313.4608,67.1129,46.7580
350.0511,321.1597,68.8022,47.6925
374.5177,338.3082,69.6657,48.5511
367.6489,335.3200,70.1711,49.8929
364.6584,326.3207,71.0699,50.7149
375.5960,331.2703,71.8094,51.8338
395.3949,338.9010,72.4796,52.7450
411.0840,341.9219,74.2135,53.7733
423.4830,342.4498,75.2577,55.2893
433.1617,355.2083,74.8012,55.8473
439.2415,358.7079,75.7803,57.1982
412.1149,348.5180,77.2038,56.2933
389.2084,330.2775,76.9094,56.0557
378.5027,308.5747,76.2447,54.7106
366.8590,296.2404,75.2413,53.2158
358.7027,285.7974,74.1034,51.7399
340.1401,280.7207,73.7703,50.3094
323.4672,273.9869,73.0815,49.3604
305.0943,270.1310,73.1790,48.6553
288.3930,266.4113,73.5368,48.2814
281.0903,258.0840,73.3307,48.2330
264.8606,248.5331,73.9310,48.1607
241.7347,233.5021,74.4632,48.7308
227.8212,219.9929,75.6289,48.6875
215.3174,210.4306,75.6761,49.0505
196.4719,203.2320,75.7678,49.5404
168.3393,188.8211,76.8537,50.1440
148.0569,175.1975,77.4310,50.5322
127.0189,167.1842,77.2314,50.7176
121.3088,162.6507,76.7548,51.2333
111.9935,148.5210,76.8423,51.6639
100.9656,141.1047,77.4040,51.9366
90.3397,148.5553,77.7915,52.7656
100.6062,166.5430,77.8311,53.8001
118.7174,195.5621,77.3815,54.1046
119.0497,192.7285,77.2906,54.6175
116.6381,175.8102,77.5454,54.7356
113.5702,177.4662,78.1669,54.7302
116.5918,192.2200,79.1642,55.0375
119.4262,212.0417,80.3249,55.3791
134.5353,228.1590,80.6884,55.6472
165.8475,239.7718,79.7307,55.2497
189.3251,224.5803,74.8846,61.4706
2
0
0
0
0
1
147.6605,72.8625,44.1314,68.4751
144.0992,67.5632,46.0104,71.0228
151.2430,70.6573,47.0864,72.3511
156.9152,71.9295,48.3705,73.1169
157.3096,73.4960,49.3011,72.9234
158.7502,73.9014,49.9336,73.0443
168.7150,74.5709,49.6832,73.0796
186.6765,77.7912,49.4986,72.6617
194.0672,72.4108,49.7849,71.0787
189.3646,68.5386,49.5779,69.8419
182.1334,65.7060,49.3226,68.7002
175.9394,67.9576,48.6807,67.9688
173.6897,67.1132,48.1795,67.0316
155.7885,69.3913,47.9603,66.4384
136.7299,75.3822,48.1793,65.1080
126.8472,83.8834,48.5289,64.6421
122.2588,90.7264,49.2628,64.1006
112.1486,104.3493,50.3519,64.3605
103.1630,113.2798,51.6918,64.7367
97.3915,113.6299,53.0863,65.7606
94.5405,112.9075,53.9579,66.8095
96.8283,127.5109,54.9356,67.6284
95.9895,133.6770,56.0299,68.5629
97.4946,136.6691,56.8947,69.1034
107.1792,135.2258,56.9851,69.7781
114.0425,125.2190,56.8151,70.3353
109.7821,119.5837,56.8440,69.8922
103.6995,114.5460,56.6965,69.8602
100.9533,102.0834,56.0516,69.1944
