1
299.1668,281.5056,14.4632,20.9252
288.5585,286.5081,14.3817,20.4162
2
0
0
0
0
1
217.2140,236.5139,14.4004,25.0769
204.1242,222.1360,13.9193,25.7263
193.7727,216.1367,13.2992,25.9803
188.5057,206.9710,12.9651,26.2624
183.4359,191.7238,11.9768,28.1411
180.8114,188.5131,12.1233,27.9228
183.6268,185.9028,12.5108,27.6510
189.2011,186.2401,12.5861,27.6675
199.6192,196.5428,12.7394,27.5858
211.8324,203.7067,14.9567,25.7243
2
0
0
0
0
1
336.0912,200.0493,12.9872,25.4809
344.5286,203.0442,14.4981,23.7589
352.6082,202.0568,15.3179,23.6577
354.1146,198.2007,15.5926,23.1294
359.4336,198.7937,15.5453,22.8146
364.4519,202.9699,15.5237,22.0124
372.7496,197.6676,13.8955,24.0818
375.5481,201.6650,14.0987,24.0442
376.8611,205.1557,13.0937,24.2898
377.6230,202.7962,13.6015,24.4145
381.3650,204.7684,13.8979,23.4239
384.4288,209.8058,14.2263,22.9201
386.1154,208.2575,14.2491,23.2472
389.7013,209.5668,13.1697,23.7266
390.2340,213.2432,12.3120,24.5590
389.5927,206.7223,11.9150,25.5492
388.8292,204.6150,11.9264,26.3971
388.3764,207.5123,12.0097,26.3630
386.9935,203.6239,12.1390,26.9598
388.8671,203.3464,11.8285,26.7014
391.8238,210.5043,11.4248,25.9314
389.2498,204.9330,11.6435,25.5676
385.3837,204.3966,11.6370,25.6792
380.0537,208.7079,12.0087,25.0029
374.3771,209.9036,11.6692,25.4021
372.4462,207.4490,12.0092,25.9385
368.3445,211.4852,12.0981,26.0252
360.2826,210.2087,11.9024,26.7985
354.2891,206.4143,11.6788,27.3537
345.6062,210.6885,11.5554,27.9147
339.1976,208.2551,11.7081,28.4920
329.6245,205.0490,12.0153,28.7439
325.2599,209.7161,12.2944,29.0148
318.0564,209.8420,12.6111,29.1166
310.9365,206.0640,13.3247,28.7315
306.5807,205.8740,13.7028,27.9506
299.0739,211.0782,13.9326,28.1322
292.8405,206.1793,14.0934,28.0815
289.8183,206.9235,13.8734,28.2477
284.7882,205.3111,12.1707,30.4316
274.0777,206.9400,11.9599,30.8386
262.6423,207.5260,12.1968,30.4001
254.3363,217.2805,12.5528,29.4982
250.2574,212.4785,12.9790,28.7882
249.8187,216.0098,13.0371,27.6078
246.6177,222.1829,13.0607,27.1313
239.5812,218.2789,13.2146,27.7883
235.3685,221.0286,13.3927,27.4430
232.0672,227.3055,13.2664,27.4958
230.7762,222.9689,13.2026,28.4812
231.9273,220.5275,13.4353,28.9568
228.8325,224.4335,13.0603,29.7190
220.4189,219.4013,12.9402,29.8331
217.3738,214.6201,13.7056,27.8230
218.1507,221.3455,13.2946,27.6125
222.2002,217.0314,13.0459,27.9892
226.6666,213.2917,12.8586,28.2901
228.9914,220.2077,12.6920,28.1148
229.3446,216.2134,12.6794,28.2620
227.0974,212.7040,12.6305,28.4510
225.7686,219.2069,12.7744,28.1188
224.3613,212.7162,13.0523,28.5011
223.9398,206.2202,13.1629,28.4647
224.5181,208.0352,12.8573,28.3254
221.3770,201.3406,12.9053,28.6146
221.5345,196.5887,12.8618,28.6540
230.8585,203.3201,12.8651,28.8937
240.2343,203.9298,12.8264,28.5386
252.7143,201.3817,12.7550,28.0601
264.4331,208.9720,12.4907,27.5216
271.3061,211.3451,12.3662,26.9117
275.3929,207.4947,12.4655,26.2705
284.9160,208.1557,12.1567,26.1396
296.1099,210.5528,12.2984,25.9121
309.2645,205.5994,12.0184,26.1575
313.7267,205.4665,12.0855,26.0095
