1
535.3881,200.7413,22.9616,21.5497
533.3424,206.9942,24.0779,21.4695
530.4976,213.9456,24.3585,21.3973
529.3424,221.1338,24.7085,21.5851
526.9663,228.1915,25.1722,22.2654
525.5201,235.7239,25.2781,22.6544
525.4834,242.4133,25.2061,22.3277
526.1964,246.2582,24.7568,22.3048
527.5013,249.8384,23.9368,22.3903
533.0832,255.7614,23.7109,21.6493
536.3257,256.8219,23.0888,20.9338
544.8555,258.7411,22.3987,20.2063
553.1934,262.4739,21.7473,19.6168
561.1130,263.7495,20.9005,18.5573
571.4492,266.2951,20.2254,17.7220
583.4539,267.2237,19.4583,16.8851
595.0945,269.4129,18.7175,16.2550
606.3585,272.0269,17.9853,15.6841
614.7902,273.9293,17.4936,15.2156
625.0405,276.1540,17.3258,14.5347
633.0885,279.0237,16.9326,14.0557
639.7321,281.1177,16.6072,13.6547
647.7999,284.0876,16.4741,13.1435
655.5068,287.0045,16.3996,12.5861
659.2196,288.7740,15.8579,12.5464
668.1261,286.5226,15.0047,13.1702
668.2640,285.5218,15.1698,13.4209
675.3524,288.7536,16.4654,11.9844
679.6489,288.9441,16.2678,11.9255
683.8479,289.8265,16.0130,11.8606
687.9348,289.7022,15.7529,11.7754
691.0088,287.9334,15.3535,11.5821
694.7122,286.4322,15.5013,10.7484
697.8142,285.0379,15.3123,10.8068
702.8096,281.8247,15.0242,11.1261
706.6987,277.8918,15.0010,11.2574
713.9695,273.5902,14.7969,11.6789
720.9390,270.1588,14.7237,11.5204
728.9559,265.2293,14.4254,11.7979
737.1688,260.1532,14.2023,12.0370
745.7249,256.4209,14.4625,12.0450
757.6921,251.7699,14.2846,12.1243
768.0117,247.4993,14.3525,12.0971
783.0401,239.9741,14.2521,12.0909
797.1351,237.0391,14.1688,12.0100
810.2821,231.7649,14.1402,11.9235
825.2474,227.6486,13.9932,12.0071
843.8074,223.4347,14.3548,12.1771
856.6368,220.9777,14.4717,12.0867
871.2390,218.4568,14.6043,11.9570
887.7316,214.5705,15.7331,11.1933
903.2834,209.1854,15.5975,11.3634
915.1741,206.2087,16.0052,10.6516
928.7987,199.7603,16.6492,10.3030
947.8016,194.1628,16.1383,10.8273
947.0641,189.0138,17.1124,10.0000
2
0
0
0
0
1
1043.5175,164.1004,13.6291,11.6894
1052.1603,169.4267,14.1146,11.8947
1059.0361,174.0602,14.3394,12.1834
1064.8678,175.4453,14.2570,12.4814
1070.5737,170.8445,14.0623,12.6121
1073.9601,162.5687,13.8939,12.7142
1077.4561,154.2535,13.7704,12.8371
1081.3250,146.6951,13.8069,12.9958
1083.0400,140.4153,13.8358,13.0578
1085.7205,136.8682,14.1265,13.0304
1087.1329,131.5443,14.0014,12.9840
1088.9563,125.2230,13.9188,13.0116
1090.8640,122.1394,14.3070,13.1432
1092.5062,120.3640,14.2064,12.9995
1094.6332,117.5927,13.9060,12.9581
1097.5591,110.8075,13.4860,13.0163
1100.5249,99.1279,13.0799,12.9246
1100.6571,86.4625,12.8039,13.0588
1102.5065,80.2968,12.6472,13.0466
1107.6703,77.4526,12.6022,12.9610
1110.8169,73.0440,12.4681,12.9155
1115.3934,65.2773,12.6220,12.8753
1121.7500,58.8909,12.7698,12.7794
1127.1871,54.6834,12.6966,12.9339
1132.3577,53.5975,12.7736,12.9073
1137.2579,49.5476,12.9917,13.0252
1144.2435,45.2682,13.0438,13.0817
1151.2495,44.8363,13.1952,13.1124
1154.3087,44.5695,14.2085,13.1939
1159.8499,44.1714,14.7294,13.4571
1167.3668,41.6649,14.6697,13.4082
1172.9359,39.0020,14.6054,13.4067
1179.5134,39.4870,14.7271,13.5036
1185.2961,40.9254,15.0285,13.2375
1191.5027,44.8255,14.6750,13.1338
1199.1672,50.0131,14.2985,12.9799
1204.7631,56.3096,14.0719,12.5799
1211.3400,67.9237,13.6145,12.2177
1217.4371,81.6010,13.5029,12.3618
1223.5461,96.6796,13.5589,12.4107
1229.3162,110.6781,13.7382,11.7481
1233.3167,126.1174,13.9681,11.1497
1236.5599,143.7039,13.7924,10.7377
1240.7697,159.5866,13.6684,10.5719
1244.5369,173.5854,13.5198,10.1115
1249.2914,189.4528,13.7823,10.0000
1251.2842,206.4787,13.5693,10.0000
2
0
0
0
0
1
1259.1074,306.0801,19.5867,10.0000
1257.9700,309.1218,20.0345,10.0000
1254.1544,311.7201,20.3813,10.0082
1249.8574,314.2065,20.3422,10.1689
1247.0353,318.5605,20.3333,10.0000
1240.3643,322.8212,20.6163,10.0000
1232.4254,328.9857,20.7822,10.0000
1226.7455,336.9381,20.3023,10.3881
1219.1199,345.3579,20.0986,10.6033
1210.8986,353.5924,19.7128,10.6324
1200.4020,363.7612,19.5155,11.1418
1191.6240,374.0707,19.6570,11.1263
1182.9286,380.7520,20.0841,11.2639
1173.6604,391.2419,20.6072,11.1053
1163.6660,401.6000,20.5568,11.5084
1153.2166,412.8628,20.2303,11.9072
1144.0211,425.9450,20.1248,12.0452
1137.6556,437.0634,20.7041,11.7774
1131.0720,443.5916,20.7192,11.6065
1125.9517,447.7282,20.7633,11.4980
1119.3201,452.0168,20.6404,11.8627
1114.8290,456.6784,20.8225,12.1700
1108.8472,460.9202,21.1240,12.3999
1105.9540,463.8076,21.0340,12.6493
1102.6027,466.5559,21.2408,12.8829
1097.7590,468.7859,21.6602,12.9746
1095.9108,468.1126,21.4891,12.9647
1093.4210,464.6444,21.2667,13.3686
1092.8319,461.4296,21.5964,13.5544
1091.7781,458.4228,21.8469,13.3365
1088.3612,454.9138,21.6898,13.4521
1085.6725,452.1013,21.4558,13.1101
1083.6423,451.1678,21.7314,12.7524
1081.2681,450.6883,21.8522,12.5909
1077.2889,450.7946,22.8237,11.8316
1071.7139,448.6495,22.7751,11.3026
1063.3069,448.4389,21.9244,11.6462
1058.0587,448.3825,21.4476,11.8126
1052.6288,448.1009,21.0768,11.8705
1046.7126,447.6620,20.1718,11.8017
1042.7731,447.6745,19.9467,11.3642
1037.1536,445.5392,19.7063,11.0485
1031.6931,443.3908,18.9174,10.7800
1028.5978,439.3340,18.4230,10.3105
1025.8052,436.9765,18.0968,10.0000
1020.7870,433.4735,17.7840,10.0000
1015.9609,428.1501,16.0134,11.5104
1010.0827,426.5215,16.1662,10.7412
1006.3721,424.9314,16.4754,10.0000
1003.7850,424.4441,16.7483,10.0000
999.3763,424.2311,16.5746,10.0000
991.4474,423.7122,16.3770,10.0000
986.4492,423.4770,16.2121,10.0000
982.6011,423.5509,16.3267,10.0000
977.7358,423.2909,16.1887,10.0000
974.7703,422.7272,16.0772,10.0000
970.9167,421.0282,16.4073,10.0000
967.7990,418.7872,16.2989,10.0000
965.1033,414.6886,16.5672,10.0000
961.7562,410.7495,16.3787,10.0000
959.0426,406.6599,16.1847,10.0000
957.2299,401.4612,16.7054,10.0000
954.6299,399.1809,16.4560,10.0000
952.4206,391.4659,16.7497,10.0000
950.3111,383.9735,16.6781,10.0000
949.9408,376.7567,17.0402,10.0000
950.0204,371.0187,17.5017,10.0000
949.9240,366.7368,18.1407,10.0000
951.5535,362.6963,18.1813,10.0000
953.8339,358.3733,18.2981,10.0000
2
0
0
0
0
1
906.0096,336.7778,24.8224,10.4621
905.0709,333.8401,24.9680,10.7056
899.0585,331.4730,24.7505,10.5243
897.5672,330.6251,24.4055,10.4967
896.9100,328.0819,23.9634,10.8489
887.4128,327.5055,22.6293,11.5482
884.7817,327.1923,22.6972,11.5922
880.8422,328.8169,23.2134,11.6137
882.8387,326.4476,22.9204,11.5277
879.1172,328.1226,23.0030,11.6310
2
0
0
0
0
1
804.5242,333.3478,26.5471,10.0000
797.1130,337.7907,26.9312,10.1303
789.5702,339.9323,26.7116,10.2150
784.3748,340.0578,25.8822,10.2412
777.4639,340.1678,25.2758,10.2685
772.2057,339.2458,24.5220,11.0146
765.8647,336.3264,23.9080,11.5696
758.9297,332.6128,24.6688,11.7699
753.6205,327.0770,25.5042,12.4083
748.6846,324.0579,25.5212,12.8063
744.3613,318.6224,25.8628,12.4292
739.7877,312.8252,25.4344,12.2241
735.1818,305.2221,24.7509,11.9276
731.0043,297.8456,23.7265,11.8806
727.2067,290.2738,23.9771,11.7781
723.0381,283.1204,23.4266,11.8930
718.0309,275.9130,22.7758,12.0708
713.4829,270.7827,22.5536,12.1850
710.0201,266.2187,21.6517,12.3112
707.2029,262.2142,20.4540,13.2858
702.9379,257.0372,19.9781,13.3181
700.2316,252.8116,18.8623,14.3443
699.3259,249.9879,18.3909,14.6844
696.1671,246.9061,17.4242,14.8175
692.2703,244.0237,16.8497,14.9023
689.0358,240.6631,16.3032,15.3434
687.5090,239.7106,15.8118,15.0568
684.5871,237.6763,15.4647,15.1974
681.4321,235.6293,15.0892,15.5179
677.7357,233.2919,15.5123,15.3632
673.3681,231.0547,15.5984,15.1404
668.8956,229.6469,15.4746,15.3935
663.9614,225.6622,15.8387,15.1632
659.3174,224.7867,15.6025,15.3249
653.7670,222.9092,15.8525,15.3422
648.3547,221.2250,16.1357,15.1995
641.2073,220.8966,16.3119,15.0682
633.6850,221.2561,16.0890,15.7609
628.5896,221.3432,15.5148,16.3664
619.7681,220.9820,15.7033,16.1410
614.5635,215.3009,15.6165,16.1838
615.7645,212.1729,17.1834,14.0505
609.4858,210.9931,16.3839,13.5005
602.2335,212.6521,15.9833,13.8759
593.5842,212.8735,15.3402,14.1895
2
0
0
0
0
1
525.6697,211.1093,19.5992,19.8301
522.2024,212.2910,19.2633,19.9129
515.7068,213.3444,19.5317,19.3690
509.3802,213.6050,19.5248,19.3524
505.6475,214.2159,19.1377,19.6362
504.0474,214.3933,18.8635,20.1973
498.4591,215.3149,18.6680,19.9462
494.8908,215.3993,18.2861,20.3519
491.6362,215.7982,18.3151,20.6754
488.0678,217.0782,18.1112,20.5142
485.1761,218.4736,18.1503,20.3020
483.4247,220.8746,18.4190,20.3821
483.6485,222.8820,19.3246,18.9721
478.2007,227.2466,19.6167,18.9897
475.0343,230.8731,19.9715,18.7150
474.2677,234.4413,19.6101,18.6718
468.9629,238.5630,19.7376,18.7503
467.5431,240.6230,19.8074,18.9183
464.6555,244.2828,19.4853,19.0190
463.7347,249.9096,19.4077,19.2199
462.1312,253.0701,19.5772,19.2494
461.5351,256.5768,19.8526,19.2689
460.5071,259.4271,19.9032,19.5718
459.5190,261.9223,20.0852,19.6855
458.4946,264.0921,20.2468,19.3669
458.1674,267.0952,20.3955,18.7106
458.3407,270.1668,20.3495,18.7326
459.2457,272.7980,20.2111,18.7611
459.4000,276.2209,20.1223,18.3347
460.6523,281.2228,20.4704,18.0067
461.1696,284.2498,20.5692,17.7810
462.9694,284.6838,20.1080,18.3304
464.2597,289.3472,20.2598,17.5058
465.0030,291.4360,20.2868,17.2471
467.7568,293.8592,20.4414,17.3950
469.6514,297.9955,20.4901,17.0809
472.0042,299.6426,20.8536,16.7119
473.2030,301.4879,20.6439,16.7541
473.9432,303.4390,20.5992,16.3442
474.9483,307.0052,20.9219,16.2606
476.1262,308.8191,21.2910,16.4777
476.2663,311.8439,20.8012,16.5418
474.1566,317.6961,20.6878,16.0339
474.7207,319.7453,20.4487,16.4026
470.4590,321.2446,19.3154,18.0139
471.0725,318.5503,18.7173,18.2101
474.9001,312.2728,18.0404,19.0226
478.0943,304.6454,18.5135,18.9286
2
0
0
0
0
1
451.6556,328.4400,20.3887,12.1045
449.7123,329.0302,19.8208,12.8572
447.7055,329.7600,19.4625,13.2486
445.2502,330.5075,19.8895,13.5824
443.6754,330.7725,19.8036,13.6920
441.2678,331.3853,20.2814,13.3911
440.6696,332.4522,20.2276,12.9130
440.2234,332.8895,19.9366,12.7219
440.1983,332.8312,20.1086,12.6526
440.4396,332.8958,20.2052,12.4430
440.6737,332.9787,20.1307,12.5495
441.8488,333.3754,20.4623,12.6164
443.9068,333.8958,20.4320,12.7987
446.1843,334.3252,20.3930,13.0020
447.4701,335.0635,20.4368,12.8916
448.3946,335.8085,20.2931,12.8812
448.3589,335.5206,19.8638,12.8638
448.2472,336.5345,19.8753,12.8689
447.3301,338.2023,19.5585,12.9396
445.6996,339.1587,19.6777,12.9653
440.5161,339.8159,19.4026,12.8464
435.9504,340.1769,19.4562,12.6421
432.9423,340.6243,18.9160,12.1466
427.0130,340.6766,18.7420,12.0083
422.7833,340.1606,17.9502,11.9925
416.2439,339.6727,17.7239,11.8887
411.5231,337.2503,17.5481,11.5432
407.3755,335.0491,18.0237,11.3935
401.3151,333.0369,18.3207,11.0278
392.9555,328.1650,18.2760,11.0866
386.5596,324.8608,18.4723,11.0309
381.4291,321.5045,18.2346,11.2707
375.8414,318.4070,18.0775,11.3925
373.1284,314.7592,17.0859,12.2665
370.1128,311.4353,16.4330,12.8629
367.0212,307.9327,16.0938,12.9812
363.4998,304.8521,16.0147,13.1213
361.9274,301.9790,15.6780,13.5674
360.3474,299.1263,15.3441,13.3162
358.5099,296.7438,15.3910,13.0608
356.6996,294.3866,15.6754,12.8784
353.8250,292.6372,15.5670,12.7814
