1
512.4105,197.1148,55.4184,30.0810
504.7527,195.9518,55.6125,30.5169
493.4415,196.2390,51.9871,31.1968
482.4165,198.0199,50.2678,31.2284
478.2319,197.1801,50.3219,31.1039
464.4294,196.9357,49.3976,30.8143
443.3105,192.1533,47.5096,30.6209
439.0314,191.8233,45.2484,30.8941
426.9701,188.9933,42.2764,33.3839
417.3742,187.6944,40.0198,36.1670
412.3356,185.2823,39.0495,38.8262
399.3031,179.2481,39.0043,40.4705
384.4002,176.4644,39.5342,41.9577
377.1590,172.9651,39.8881,43.4060
363.8064,170.1727,40.8880,43.0698
355.2022,173.3629,40.9600,43.0697
347.9243,172.5858,40.5205,41.9724
340.9677,171.5428,41.0348,41.3696
327.3297,168.7841,41.9736,40.0807
318.6539,162.0648,43.6416,39.0459
313.4166,166.3360,42.5343,39.8192
291.1129,159.2172,40.6693,41.0501
279.1375,152.3576,41.3022,40.4892
277.5068,153.5628,40.8126,40.0412
270.1313,153.7083,40.5889,39.1464
263.6825,154.8963,42.9554,36.1664
251.2226,155.0544,45.3441,33.5019
255.4138,159.9423,46.4821,32.6651
240.9916,160.7928,48.2328,32.3119
225.8353,156.0184,48.5361,30.0486
222.9559,147.4287,45.8955,32.5745
213.8844,149.8609,44.9407,35.0006
186.9073,144.8113,43.1532,37.9690
197.7760,122.1686,39.4461,42.1530
2
0
0
0
0
1
146.7819,172.1694,41.2011,36.6079
148.5516,172.7485,39.7681,37.8810
151.7173,173.8513,38.8223,38.1763
155.7539,173.1032,38.0769,39.4889
162.4720,176.2006,38.1144,39.1150
165.0132,178.6757,37.8105,40.0158
170.5901,181.7065,37.5514,40.8002
173.5591,183.4888,37.0692,40.9872
177.4556,184.2661,36.2075,41.8563
179.7849,184.8205,35.4448,42.8227
182.9228,184.6569,35.2303,43.4335
185.8575,184.7383,35.3076,44.2517
187.1844,185.7500,35.6199,45.1976
190.5325,187.1239,35.7499,45.9349
197.5504,188.9651,35.6636,46.7010
198.8478,190.1796,35.7262,47.3116
2
0
0
0
0
1
177.0271,180.3750,37.6485,36.4564
178.5316,180.0858,37.8513,36.6865
179.3214,180.6175,37.8954,36.9741
181.3591,180.2545,36.8042,38.3673
184.6708,180.8714,35.5297,39.0071
187.6252,179.9547,34.3495,40.0312
192.6963,181.5287,33.1492,40.4617
196.7741,183.0259,32.2961,41.3403
199.6587,185.4860,31.8809,41.9444
202.0742,187.8700,32.0673,42.2777
205.7368,189.0660,33.1166,42.3210
206.3191,191.2504,34.1283,41.8789
209.9958,193.1520,35.6365,42.0039
212.1751,194.5905,35.5584,41.9377
214.6232,198.1481,35.3471,42.1361
220.1276,203.7318,36.4499,41.9871
222.3317,206.4214,37.1705,42.5129
222.7496,208.3320,38.6202,42.8951
223.3354,213.8283,40.4183,41.5968
224.9194,218.7656,40.9838,40.8605
221.7197,224.0315,40.5282,41.7380
226.7398,229.1215,40.0033,41.6985
211.0172,234.1949,40.1256,41.1429
210.7612,234.0278,40.2050,40.2075
211.3516,233.8808,39.6645,40.3661
216.1089,235.3125,39.4617,40.6165
215.9723,236.7447,39.6455,40.3997
221.1581,243.9688,39.5474,40.3894
225.9536,249.7915,39.9127,40.2300
230.3233,250.0364,39.9572,40.6293
234.8918,255.8319,40.4764,39.6508
240.5152,256.2451,40.9849,39.1762
250.3180,258.0028,40.9156,39.1635
261.3467,262.7854,40.0334,39.0383
268.1542,267.6762,39.0768,39.0741
270.3076,269.1231,38.6577,38.9838
273.5733,272.9433,38.5460,39.6828
2
0
0
0
0
1
262.1827,272.0784,53.0321,29.7236
263.7055,274.1638,50.8871,30.8396
265.8923,274.8778,49.3059,31.0823
267.9667,275.4018,49.7987,31.4908
269.1380,278.4631,49.2433,32.2017
270.5317,278.7865,46.4114,34.6938
271.3084,281.4187,44.9398,35.9662
277.9750,287.4051,44.0176,37.0727
284.3083,289.9053,44.2757,37.5502
283.5803,292.8317,44.4518,37.7696
282.2443,292.6562,44.2635,37.9027
280.2143,292.1070,44.7903,37.6986
277.0751,293.1636,45.9517,37.9213
273.9070,294.2614,46.9310,38.1689
271.7995,294.6114,48.0510,38.1535
269.2990,294.6275,49.1444,38.3640
265.5216,295.0442,50.2748,38.7503
263.0231,296.2494,50.4279,38.5201
258.9903,298.1733,50.3114,37.1271
257.7089,298.6367,49.1404,36.0769
258.6533,299.2903,46.2765,38.0939
259.4625,302.0035,44.6216,38.9483
258.5630,304.0649,43.9961,39.3820
257.0769,304.7445,43.4635,39.7468
256.2084,306.9878,44.6909,39.6671
253.8749,308.3847,47.6453,38.5243
251.6826,310.2328,51.9152,36.3380
252.2631,312.4138,55.1910,34.8682
252.5373,315.6856,58.1957,33.7291
250.9350,319.8344,60.1860,33.4032
250.3348,325.0627,61.3588,33.7813
249.2674,328.1842,63.3755,34.0158
246.7761,331.3817,64.2970,35.1422
241.7422,337.3255,62.3642,36.3252
239.0006,339.8893,60.8401,37.1640
237.9282,341.9448,59.6735,37.5873
265.4206,342.8623,61.6649,37.3180
278.1245,341.7126,61.2002,37.8039
282.5766,341.5446,60.2067,38.6649
286.7997,341.9202,59.6077,39.1490
292.0974,340.5078,59.0730,39.6025
2
0
0
0
0
1
231.8848,344.0093,40.6444,32.7500
232.4453,343.3072,40.4792,34.4594
233.1164,344.4788,41.0349,34.5458
233.5553,344.2980,41.1549,35.3075
233.8654,343.2312,41.0190,35.5231
