1
193.6607,26.2611,77.9641,77.3005
192.8126,27.4437,80.0958,76.9116
192.2913,27.3659,80.9203,76.7949
190.5138,27.3357,81.9878,76.6277
190.0011,28.2246,82.5453,77.3073
189.2161,28.3482,83.0807,77.6573
188.3036,29.1740,82.9531,77.9254
187.3005,29.8216,83.2305,78.4003
186.9547,30.9598,83.7549,79.4087
185.7901,32.5217,84.6285,80.2423
185.1686,33.8362,84.7314,81.7028
184.1315,34.7086,84.8851,81.9388
182.7033,36.0590,84.6508,82.5722
180.5161,36.8991,85.4615,82.3906
180.1638,37.2887,86.6366,81.5838
177.8457,38.8389,87.4099,81.5221
176.9144,39.8309,87.7416,81.9751
176.6999,41.5033,87.0097,83.0023
177.2316,42.6141,85.3371,83.1233
177.7581,43.5744,83.4934,83.5357
177.6672,47.5178,81.9079,83.2649
178.4803,49.3504,80.7596,83.2568
179.2613,50.8941,79.1998,82.8318
179.7601,52.7085,77.9544,82.9729
179.3567,52.9157,77.5244,82.6877
179.6280,53.1334,76.9352,83.0842
179.9844,52.6917,76.7769,82.1544
181.9157,53.3828,76.3071,81.5979
183.7536,53.8966,75.5898,80.8915
185.6285,53.5982,74.9684,80.4260
187.5389,53.9817,73.5857,80.7158
188.5145,53.4931,72.4334,80.6393
189.7370,52.8197,71.4229,79.6374
192.6313,53.4063,70.2416,79.5603
195.6520,54.1521,68.1420,80.7595
198.6036,53.6122,66.7970,82.0258
200.6932,53.4714,65.5567,83.5980
203.0286,53.7442,64.5933,84.2441
204.9875,52.8819,63.6660,84.4531
206.6933,51.7228,63.1162,84.6161
208.4095,51.4751,62.8476,83.7396
211.4001,52.2842,62.1476,83.7329
211.4594,51.1036,62.7145,82.8265
213.9165,51.4256,62.2562,83.1682
216.3048,50.9256,61.3393,84.1751
216.6671,50.6268,60.8608,84.4567
217.5041,50.3107,60.4528,84.9843
217.5240,50.4167,59.9574,85.5964
216.4150,49.3768,59.9864,86.3659
216.8199,47.5209,59.7106,87.9777
215.0193,46.2506,60.2770,88.0978
212.8267,44.8351,60.3096,88.8105
211.3169,43.5336,60.1189,88.9982
207.7434,41.6383,59.5921,89.3675
204.6217,42.5082,60.1100,88.3499
201.9006,42.7177,60.9897,87.2523
201.3329,43.3183,61.2428,87.4916
199.8140,44.8634,61.8580,87.6508
198.6333,46.7145,62.3056,86.8623
196.9493,47.3315,62.7371,86.8434
196.0878,47.6813,62.5399,87.9560
194.9475,47.4765,62.9305,88.2447
192.4750,49.0298,63.5201,88.2717
190.3878,49.7784,63.6679,88.2448
187.1556,50.3201,63.4618,89.1056
183.9829,51.0214,64.0978,88.7213
180.0657,52.2240,65.1811,88.3826
176.2678,53.4844,66.0553,88.2018
171.9486,52.8372,66.9977,88.2517
168.3672,54.4562,67.6705,87.8969
163.1033,55.3116,68.5999,88.4602
157.7561,56.4940,70.1821,89.4336
152.8843,58.6970,71.1901,89.8574
148.5465,59.3347,72.5819,89.9511
144.8320,59.1862,74.4109,91.1799
141.3667,60.3692,76.7089,91.9236
139.2628,60.8023,79.2415,90.8125
135.2149,63.5602,80.3245,91.6053
133.5383,65.1451,81.2036,91.2746
128.6692,66.8974,83.0691,91.0424
123.6235,67.4736,84.5504,90.9100
120.8303,68.4250,86.1453,91.5502
114.9706,69.5383,88.1020,91.2971
112.7539,71.8166,90.6520,90.8007
107.9626,72.9211,92.7265,90.8167
104.5645,74.4954,94.0496,91.9028
99.6856,73.6894,95.1584,93.0609
97.6949,72.1880,94.6048,94.0020
97.6424,71.3764,93.3271,96.4616
96.7479,68.2426,92.6029,99.1679
95.1929,64.5743,91.1410,102.0221
91.9922,60.9818,90.4191,104.5417
84.4639,58.1747,91.6048,105.3247
87.6838,64.8739,91.2597,106.3984
86.0572,58.6566,92.4743,107.0077
79.7745,64.1565,92.9089,109.6417
69.0908,96.6931,102.4131,98.5947
68.4623,109.6376,108.1513,91.2145
61.9671,111.3552,110.9717,85.8956
63.5277,113.7659,113.8633,82.4543
64.9455,115.2413,115.0105,79.9025
58.8427,118.0294,115.1581,77.6561
61.5371,120.2013,115.5452,76.2287
76.8066,121.7281,119.5562,72.1609
82.7940,122.3892,124.9696,67.2796
78.4361,123.4249,130.0776,63.0353
90.3715,123.6473,130.6655,60.8194
88.6614,124.1875,130.4698,59.8708
87.3912,125.4067,130.5673,59.5882
98.4728,126.1562,126.1106,62.2334
100.4162,125.1245,121.3740,65.4484
102.1717,122.7665,117.2483,67.5725
103.1289,120.4672,114.0013,68.7888
111.4110,110.9917,111.1661,69.5164
111.8685,113.1666,108.0606,70.3543
114.9299,109.9342,100.1646,76.2601
118.1169,109.5327,95.8694,80.0140
122.2000,106.5793,94.4686,80.6012
133.4531,105.5401,91.7193,82.3083
137.8790,97.5512,89.9102,83.8100
147.2256,92.4124,86.4538,85.6073
149.2671,86.4557,85.5320,86.3217
161.7059,59.8127,82.2938,88.7666
165.8406,64.0538,76.4215,92.7719
182.9122,66.7193,76.3138,91.9428
173.6058,59.5372,76.3977,92.4948
177.9458,48.4014,72.1487,96.6360
180.6329,47.4006,69.9846,99.1462
179.8892,50.9834,72.5642,97.2870
181.2474,51.6442,73.1842,97.1282
181.6289,51.3863,73.6004,97.8724
178.8737,13.2584,76.4671,93.7964
175.1180,17.6226,77.5258,90.3708
169.8820,21.5067,77.7844,86.6909
166.6457,14.2183,77.9193,86.0111
163.7444,14.8000,78.3585,86.6564
170.3517,18.3185,78.5858,85.7271
167.3311,8.4438,77.8614,86.9632
175.1637,22.3754,78.1082,85.1271
173.0194,24.7679,78.7676,84.0898
172.0068,16.8055,78.5353,84.1481
183.3669,18.1737,78.5932,84.0832
171.7052,21.2601,78.6929,83.4322
169.3001,22.6162,78.6227,83.3486
167.1064,25.6628,78.3744,83.1321
174.6659,17.1166,77.2022,82.9312
172.0919,21.0608,77.0219,82.0835
181.5301,19.3276,76.9138,81.8162
2
0
0
0
0
1
215.4871,111.8513,54.2883,75.6338
214.2569,115.3447,56.7263,75.6441
212.3942,118.5722,58.9533,75.7839
212.3243,124.9355,59.2178,75.2966
211.9788,129.6797,58.9531,74.4542
210.8240,131.8143,57.8787,74.4808
210.3178,131.2656,57.5632,75.5596
211.1596,133.2443,57.2274,76.4343
211.3715,136.6646,57.3119,75.6401
210.7854,138.9137,56.5606,75.0393
210.6707,140.1790,55.9516,74.2639
210.5993,140.7077,55.2347,74.0499
210.8354,142.1996,55.2402,73.1942
211.4860,143.0731,54.9383,72.7317
212.4758,144.5286,54.6063,72.8774
213.4563,144.5315,53.8669,72.2198
214.0051,144.6151,53.5918,71.5872
213.8222,144.2242,53.4954,71.2380
212.9155,142.5294,53.5035,71.4708
211.0954,138.5441,54.1007,73.1455
208.2181,137.2695,55.3688,73.0239
205.4711,132.6813,56.8026,75.3534
202.5438,132.4718,59.0195,75.4859
198.2236,130.9208,60.4436,76.8084
195.7946,129.0613,61.5601,77.0600
192.2321,128.1457,62.4386,76.8365
189.5620,126.7729,63.9562,76.7810
186.8754,124.5319,64.8074,78.0127
185.0017,120.4247,63.9684,81.7635
182.4854,117.4044,63.4969,83.9386
178.4607,114.4236,62.8780,86.0083
175.2538,111.0763,62.2852,87.9170
173.7417,107.1220,61.0134,89.9202
172.3568,104.1736,60.2035,90.9573
169.7442,100.3069,59.3349,92.0352
166.4350,96.0365,59.2411,92.2281
163.8547,92.1876,58.9282,92.1846
164.4072,84.9602,54.8458,96.0462
164.2275,80.0734,52.1052,98.6818
163.9122,75.9209,49.8994,100.9255
162.1884,69.7354,48.8343,102.9512
159.0997,66.9689,48.8595,102.6660
149.9379,64.5692,49.4016,103.2711
147.6076,67.4974,49.4036,103.4600
144.6169,60.9568,49.8335,104.3838
141.0651,59.3711,50.0995,104.2915
137.4201,57.4710,51.1908,104.6209
132.7506,56.6232,52.4499,104.9563
128.0894,54.7048,54.4607,105.0066
114.6407,53.9037,60.2724,101.4188
115.0165,48.1314,66.1835,98.1209
107.3117,49.7655,69.1581,96.7165
107.7587,42.7997,74.3861,93.3856
101.7150,43.3758,75.8031,92.3718
103.2194,43.1147,78.2132,91.0888
86.7616,40.2506,79.3357,92.0253
99.7724,39.6185,81.0315,91.4334
100.6977,41.0333,86.3152,87.2205
94.7738,33.2193,85.5815,88.2225
86.4817,35.9496,84.4303,90.0860
71.0834,30.4538,92.9962,83.7652
66.5827,34.1266,99.8076,78.8123
59.6767,36.1711,105.8033,75.5337
56.6283,38.0074,108.7362,73.9226
51.9981,39.9397,111.9113,72.5189
44.3405,42.2730,116.1616,71.5438
43.5561,43.9600,120.1790,70.5914
43.5274,45.5546,123.3472,70.0142
43.1591,46.8426,125.7665,69.5517
43.0848,47.8627,126.7835,69.4911
40.1209,49.9276,126.7248,70.0773
47.1882,50.3281,125.6950,70.3123
43.7759,52.1252,124.3178,71.3943
42.8490,53.4113,123.6582,72.3174
44.7439,54.1917,124.0498,72.4492
42.0881,63.8816,125.8570,72.2588
44.7860,63.1238,126.3477,72.8681
52.8862,61.6807,125.8215,72.7927
54.2675,60.1531,124.8855,73.3141
67.0406,56.7769,116.3710,79.3631
68.4383,55.6648,110.9957,83.0468
70.3430,54.4340,107.4405,85.4140
72.0768,54.5001,104.5083,87.7136
89.0487,69.0003,111.5555,80.9367
73.3032,69.2184,113.1671,79.1394
92.7196,68.0082,114.3750,77.9221
78.2272,69.6998,115.7771,76.2083
78.6585,71.0623,115.9007,75.7991
98.9832,70.1595,116.0290,75.7741
178.9740,104.8405,98.2663,91.2819
183.2962,108.6661,91.0159,97.3514
189.5579,96.4130,82.4110,106.2172
2
0
0
0
0
1
114.4398,84.4459,92.7377,77.6625
117.4565,86.4673,93.8721,77.8162
120.4087,86.8221,94.8141,78.4535
124.2349,87.8599,96.7887,78.2308
128.6846,89.9203,97.7762,78.0595
131.6542,91.9902,97.5087,77.9985
135.0607,94.5875,97.4005,78.2598
137.7376,96.6417,96.9193,77.7993
140.3371,99.4546,95.9448,76.7563
142.0081,103.2039,95.9891,74.6251
145.0886,104.8253,96.0924,73.2839
149.6811,106.8169,97.4559,72.2635
152.8053,107.5339,97.2835,71.8931
157.5813,108.5668,95.8451,71.7051
161.7955,110.3160,95.6349,70.2079
166.2075,111.3726,96.9228,69.2239
170.0855,113.6418,97.3771,69.3317
172.2076,114.4128,97.3115,69.8908
176.7271,116.0330,95.9497,70.7875
182.4448,116.0592,95.7935,72.2064
186.6490,119.2137,95.7820,71.8961
189.7794,124.0940,99.6041,67.6459
191.2594,128.5232,102.2899,64.2458
192.7362,129.0888,103.9935,61.8894
196.8180,129.6250,104.3398,60.5033
198.9743,129.5310,103.6399,60.4764
201.5454,128.6709,101.4620,60.5992
205.1582,131.1272,99.5701,60.3232
208.5395,134.0124,97.5736,59.4605
213.6772,136.5690,94.8049,58.6455
217.8035,137.3681,92.8707,57.9288
222.4155,137.1258,91.7435,57.2207
226.6424,134.7651,89.9788,58.8402
227.4991,133.6284,90.7311,60.1184
229.2161,118.5492,87.4035,65.9554
238.1252,115.6161,84.3217,71.3870
239.5445,102.7956,81.3018,77.4844
232.5529,101.5559,81.2392,79.7601
233.1432,88.8700,80.4063,81.6317
225.5198,110.0459,80.1328,84.2619
220.0141,100.7777,81.1468,85.0181
218.4849,55.7305,80.6133,86.2079
215.4966,52.7213,79.0973,87.0664
212.5444,49.3194,78.0241,88.2673
181.6944,50.1397,82.4877,84.3141
172.1998,51.9519,86.4051,80.1593
164.5879,50.8148,84.7054,79.7642
170.7833,56.8141,83.2963,80.4088
173.2424,52.6645,83.0527,81.2960
177.6621,48.0460,80.3012,83.1987
171.8656,47.8939,78.3981,84.6498
172.0633,48.0108,77.1815,86.4063
165.0428,45.8166,76.0463,87.9380
164.6354,45.7024,75.9263,88.7112
162.8701,46.0651,74.6802,89.1505
161.5440,45.8255,73.5175,91.3612
159.1999,45.1391,71.5042,93.8196
156.6930,44.1086,70.4287,95.4968
151.4107,45.4782,70.2809,95.5622
145.3248,47.3595,70.7557,96.0978
143.8655,46.1231,70.8999,96.1696
137.9812,46.3967,71.1955,97.5677
136.8987,43.9571,71.4648,98.9183
134.3943,44.3460,72.5572,98.6811
131.2598,44.7579,73.4084,98.0864
129.0469,44.0825,74.5935,97.7796
126.8772,45.1009,75.4612,96.4159
124.8700,43.9577,75.2120,96.6659
123.0885,44.2394,75.3316,95.8319
120.3975,45.3329,75.3749,93.7623
116.1069,46.1737,76.9324,91.4087
113.8010,46.9936,77.6072,91.4030
113.0568,46.1977,78.1839,91.2877
