1
294.9331,144.5326,45.3688,148.9364
294.5729,143.3879,46.8084,150.4291
295.8712,143.0470,47.2078,151.9075
296.6200,142.0275,47.4562,154.1631
297.3576,141.6568,47.5290,156.1448
298.3926,141.3667,48.0162,155.7094
298.3725,143.1207,47.7004,155.2686
299.5103,142.6506,47.9874,154.6160
297.9239,142.4063,48.1709,154.2837
297.3094,142.1181,47.4669,153.3755
295.8987,143.0315,46.9431,152.9953
293.8449,143.4764,46.4931,152.4882
291.7461,143.1697,45.9746,152.2381
290.3521,143.9109,45.2220,151.3854
288.0248,144.0245,45.3802,150.2101
286.1260,145.0386,45.1340,149.1575
283.2131,145.5237,45.6540,148.6130
282.0312,145.5604,45.6877,148.5501
279.0034,147.3663,45.1226,148.7670
276.8854,145.7822,45.8128,149.3544
273.8924,146.4611,46.3244,149.2937
272.9530,148.3297,46.7771,148.4039
272.4077,150.1666,46.7434,146.9780
271.9595,152.2850,46.9763,145.9305
272.1938,153.5296,47.0182,145.2397
272.3371,153.1019,46.8635,145.2807
270.8899,154.4952,46.1542,144.4386
270.1841,155.8512,45.6298,143.3293
270.9305,156.2621,45.3770,142.3938
269.6510,156.5959,44.7331,142.4278
269.3666,156.9739,43.7744,142.5109
268.0813,158.6586,43.2875,141.6068
267.1708,159.4840,43.0558,141.3800
265.4230,161.2894,42.8006,140.2796
264.2088,161.2051,42.8644,139.9632
261.7890,160.7232,43.1290,139.3530
260.3180,160.4445,43.0954,139.3521
259.4144,160.0174,43.1364,139.5279
256.7394,159.9615,42.9613,139.7710
253.7290,160.2204,43.0602,139.2081
252.6891,161.3982,43.2939,138.6578
251.9967,161.8543,42.8406,138.7837
251.5044,163.0349,42.6687,139.6210
252.1568,161.6393,43.2114,139.4135
253.0241,161.7626,43.4331,139.9583
254.3492,161.7528,43.5932,139.8838
255.5883,161.5739,43.3373,139.9580
257.9904,158.2034,43.2188,141.4798
258.9586,157.6509,42.8493,142.8910
258.4955,158.0334,42.6282,143.0475
257.1765,158.8564,42.5553,142.9406
255.8211,157.6324,42.6525,142.9165
253.9176,158.0254,41.8170,142.8639
252.9874,157.4260,41.7276,142.4961
252.5055,155.8004,41.1183,142.8826
252.0537,154.7225,40.8895,143.2653
252.5762,149.4196,40.4234,145.2121
252.7288,147.4260,40.9641,146.5067
250.0846,146.9530,43.8287,146.0533
247.0216,143.9850,47.3460,146.0025
246.4112,141.6360,50.4088,146.3915
245.0937,142.1763,51.7386,146.6154
244.2341,142.3901,51.7112,146.5988
243.5151,141.2198,51.5454,145.8183
244.1536,142.1856,51.3630,145.2671
244.2529,140.1778,51.5595,144.5472
243.4287,141.3798,51.1623,143.4221
244.5323,141.1168,50.4566,142.1909
243.9235,142.0883,50.9530,140.6606
242.9099,141.8450,51.4870,141.6458
244.5893,140.7600,51.5649,142.6677
244.7505,141.2425,52.3941,143.3846
244.4001,143.4218,52.6363,143.3208
244.5429,143.5068,52.6378,142.2428
243.5713,144.5199,53.0758,141.0539
243.0909,144.7249,53.5492,139.8021
243.5113,143.4749,54.0938,138.8069
244.4278,142.9886,54.5324,138.4520
245.3633,141.7336,54.5882,139.5995
244.8024,141.2539,54.9001,140.6097
245.2199,140.5056,54.3676,141.9772
243.9994,140.1759,54.5688,142.4680
243.5932,140.6838,54.8926,142.5973
243.8764,140.7733,54.8797,143.1645
242.6907,141.7469,55.4848,142.5000
242.4162,140.4553,56.7536,140.3158
241.8896,140.7683,56.7210,138.7441
241.5123,139.6962,57.6774,136.5329
241.8587,139.4512,58.4102,135.8472
242.5420,139.3674,58.6632,136.1226
242.3902,137.9375,59.8317,136.2243
242.7205,138.4598,60.9302,136.9917
243.4979,138.7654,62.1006,137.6304
243.4423,138.8789,62.9116,138.8289
243.8403,138.1323,63.9218,140.1650
245.2617,137.3036,64.2980,141.1299
245.5899,135.8211,64.7353,141.2814
246.8335,135.9671,64.4989,141.2980
248.3355,135.7938,64.2265,141.9811
250.7617,136.2390,62.7704,143.2587
256.0302,135.1155,59.9118,143.4276
260.8761,136.2538,56.9302,143.3054
265.3916,136.6734,53.7761,144.1324
276.5739,138.9893,50.2128,145.2863
279.0148,136.0178,46.2358,148.2743
280.1272,140.8781,45.0445,150.2105
267.0810,165.1359,48.6760,150.0138
271.2449,166.9693,51.7708,148.6930
276.6052,154.1039,53.3695,148.6533
279.8732,207.9050,60.3659,139.5501
284.9981,213.9378,64.2013,134.7022
299.5508,209.2258,65.8016,130.6456
311.8780,204.1837,64.3032,130.1719
317.2077,213.0730,65.6208,125.8277
323.8372,205.3581,64.0734,126.6690
2
0
0
0
0
1
276.6661,154.8114,46.3275,91.5834
277.8051,152.8543,45.8280,94.6240
275.8940,150.8578,46.3165,96.5254
277.8875,150.4183,46.7722,97.0075
277.3971,150.9618,47.4048,97.2272
277.5807,149.5670,47.9869,97.4080
277.4979,151.7227,47.1733,99.6401
276.3078,152.0356,47.3158,100.9860
276.1052,151.9729,47.2480,102.3586
276.6350,152.1418,46.7576,103.9496
275.9534,151.9587,46.9138,106.0049
273.7266,151.5709,47.3083,108.4636
272.7366,151.8066,47.2474,110.9813
271.7177,151.5392,47.3679,113.6261
271.2078,151.4757,47.7313,116.0452
271.5869,150.3157,47.4598,117.8558
272.0081,150.3603,47.1099,119.4431
272.5491,150.0931,47.2918,120.4643
272.2227,149.6818,47.2956,121.1517
272.1080,149.2234,46.5915,121.1193
271.7289,148.5199,45.7662,121.2009
272.0622,148.2648,44.8359,120.5663
272.9257,148.0663,44.0611,120.1030
273.3797,147.3270,43.6067,120.3240
274.6862,146.2469,43.4873,119.7090
274.9443,146.0382,43.6295,119.2457
275.8035,146.4698,43.7375,119.0320
275.8273,147.0691,44.1690,119.4775
276.2719,147.3743,44.5642,120.0526
277.4139,148.2578,44.8077,120.0173
278.5484,149.5324,44.8045,119.0613
280.3022,151.0027,43.7639,118.5128
282.1773,150.6357,43.3650,118.5018
283.1791,152.1966,43.1625,118.3223
283.3691,153.3683,42.9440,118.4856
281.9347,153.6445,43.3610,118.8158
281.5238,154.7904,44.0265,119.4035
280.8723,155.5146,44.7084,119.9085
278.8688,156.7513,44.7668,121.6090
277.9765,155.8630,44.9296,123.7812
277.0280,155.3590,45.7831,124.8318
276.0423,156.3055,46.0711,126.0584
276.7502,156.9903,45.7173,126.5535
276.9112,157.0526,46.1053,126.6505
276.6283,158.3916,46.5441,126.7153
276.9921,158.7130,47.2862,125.9429
277.3224,160.6238,48.4002,125.7229
279.3306,161.4019,49.2389,124.4461
280.8308,161.2463,49.1629,124.1106
282.0528,160.0135,48.8945,124.7263
282.5351,158.0163,48.4551,125.9865
283.7802,158.0347,48.0349,127.2654
284.1822,156.7877,47.8976,127.7006
284.8727,157.1893,48.2301,128.3436
284.2658,157.2838,48.2094,128.5539
283.1642,155.7995,47.7456,130.1936
282.1830,156.3265,48.6668,130.2582
281.9039,155.6661,48.5179,131.3118
281.7506,154.0083,49.1426,131.6141
282.8322,154.2743,49.1643,130.9597
284.4583,154.2705,49.5360,129.9843
286.6711,153.4527,49.0778,128.9475
290.8340,153.9814,48.0885,127.5491
292.2399,154.9623,46.5796,127.0534
293.4507,156.0214,45.2831,126.4655
293.9397,158.1984,44.1096,125.6495
294.0527,159.2974,43.6279,125.7010
294.6496,159.3009,42.9605,126.5530
294.1087,159.9571,42.6352,126.8261
293.2523,160.2847,42.9655,125.9594
293.1968,161.8756,42.7852,126.0489
293.0165,160.6456,42.8961,126.7472
295.0123,162.6746,42.2715,127.9180
293.8439,163.1350,42.0419,128.3362
293.9158,162.5354,42.2079,128.5511
293.5366,162.6146,43.0903,127.3534
293.0953,162.4072,43.1297,127.4349
293.9933,162.0873,43.0219,127.2010
294.4386,158.9421,42.8158,127.5971
294.6967,156.8544,42.5969,128.1568
295.5290,153.3835,42.4025,129.4729
298.8162,148.5067,41.6314,132.0906
302.4546,150.5483,40.8164,133.8382
305.3631,148.4153,40.4096,136.0408
308.4440,145.6682,40.4460,139.3064
310.7182,144.9939,42.2221,140.5736
311.1771,143.3900,43.2828,142.0563
310.7615,146.0926,43.8669,141.5875
310.6989,145.9900,44.0871,141.8604
308.8155,143.4291,44.2373,142.7372
307.6240,141.8425,45.4530,143.2074
306.2497,140.2735,47.5014,143.3918
306.6514,139.9618,48.8805,143.8519
306.8691,141.8081,50.2912,142.7348
308.0445,142.9920,49.2872,143.0249
308.7928,145.9922,48.2276,141.9857
308.7456,149.1793,47.4380,140.7875
306.5050,149.2879,47.9669,139.1168
306.3275,153.6208,48.3705,136.3933
305.7602,156.6264,48.6324,132.8979
306.8584,160.9803,48.0501,130.3464
308.1002,159.3886,47.1949,130.3830
308.4738,158.9922,47.0550,130.2267
309.4098,160.4702,47.7643,128.7274
309.3781,160.5696,48.7984,127.1833
309.9935,161.9415,48.6196,126.1899
311.5315,162.7184,48.9478,124.1656
312.7188,163.3136,48.9889,123.4704
313.4146,164.4908,49.4706,122.5990
314.8176,165.1344,49.1992,122.0215
316.0230,164.1351,48.3823,122.8134
317.7093,164.2617,48.6543,121.7120
319.6339,166.2092,48.8029,119.9401
322.4747,168.1227,48.9114,118.2785
324.7404,169.7836,49.0721,116.5929
326.3629,169.7738,49.1561,115.8065
327.9443,170.2325,49.4218,114.8760
329.5898,170.0184,49.1526,115.7353
331.4733,171.3417,49.8136,113.9560
333.6728,171.2104,50.1288,113.2790
335.4009,172.6153,50.8230,111.2858
337.7605,174.2175,51.5338,109.5350
339.5115,174.4702,50.5912,110.6516
341.3799,174.3231,49.6284,111.9700
341.3336,175.3289,50.5494,110.7029
342.4890,175.4862,50.7319,110.3215
342.8978,175.9266,50.9961,109.6281
343.0363,175.3505,51.1996,109.1324
344.0992,174.9471,51.2528,109.1954
345.7127,175.1094,51.2258,109.2083
347.4225,174.2872,51.9337,108.8120
349.8794,174.2934,52.0362,109.1177
352.0973,174.2496,51.9798,109.0875
356.3371,174.2425,51.3467,110.0787
359.5852,175.2550,51.4570,111.1433
362.6102,175.2963,51.8106,111.6976
364.9974,173.4281,51.6356,113.6869
368.6078,172.8107,51.5767,115.2371
372.5349,171.5982,50.7107,117.7729
376.0095,169.8998,49.9431,120.1337
379.7082,169.4833,49.0080,122.8167
382.2844,167.9223,48.1474,125.4117
385.0066,167.5466,47.8613,125.9305
386.6490,168.8678,47.7480,125.7128
388.6080,168.3468,47.5762,125.0561
390.8159,168.9892,47.1349,125.2656
392.8040,169.0389,47.4134,124.4212
393.8990,169.2785,48.1148,123.3953
395.4925,170.6017,47.8479,124.5462
396.5728,171.5988,47.8721,125.7173
396.9684,172.6364,48.5166,126.5964
397.7666,174.4600,50.1086,127.0222
398.4796,174.9119,51.0051,127.8496
401.1368,175.4260,51.8973,128.8450
403.9660,175.1883,53.2255,128.3965
406.7222,175.7626,54.3628,128.2968
409.2379,176.1234,55.0409,127.8768
412.2375,174.8256,55.2165,128.2342
414.1418,172.6744,54.8658,128.9017
416.8787,170.2581,56.0993,128.7577
419.0554,168.1996,55.7625,129.6748
422.3867,167.3888,54.8307,130.8153
425.5286,164.5269,53.7705,131.6283
426.8291,163.1918,52.5605,131.8535
429.7664,162.4363,52.0121,131.6541
430.4388,161.3070,52.4021,130.9770
431.8950,161.8235,52.6716,129.8122
432.0319,163.2598,53.5130,129.1700
431.0533,163.1927,54.6510,128.2957
430.5346,163.2837,55.2235,128.0167
428.6889,162.7018,55.7168,127.4820
427.5172,161.3920,55.9037,127.7985
425.5139,162.8658,55.8450,127.6756
423.5638,161.7636,56.4012,128.0340
421.4268,163.9378,56.5715,127.7785
418.5768,163.6009,56.6343,128.6054
416.6395,163.2144,56.7618,129.9113
413.8192,163.8585,57.2999,130.4423
410.5159,164.7266,57.6888,130.9924
406.7912,164.4556,58.4305,130.9816
404.3271,164.4582,59.0795,129.7516
401.2165,162.0196,58.1883,130.1454
398.8891,162.7005,58.4859,129.3254
396.6310,161.5235,59.0781,128.8396
394.2750,161.3382,59.5152,128.2798
392.2725,160.6284,60.1143,127.6976
391.8315,159.7439,60.4477,126.5995
391.5729,160.6358,60.9855,125.1224
391.5941,161.0515,61.6019,124.5104
392.2728,160.9463,61.4187,124.6218
393.2370,160.8165,61.5140,124.6728
392.5003,160.0940,61.5994,124.5140
393.6591,158.9827,60.2352,125.2777
394.3105,157.7633,59.3604,125.1009
395.1322,156.8505,58.5646,125.4551
396.1830,157.2366,57.6518,126.1690
396.1444,156.7057,58.1466,126.0425
396.5140,156.5304,58.2839,125.9437
397.1489,156.2796,58.2616,126.6203
397.1324,155.7187,58.9678,127.0003
396.4518,155.5151,59.2292,127.4858
397.3440,155.9749,58.8192,129.6973
397.1767,156.2807,58.4292,131.1369
396.8745,153.8521,57.3816,132.0805
396.4747,151.5853,57.0765,131.5847
397.4133,152.3989,56.2151,132.3725
397.1229,150.6328,55.8414,133.5901
397.5509,150.2664,54.7309,134.6927
397.1553,149.4203,53.6213,137.0107
397.8510,148.2853,51.8349,139.9253
398.9366,146.5663,51.0831,140.1757
399.3103,146.6210,50.1664,140.6708
401.2713,146.4747,49.2421,141.9591
402.8172,147.7972,48.7547,141.8336
404.3318,146.7066,48.6578,142.3714
405.4630,145.6603,48.3173,144.2044
406.4718,143.8223,48.9296,145.1837
407.8068,143.3707,49.0909,147.7306
407.5093,142.8003,49.5495,150.4081
409.2456,140.2842,50.0071,152.7087
410.3837,140.3437,50.1082,153.7110
412.1894,138.9689,50.0621,154.5667
413.2330,139.2180,49.8824,154.9623
413.2383,140.5633,49.8584,155.8897
412.5557,140.4778,49.3108,155.4985
411.6252,141.8806,48.8725,155.4097
408.3989,141.7680,48.7660,154.8087
407.5637,141.8537,49.0216,154.2036
404.5444,141.1212,49.0480,154.3830
400.0490,140.9085,49.8315,154.1719
398.3097,139.2935,49.8783,155.3690
393.8549,139.0606,49.7954,156.2966
389.4648,136.6382,49.1908,158.1350
387.7344,134.6705,48.6867,159.9843
384.5383,134.1350,48.5187,161.7137
382.2557,132.1526,48.5623,163.1008
379.0529,131.0010,48.3986,164.5989
377.3246,129.2589,47.8805,166.3318
374.5894,127.6021,46.9194,167.7493
373.0082,126.7412,46.9619,167.9446
370.4228,126.3450,47.0421,167.3783
368.6848,126.6255,47.4322,166.0945
367.5929,126.7556,47.8121,164.8294
366.4678,127.3858,48.5669,163.2983
365.3554,126.1710,48.6796,162.4524
364.7471,125.6423,48.8931,161.5721
363.9299,124.9411,48.8808,160.4504
363.6956,123.8931,49.0558,159.5993
362.9470,123.4919,49.1750,158.8676
362.1657,121.9974,49.6885,158.6048
361.4204,121.5644,51.2125,157.4388
360.0485,121.9514,51.7211,158.1131
359.5024,121.4268,52.6319,157.4106
358.0038,121.6535,53.7888,157.1105
357.2458,122.8377,54.1373,155.9547
356.7945,122.4145,54.6327,154.4058
355.9967,123.1055,54.5808,153.0785
355.0791,124.0063,54.6872,152.1325
354.6818,123.6799,54.9824,151.2818
353.5995,123.7489,56.2165,149.2223
352.3752,124.3458,56.7973,148.1948
351.2475,124.4378,57.1212,148.0574
348.8817,124.3333,57.1368,147.7734
348.7642,125.2409,57.1741,146.4895
348.6522,126.1612,57.0028,145.3227
347.9130,125.5326,56.7233,145.0258
346.9109,127.4499,55.4556,144.9738
344.9730,129.8831,54.4667,145.8036
343.5313,129.0316,53.5403,145.9166
342.1396,130.2772,52.8009,145.2989
340.4787,130.8657,52.1384,145.0965
339.1349,132.0279,51.7878,144.6128
336.0249,130.7445,51.5317,144.7063
333.6741,128.6197,51.6741,144.4879
331.3347,129.2209,51.1447,144.3020
327.9587,126.7948,51.1096,143.7360
325.1510,124.1906,50.5497,143.8999
321.6337,123.8802,49.6381,145.6889
318.2975,124.3586,49.1602,146.8412
316.4703,124.2520,48.5894,147.0139
314.2381,125.1766,47.7910,147.7135
312.2376,126.4646,47.5118,146.6860
308.6439,127.1507,47.2994,144.5982
304.8170,127.8218,47.3266,142.6081
301.9258,128.7846,46.7841,142.1024
299.1120,128.5691,46.5738,140.4406
294.8671,129.2952,47.1136,138.2312
290.7912,129.8896,47.9116,135.7072
286.7703,129.3921,49.2574,132.9226
285.4557,128.4335,50.0992,130.0868
284.9885,127.1953,50.9804,127.1619
285.4232,126.6966,51.9871,124.3768
283.3367,127.7988,53.5274,121.2943
279.6519,128.7417,54.4687,118.8360
277.7598,130.9225,53.9566,117.7028
275.1723,131.5771,53.3753,117.8223
275.8397,132.0615,52.8407,118.2218
277.4138,133.6756,53.3716,117.6160
275.1223,135.5548,52.9804,118.3761
277.5309,137.5907,52.2410,120.5921
279.3295,138.8535,50.7187,123.4127
276.6466,139.1184,49.4757,126.8207
277.2944,138.3045,48.3080,128.7153
276.1392,138.5241,47.9206,130.5888
274.3067,138.1205,45.7573,135.2392
273.6052,137.4653,46.5351,136.9965
270.6106,137.1063,45.8535,139.7011
269.4235,137.6808,45.4193,141.7563
268.3970,137.0116,45.5925,142.1741
265.4866,137.0775,46.5609,140.7105
264.3613,138.8859,47.1890,138.9007
262.7286,139.0744,48.0281,137.4224
262.0948,140.4245,49.2755,135.6317
261.0951,141.3357,50.3934,134.1219
260.5142,143.0165,51.5796,132.1904
259.3886,144.0573,52.0552,129.9904
259.9884,145.1502,51.2705,129.1996
260.2434,146.4779,51.2283,128.4799
261.4218,146.9505,51.2110,128.1732
262.9800,148.4421,51.0558,127.9349
264.0812,148.8740,50.7675,128.2736
264.7944,149.1717,50.8893,128.0351
265.5891,149.6360,51.3659,127.5583
267.6974,149.7131,51.8542,126.9504
269.9917,149.8555,51.6757,126.6530
271.7962,149.5087,50.9594,126.4565
274.2301,147.4068,50.2403,126.3557
275.4853,145.4137,50.7924,125.9093
277.6471,145.3926,50.8106,125.4430
278.3799,144.5329,50.1695,123.8674
278.4911,142.7085,49.8189,123.1113
278.5689,141.4312,49.7218,121.4341
277.1781,138.7941,48.5033,121.3230
276.8068,143.1807,48.0932,121.5023
275.8869,142.6422,47.7233,122.7602
274.1593,145.2055,47.9131,123.8038
272.7630,140.0716,48.4005,123.5354
271.4217,145.4841,48.7671,124.1182
269.3089,141.9639,48.9689,122.8205
267.4037,144.1570,48.4381,122.5633
265.4550,144.8901,47.9355,122.4251
263.3993,144.7999,47.2147,122.8070
261.0758,137.3413,46.7832,122.5258
259.9286,137.7457,46.7605,122.3689
257.3063,139.4983,46.3928,122.2132
255.4708,141.3825,46.0702,122.5221
253.6998,142.7776,45.7844,123.4836
252.9804,142.9592,45.4528,124.0994
252.2748,142.3678,45.3401,125.2203
251.6336,142.5118,45.6774,126.2234
251.2218,142.5569,45.8170,127.6426
251.4924,142.6109,46.1106,128.5264
251.3893,136.0767,46.7131,128.5948
251.9429,140.9284,47.5106,128.3321
252.1082,146.6585,48.2665,128.0626
253.8513,147.6780,48.1744,129.3947
255.1026,140.9155,48.3669,130.5551
256.3760,142.7669,47.9893,132.6630
257.5291,144.9040,47.8161,134.1558
258.4425,145.4915,47.6594,135.6867
258.6689,148.0964,47.7128,136.2199
257.7773,137.9162,47.6219,136.7399
255.5387,139.8602,47.8029,136.5493
254.2845,142.6711,48.2651,136.1338
253.1318,143.7342,49.0270,135.9660
251.7226,147.0965,49.3602,136.3467
249.6578,139.7674,49.8239,135.6243
248.4213,142.4019,50.1886,135.8132
247.0869,139.8224,49.8819,138.4487
245.6864,140.0909,50.2031,139.9807
243.4283,129.2152,50.0088,141.6565
242.4846,130.9129,49.8701,142.9317
241.9182,130.1228,49.9517,143.5577
241.7446,131.5294,49.3171,144.4730
241.0036,125.3076,48.8178,144.4421
240.1482,129.4089,48.3899,144.0788
240.2615,131.9281,47.6258,143.2525
239.9877,126.1797,46.9910,141.2699
240.7079,131.4786,46.8232,138.9023
241.7103,133.9608,46.8301,138.0836
242.2509,129.9590,46.7478,136.0112
243.3033,134.2778,47.0284,135.3520
244.0905,128.4827,46.9608,134.8790
245.3953,131.2173,47.3917,134.5761
246.1534,124.5996,47.8486,134.6526
247.9393,124.8499,47.7645,135.8537
249.8957,126.3771,47.9813,136.4599
250.0458,114.3205,48.1168,137.6288
250.5071,117.0210,48.5188,138.1970
250.3608,104.2257,48.7902,140.5385
251.0165,92.7636,49.6337,141.3460
251.3131,93.9927,50.1773,141.9022
251.8114,88.2951,50.9854,138.9045
258.6246,92.8563,52.4164,135.7863
256.8302,98.4382,52.6506,134.4648
255.5896,101.8187,51.6732,135.1100
255.4276,97.4603,50.9097,133.9145
254.2885,96.0053,50.3567,131.1522
254.1346,96.0262,49.4947,129.8518
253.3361,95.6104,48.4788,129.3677
253.4435,95.0360,48.3878,129.4236
252.6644,96.2433,48.1634,129.2381
252.1576,96.6021,48.0055,129.8659
252.1911,96.1733,47.4537,130.2540
250.6745,94.6163,47.0892,130.2040
250.4053,94.8963,47.0659,128.8701
249.8714,95.5068,46.9472,127.2981
248.4571,94.8406,46.9301,126.1986
247.5652,95.0615,46.9523,124.2877
246.8483,91.2659,46.8011,123.7928
245.7672,88.4047,46.6666,122.8867
244.7275,91.3458,46.4548,122.3921
243.9543,85.0651,47.1797,121.6842
243.8115,79.1802,47.5031,119.9533
242.0394,82.0371,48.0402,119.0906
241.8256,83.8935,47.8052,120.0009
241.2054,79.0515,48.3178,118.1688
239.5156,83.9520,48.2362,118.0871
238.0691,77.1856,48.4001,118.4049
243.3067,79.1944,48.2230,119.8798
238.4925,72.8569,50.4634,117.5788
234.6869,68.5975,51.2827,115.7641
231.8216,66.4641,51.9036,113.8076
230.5041,63.8629,52.3403,112.2180
228.4583,72.2327,52.4429,111.9028
227.8606,71.5491,52.7034,111.5414
226.7531,70.7286,52.8867,111.1956
226.0648,69.8636,53.0267,110.9704
226.0517,65.2144,53.0891,111.5425
224.8447,62.4012,53.6375,111.3984
225.4616,64.9089,54.0702,112.1155
224.7920,62.3711,54.0076,112.3719
224.9221,60.1552,54.1833,112.8419
224.4330,59.4820,53.7852,113.4819
225.2260,57.2666,53.8845,114.6272
226.1768,53.3489,53.7667,115.2038
226.7239,51.2250,53.8750,115.3288
226.6165,49.3444,54.1319,115.2427
226.6526,47.5478,54.0864,115.8135
225.1117,45.4743,54.1225,116.2626
224.3648,44.5116,53.7614,117.4705
221.6999,43.7889,53.5904,118.1825
221.4323,43.1954,53.1034,119.1139
219.7335,42.3927,52.9172,120.0349
218.1721,42.6186,52.4610,120.8049
217.0984,42.3187,52.5813,122.3026
215.0748,42.6612,52.4684,123.6156
214.7055,44.3437,52.3632,124.5647
213.0706,43.2003,52.7468,125.6708
212.5575,41.2462,53.1460,126.7857
212.5778,40.7940,53.3272,127.0256
218.9165,35.4725,54.6916,127.1035
215.6693,32.2643,54.6273,128.8408
212.4092,31.5576,54.3818,129.8459
211.2874,32.3294,53.7276,131.4227
211.5754,30.7418,52.9673,133.2968
212.0995,27.8032,52.6225,134.5713
212.8341,25.4283,51.5600,135.5116
213.8666,22.8581,51.1627,135.3291
214.1248,21.6273,51.6836,134.5446
213.6961,20.9836,51.7057,134.4755
213.9715,19.6245,51.7684,134.7180
213.6515,19.9150,52.0425,135.0496
213.6143,19.0274,52.2976,135.2100
214.6321,18.8701,52.4292,135.4259
214.3656,20.7476,52.3927,135.9886
214.6052,21.4844,52.3792,136.9091
215.4252,21.2547,52.0350,137.6073
216.0249,22.0495,52.0542,137.9146
216.3540,24.1819,52.4508,137.8768
217.1293,24.7768,52.4343,138.1985
218.0939,24.2245,52.4303,138.3672
218.9843,25.7497,52.1607,138.4427
219.0439,25.8041,52.1747,136.6324
218.9050,27.0692,51.6983,134.9321
219.3174,28.1253,51.7762,133.0361
219.8560,27.3984,51.7314,131.0878
220.0422,27.4347,51.3499,129.0306
220.9509,27.7183,49.7853,127.8105
222.0218,26.7656,48.8615,125.7497
222.2129,26.9540,48.7171,123.3467
220.8509,25.4675,48.4421,121.8191
221.1686,26.0605,47.7965,121.7104
220.9249,26.5499,47.4132,122.4985
221.3240,26.9434,47.3865,122.6708
221.6517,29.2654,47.2453,122.1682
221.7756,31.5811,47.1140,121.0673
222.2768,32.3587,47.3806,120.6790
222.4599,34.1995,47.7671,119.0141
222.5975,37.9123,47.9478,117.6734
223.2997,43.0624,47.4622,117.3831
225.0837,44.7037,47.4849,116.6668
225.7097,47.5886,47.9224,116.5562
227.3876,51.2353,47.9572,117.0788
227.5913,54.0918,47.8530,117.3621
229.1080,55.4033,47.4029,117.4258
229.8292,54.7993,47.4785,116.9053
232.1298,55.4838,47.2977,116.6080
233.5865,54.9091,47.7817,116.6779
236.2094,54.4465,47.8000,116.8041
244.8552,53.1195,47.6824,117.1544
244.7247,50.8973,47.5717,117.5101
244.8027,49.7645,48.3283,116.9280
251.3152,50.2797,51.3353,113.9680
250.4553,49.9717,51.0037,113.6538
250.7386,54.5559,50.6966,115.1349
258.4190,52.0629,50.5131,116.1148
257.0358,52.6244,50.7074,116.3526
257.4809,50.4347,50.7413,117.1583
256.8810,43.1980,52.8651,115.3071
263.0105,58.5924,54.7774,115.8385
259.9204,57.6457,56.3579,116.9006
257.7209,57.8649,57.5712,118.1781
257.4291,58.6522,58.1991,118.8267
255.9508,48.1697,58.3660,121.4335
256.8149,48.1217,58.2793,123.9149
257.1539,47.3402,57.4090,126.6771
256.9066,36.8668,58.5373,127.9563
258.5289,37.3661,59.0282,129.0544
260.3926,37.5116,58.9462,130.6992
261.2310,38.4815,58.5837,132.9248
262.2701,39.5460,58.3325,134.7067
262.0590,37.5069,57.9498,135.9483
263.0178,35.3408,58.7015,136.9828
264.3214,36.3631,58.8510,138.1538
265.1706,35.4903,59.3376,138.6542
266.3727,35.8656,59.1470,138.2474
280.3879,31.7317,58.5061,139.2630
282.1078,30.6518,59.2232,138.4855
283.9444,30.4806,60.3828,137.1740
287.5132,31.3087,62.0564,135.6951
291.0420,29.4339,63.4482,135.3904
294.9296,27.5901,65.0267,134.9662
299.5255,21.2454,66.6189,135.2510
304.5822,18.1240,68.3984,135.8619
307.8036,12.7559,69.4085,138.6932
310.5220,9.4977,69.9060,141.4334
312.4482,8.7889,70.4389,143.3932
313.3774,7.5375,71.4986,144.6271
314.9926,8.7711,71.5741,147.0393
315.9763,8.3177,71.7931,148.3651
318.6055,8.0003,71.3092,148.9278
320.4531,8.2199,70.6523,150.1490
322.1526,8.2848,70.3907,150.8602
323.7502,9.5399,70.4423,151.7684
325.2544,9.9820,69.9470,153.2171
327.0176,9.1117,69.1345,154.3679
328.5282,8.5675,68.4838,155.6450
330.2716,7.5861,68.6716,155.4838
330.7373,7.9926,69.5354,155.1995
330.7589,7.8119,69.7093,153.7342
329.4726,7.2254,70.2400,152.2616
327.6481,6.8617,71.6407,149.8757
327.1698,6.0234,73.3036,147.8336
327.2999,7.5750,74.3220,145.9315
326.1611,8.3979,74.8865,144.5260
327.0573,7.8589,75.0870,142.8323
326.2770,9.8667,75.8109,139.9507
326.8008,11.3331,75.7061,139.0726
326.7630,13.8194,75.8154,137.6375
327.0938,14.3676,75.1947,138.3778
325.6027,16.1455,74.8507,138.4039
325.9478,18.3809,74.9257,139.1043
324.9923,22.0065,74.8451,138.4344
323.6475,23.3848,74.0571,139.6195
322.5018,25.2279,72.9799,141.0894
321.8182,26.8464,71.9449,142.0390
321.4495,27.3505,71.1254,142.3584
321.1427,27.0379,70.0952,142.9737
322.0038,23.7992,68.9571,144.4642
322.3892,23.4288,68.1367,145.1418
324.0269,21.9685,68.3213,145.3042
324.6967,22.6444,68.8884,144.3976
326.2055,23.8598,68.6002,144.5243
328.1765,24.8147,67.5660,144.9045
328.4347,26.9830,65.5057,144.8625
330.2287,31.3830,63.9699,143.4461
328.9904,32.9141,63.5954,141.9735
330.0266,32.6740,62.7040,142.6561
330.3246,33.7149,62.0756,142.4603
329.6399,32.5609,61.9340,143.1938
329.6844,30.2671,62.0607,144.1540
329.6320,29.0180,61.5451,146.2726
330.4173,29.3509,61.4374,147.4794
329.8357,30.2563,61.3740,147.2249
330.2082,30.4167,61.0370,147.8453
330.9352,33.7153,60.1148,147.7185
331.7422,35.8242,59.3570,148.1523
332.7043,35.8284,58.5679,147.4029
332.5759,34.3713,57.9113,147.6439
333.2028,35.2759,58.0784,147.4478
333.8617,30.8945,58.4545,147.9971
333.9387,29.2427,59.0467,147.9548
333.7169,27.0520,60.1094,148.5613
333.5118,25.2930,61.1416,148.8819
333.5602,24.9233,62.1502,147.9455
334.4846,23.1856,62.2808,147.7078
334.3490,20.7047,62.5127,147.9480
334.9260,20.0446,62.5938,147.6380
336.0875,17.9594,62.3002,146.9581
335.7233,18.6239,62.5459,145.7973
336.1101,15.1289,61.9530,144.7411
336.9255,15.4582,61.7607,142.8859
336.7258,14.4826,61.6913,141.8669
337.4302,13.5481,60.9647,141.0250
337.5677,14.3983,60.5998,140.2900
338.6779,14.2652,59.7648,140.1280
339.5739,14.0905,59.4379,139.2065
339.6987,14.2268,59.1952,138.3407
340.3672,14.7659,58.6777,137.5766
340.2726,15.2516,58.2139,137.5187
341.3450,15.0084,57.7933,137.2060
341.0952,15.7311,57.9111,136.6829
341.8388,16.5077,57.6632,135.7656
343.3067,17.3299,56.9644,135.7004
344.6835,18.1586,55.9333,135.3927
344.8240,18.3817,55.9293,133.6167
344.7296,19.9421,55.9145,131.8585
345.8185,20.3293,55.4696,130.7741
346.1218,21.2052,55.2395,130.8048
346.8695,22.2788,55.4755,130.4115
348.2639,22.2890,54.9623,130.7015
350.2042,21.7132,54.3055,131.6998
352.0785,20.6434,53.6265,133.7276
351.8092,22.9304,52.8592,134.3314
354.1400,23.5740,52.5323,134.2438
354.8354,22.7169,52.4435,134.0503
355.6255,22.2623,52.5775,133.4312
356.1210,22.0909,52.3095,132.7353
355.1634,22.0432,52.6185,132.2155
355.9174,24.2779,53.2326,131.3313
356.8780,23.1237,52.3784,131.6248
357.7145,25.3537,51.7596,131.9303
359.0481,25.4004,51.1562,131.9411
359.8919,26.2328,50.8880,131.8537
360.1425,27.9295,50.8043,130.6304
360.6313,30.0115,50.3249,130.1190
361.1147,28.1841,50.0251,129.9450
361.2552,28.9308,49.9364,130.3907
361.0580,31.0657,49.9909,130.0307
360.7803,30.8758,49.5892,130.3313
361.2014,30.1162,49.3659,130.7814
360.9965,31.3359,49.1039,129.9742
360.7943,33.3958,49.2386,128.3568
360.0061,34.5098,49.5852,126.7964
359.5060,37.5070,49.0935,124.8065
357.8465,39.5104,47.8096,123.4812
355.6665,40.2189,45.7304,122.4024
354.1959,41.4562,44.1575,120.7004
352.9375,41.3495,43.1317,119.1827
352.9446,42.4035,41.7196,118.4367
352.0186,43.3019,40.4012,117.5480
351.7044,44.1461,39.2656,115.5956
351.6988,43.6715,38.2308,114.4699
351.7900,44.1632,37.2846,113.5543
350.6701,45.0217,36.6049,113.4176
350.4092,44.9931,35.9248,113.1653
350.0815,44.3550,35.3052,113.5969
348.6928,43.9615,34.7147,113.1948
348.1455,44.4363,35.1176,112.7934
346.0972,43.3571,35.0122,113.0818
344.5052,43.1223,34.6784,113.5575
343.2134,41.7874,34.3467,113.4357
341.2459,41.1855,34.0084,113.5178
339.5470,39.0225,34.1277,113.4565
337.4842,38.4016,33.7372,112.5970
335.1445,38.1772,34.2811,112.2337
334.7974,37.3752,34.3753,111.1700
332.5722,37.5208,33.9213,110.8672
332.2915,36.2630,33.8601,111.3414
330.3266,35.6053,34.1712,111.5732
328.4607,34.7920,33.8971,112.2116
326.6367,34.3859,34.4104,112.2872
323.3677,35.8615,35.0304,111.6783
323.4432,36.3047,34.6275,111.7679
321.7010,35.5464,34.4859,112.0660
320.7503,37.4820,34.4260,111.9325
320.2494,36.6407,34.2462,112.8229
317.5939,35.5710,34.5446,112.6468
316.2086,36.6417,35.0969,112.2576
314.2302,36.5621,35.4724,111.5645
313.1276,37.2263,35.5062,111.1944
311.5840,37.0752,35.5702,111.1769
309.8915,36.7803,35.7043,110.5130
309.0614,36.7044,35.8328,109.9766
308.6056,36.6587,35.6741,109.5775
306.1487,38.2063,35.3066,109.2339
305.7305,38.5143,34.3600,108.6983
304.7658,38.9646,33.4226,108.4872
304.2664,39.2896,32.4742,108.0521
303.5446,38.2808,31.2689,108.0791
301.3433,42.2109,30.9253,108.0889
299.4836,42.5914,30.8499,109.2055
296.4581,40.9518,31.8378,111.5923
293.3701,39.3336,32.7678,113.9526
289.9401,37.6178,34.4258,113.4558
284.0411,37.3083,37.2994,113.1343
280.0658,36.4075,40.0784,113.1990
276.4390,36.8589,42.0654,112.5598
276.3182,36.9431,42.3869,113.6388
274.5335,38.3152,42.7438,114.2083
275.3735,38.4046,43.3222,114.5810
277.1119,39.1049,43.2092,114.5718
278.3845,41.1522,43.1873,114.4917
280.8400,41.0082,42.9245,113.8969
281.0735,44.5740,43.1123,112.6032
283.3530,46.5473,43.5854,111.5741
284.9376,45.5045,43.7706,112.8981
284.5239,44.9931,44.8014,113.4814
286.4968,44.5421,45.3805,114.4957
287.9983,44.4976,45.9193,116.0047
289.6593,44.5588,46.2368,117.2313
291.8952,43.4929,46.6676,119.3842
293.4430,41.5952,46.8379,121.1206
296.6155,41.4958,47.2048,121.0060
298.0815,42.3360,48.1853,120.7026
291.9640,44.2609,48.4804,121.2890
297.1913,41.6272,48.9019,122.5675
289.7182,44.7210,49.3069,121.9515
302.5359,37.9080,49.8880,122.6841
304.9321,36.5200,49.4423,122.5341
305.9220,35.9168,48.8978,123.2152
307.3605,35.3152,47.3312,124.9837
308.6219,33.3400,45.8461,126.4565
309.5240,35.2257,45.0292,126.9811
310.8308,32.1404,44.2761,127.3949
311.8705,33.4391,43.6791,126.9934
312.8132,32.6476,43.7398,126.5161
313.9525,32.0077,43.5700,126.0498
315.1293,33.6597,43.5925,124.9995
317.0064,33.3160,44.0893,123.8640
318.2798,34.2361,43.7150,123.7188
320.2714,32.4783,44.0676,123.9843
321.3728,32.0582,44.4850,124.1224
323.5166,32.2611,44.7805,123.8774
323.7864,32.7874,45.3185,123.5041
324.9258,32.5533,46.0414,123.3640
325.9191,31.7127,46.6698,123.6043
326.4775,32.8877,47.0357,122.8635
326.6158,33.2881,47.7946,122.8121
326.3212,34.6044,48.6733,122.8756
327.0592,36.4232,49.2205,122.5044
327.0696,38.2616,49.3642,122.0871
327.3623,38.8653,49.5069,121.8038
327.7398,40.1945,49.8121,120.8041
327.9088,41.6825,49.4806,119.6412
327.2577,42.4266,49.5229,118.5608
327.6451,42.4948,49.1303,117.8608
327.5163,42.0051,49.3876,117.1062
328.3883,42.0759,48.7858,117.0580
328.6018,42.7050,48.9715,117.3938
329.1978,43.5493,48.6579,117.5664
329.6463,43.8349,48.2641,117.6465
329.2716,43.2036,47.7235,117.5829
329.1210,41.2526,46.8275,117.7220
330.8344,38.5242,45.6869,117.9674
331.6106,40.0854,44.8611,116.6683
331.7137,39.0554,44.9398,116.2634
331.3543,43.7169,44.0087,115.0910
332.4781,46.1064,44.2292,114.1675
331.0538,47.3901,44.4061,113.6183
329.1272,49.0966,44.4884,112.4897
328.0353,48.0806,44.5619,112.0395
325.8012,45.5153,44.3425,112.6874
324.0817,44.9059,44.5713,112.0623
323.6483,43.3366,44.4356,112.2513
322.3361,44.2094,43.6263,113.3119
321.2303,41.1424,43.7085,113.3401
319.5666,38.2263,44.0071,114.0046
319.3042,37.3756,42.3999,116.3369
318.4328,37.1694,41.4846,118.1868
318.9743,40.4335,40.0373,119.5021
318.9788,35.8477,40.9232,119.8646
318.2250,36.5260,42.1709,118.8396
317.6736,37.0071,41.8881,120.5678
2
0
0
0
0
1
378.4532,67.5546,29.6292,99.1782
380.9309,64.9577,29.9181,101.2363
384.0389,63.9464,29.9976,102.9251
386.4016,63.9596,29.9797,104.1224
388.8866,63.1261,30.0250,104.7509
390.6629,63.5796,29.7815,104.3013
393.0190,64.6319,29.7766,103.7261
395.7383,63.8443,29.9203,104.1882
397.2927,64.2619,30.3406,105.3205
399.2367,63.1799,30.6770,106.3740
400.4883,61.8448,31.1878,107.4557
401.7134,62.1707,31.4229,107.9322
402.3353,61.8750,31.2550,108.5863
402.0528,61.4827,31.5089,109.2387
401.8242,62.8378,31.9239,109.2941
401.6620,64.1932,32.2597,108.3117
400.7698,65.0530,32.6379,107.9019
400.5022,64.9747,32.5425,108.0353
399.4514,65.5929,32.3900,108.7283
398.7649,65.5554,32.4174,108.5945
397.5208,66.2643,32.3812,108.3363
395.1344,67.7462,32.2587,107.7076
394.4330,68.8272,32.3117,107.1744
393.3467,69.4784,31.9552,106.2393
393.5647,70.4303,31.5111,105.5200
392.0650,71.9495,31.5270,105.0028
390.5913,75.4453,31.4952,103.8178
389.4194,75.4767,31.9240,103.7462
389.0347,78.3222,31.8391,103.8146
390.5284,80.6357,31.5775,103.3686
391.2460,81.6195,32.0394,103.2090
391.4826,84.1685,31.3091,102.3488
393.3802,85.1672,30.4515,102.7460
392.7403,86.9238,29.6807,102.9855
392.3698,88.2061,29.2720,103.1314
392.1081,89.6732,29.3936,102.7213
390.5198,91.5981,29.5430,102.0460
391.1803,92.3980,29.8594,102.1176
390.5418,94.0953,29.8230,102.0591
390.1817,95.8459,30.0197,101.4571
390.3105,97.4302,30.4583,101.6106
389.0132,99.5928,30.2995,101.3874
388.0868,100.7640,30.4285,101.3673
388.2770,100.3370,30.5681,102.0853
388.1243,98.9453,31.0074,104.5770
389.1923,101.3062,31.5011,105.0155
388.1034,102.3896,31.8770,104.3015
387.5999,103.6296,32.3058,103.6075
387.8196,104.1482,32.2243,103.7743
388.8532,105.0454,32.4110,103.1099
390.6511,105.0316,32.7125,102.7243
389.7812,106.4505,32.4386,102.9506
391.7440,107.4096,32.4316,103.2246
392.0788,107.1665,32.1710,103.2646
392.6124,108.0316,32.2441,103.4651
393.3621,109.5458,32.0042,103.1396
393.4411,110.1630,31.7746,102.2081
394.5427,110.2987,31.8161,101.2227
394.1910,111.4011,31.5032,100.0780
393.4858,112.2122,31.3161,99.5178
393.5110,112.9473,31.3313,99.7563
392.1081,115.1733,31.2335,99.5476
391.4654,116.8737,31.1914,99.7947
389.2384,119.1269,31.4527,99.0225
388.8801,121.2322,31.2655,99.0358
388.2640,123.5306,31.0519,98.8496
386.7747,125.3931,30.7179,98.9604
386.2971,126.2032,30.9139,98.8780
385.5639,130.2280,30.9845,98.9389
386.3264,132.9049,30.9392,99.7923
386.8455,134.8722,31.3425,100.0162
387.2631,138.3046,32.2503,99.3194
386.1775,139.4670,31.9573,98.3122
385.5115,141.4210,31.7218,97.8955
384.2986,143.7103,31.2574,96.4951
383.0446,144.1493,30.9854,95.9643
381.4108,144.1497,30.9745,96.4008
378.9786,145.0818,31.0479,97.1494
378.0272,145.9983,30.7189,97.7084
377.7700,143.2208,30.3915,97.9496
376.6245,143.6859,30.4985,97.0720
374.4725,144.8683,31.0118,96.1131
374.1056,144.8826,31.1476,95.8289
374.0051,145.3640,31.0902,96.5420
373.8454,145.1892,30.9922,97.0445
373.8701,144.9855,31.1424,96.5980
371.0120,143.5330,31.0876,97.0344
370.3211,140.5534,31.4483,98.2073
368.8280,140.1670,31.9017,99.9192
367.1477,139.8490,32.5050,101.2565
367.0328,135.3446,32.8445,102.6598
366.6288,133.0595,33.4912,103.7175
366.0181,130.3956,34.1340,105.5285
365.4487,127.6727,34.7547,108.3004
364.2711,125.3717,35.4723,111.0537
364.6478,120.4916,36.5880,114.5961
363.0070,119.5893,37.5399,117.5970
362.6116,117.8308,38.6435,120.0336
363.8042,115.8320,39.7744,122.4430
364.6164,115.9225,40.2620,123.9454
365.3064,115.2982,40.6287,125.5562
364.4675,114.1040,41.1068,127.6480
364.9251,111.5569,41.8753,130.2675
366.1189,110.9334,42.6943,132.6934
366.4331,113.2452,43.3555,133.7108
367.8695,113.1973,43.8957,135.3617
367.7049,115.8555,44.2541,136.2737
368.4809,114.1941,44.8234,138.2524
369.9940,118.2208,45.2500,137.8640
371.2065,120.5065,45.0944,137.8478
372.6695,123.8312,45.0931,137.1162
374.7014,125.4544,45.1155,136.6913
374.8664,127.0680,44.8019,135.5804
376.7759,130.9938,44.1702,133.5548
378.9312,133.0542,43.7158,131.0707
379.7300,133.9057,43.4601,129.6543
380.6087,133.3108,43.0900,129.1569
381.6113,132.6905,42.7993,128.7560
383.0164,133.4209,42.8185,127.7835
385.7372,131.4807,42.7424,128.1479
388.9276,131.9939,43.0031,128.7292
390.6985,132.6080,42.9693,129.7649
394.4990,131.5695,42.6662,131.3056
397.1338,129.4730,43.0535,132.6651
399.3844,131.6046,42.3815,133.4127
402.7354,129.7789,42.4161,135.1889
403.8194,129.4613,42.5087,136.2846
404.0891,127.8664,42.6854,138.2054
406.2606,125.8364,42.6038,139.5404
408.0690,124.2527,42.5981,141.2289
408.6693,121.3547,43.6962,144.1137
409.9979,121.3812,45.0901,146.9439
410.1142,123.9905,46.1219,148.8075
408.9578,125.5360,45.8982,149.9625
408.1185,121.4313,46.8418,151.6290
405.3140,120.4709,47.6674,153.1803
404.2622,119.3067,48.0612,154.1338
402.9607,117.5805,48.3076,155.0960
403.2128,116.7629,48.9027,156.3068
402.2557,117.3271,48.7477,157.0273
403.3029,113.9208,49.5039,159.3427
401.1400,114.6262,50.0177,160.5460
401.9341,114.8743,50.1085,162.2316
402.3693,111.8451,50.7826,165.1419
400.4525,114.2341,50.7836,166.4074
402.7405,108.3862,51.0639,169.0067
402.4567,108.1077,51.3431,169.5928
404.0340,104.4386,51.6205,170.2688
407.6655,103.9221,51.7897,171.7159
408.9835,103.4335,51.8700,172.6980
410.4289,105.0227,52.0284,173.7275
412.1403,104.6364,52.4736,174.1210
414.1095,108.3173,51.9431,173.5343
414.2878,107.0097,52.2981,173.5774
415.2505,107.7868,52.6843,172.8777
415.9709,103.6248,53.1293,173.6006
416.7956,102.8122,53.2110,173.9493
417.3215,101.4709,53.3153,174.9557
415.0819,102.7305,53.5550,175.5842
415.4293,104.3480,53.9712,176.4193
415.8077,105.7008,54.0532,177.5462
415.1969,106.9922,53.9659,178.5904
416.6185,108.7344,53.9565,179.3951
419.4964,110.2266,53.9828,179.1497
421.1919,112.4992,54.5121,178.2273
421.0078,112.2156,55.1432,177.8755
423.5208,114.6265,55.5561,176.8914
426.2737,114.4483,55.8145,175.8396
426.5812,116.9300,55.8551,175.4046
427.5495,117.2796,56.2908,175.3091
429.3981,116.6076,56.1802,174.9378
431.2227,117.9476,55.8154,175.0695
430.4874,115.9480,56.0895,175.3622
430.3549,113.1586,56.3878,174.9971
431.1000,110.7568,55.3776,175.0103
432.1654,106.2529,55.1651,174.8683
431.0936,104.7165,55.2697,174.6832
430.9433,100.7701,55.2633,174.6414
428.5743,100.5406,55.5237,175.0880
426.9806,100.7396,55.9463,176.4789
426.7764,101.4970,56.2370,176.7531
427.3617,104.3518,56.5531,176.5195
428.2369,107.4553,56.3992,175.8483
427.3362,111.2055,56.2860,175.0891
425.6782,111.5943,56.5307,175.6617
427.3069,114.0056,56.3724,176.1095
427.7459,116.8869,56.0377,176.3602
427.3791,118.9958,55.6114,176.1755
426.1958,117.8312,55.0542,176.6303
426.4715,118.3131,54.1725,176.7238
427.0135,120.9765,53.8867,175.8041
426.8618,120.7897,53.5679,176.3216
429.5417,121.0776,53.5404,176.0609
430.7100,121.4664,53.4766,175.7200
432.1219,124.2206,53.6643,174.5809
434.7534,119.4586,53.6220,176.2624
438.0752,118.2192,53.9779,175.7854
440.1705,121.0118,54.2115,173.9412
432.4215,125.8864,53.8679,170.8694
436.2512,124.4897,52.5428,170.6829
439.4038,124.3722,51.7641,169.7487
431.3918,124.7982,51.3934,167.9646
435.4533,124.9857,50.8430,167.1576
437.2924,123.5673,50.6503,167.9246
438.0891,124.4322,50.6995,166.7013
438.7207,126.1179,50.2577,167.3358
440.0696,127.6040,50.5719,167.7481
439.7282,126.3475,51.2861,169.3993
439.1185,129.0552,51.4897,169.4303
437.7341,128.2515,51.4522,169.1362
435.6033,131.7575,51.1608,167.5708
435.5920,132.6236,50.2961,165.8644
435.1223,134.0191,50.3902,164.7696
434.9283,134.6380,50.6619,164.6956
434.6298,134.1719,51.0505,164.6135
432.9471,136.0762,50.6827,164.6669
433.8921,136.7870,50.1525,163.8215
432.6981,136.3589,50.1806,162.5538
432.2247,137.6870,49.8750,162.3385
432.5065,135.6792,49.5237,162.5046
430.3473,135.8753,48.9606,164.6613
428.9187,133.4521,47.9160,166.9938
428.2547,132.1322,47.5404,168.4812
427.1462,129.1624,46.9344,170.5495
426.1062,129.4646,46.2535,170.4245
423.8277,125.9073,45.4019,172.5882
423.8206,123.6727,44.8442,175.0015
419.1850,122.2535,45.6579,174.5355
417.3310,120.2684,45.8235,175.8261
414.7518,119.4948,46.2176,174.5602
412.5956,116.9040,46.3051,174.7100
411.6706,114.3157,45.8721,174.6009
411.9169,110.8031,45.3089,174.4485
412.0106,108.7428,44.8272,174.6407
411.1818,105.7330,44.7631,174.4498
412.1328,103.3855,45.3538,173.8344
414.8133,101.4784,45.2576,173.7345
415.4236,99.0891,45.8772,172.6777
415.6223,94.9882,46.7338,174.5642
418.4984,93.4975,45.9516,175.3135
420.7479,93.0837,45.6998,175.9282
419.5337,90.5422,45.6969,175.7018
419.7712,85.7149,45.9726,176.8340
420.5487,83.4878,45.9302,177.6456
420.8883,81.9848,46.0258,178.1578
419.7642,81.0914,46.8277,177.9462
418.6125,81.1206,47.9255,177.8274
417.6104,80.8790,48.9842,178.0744
416.9420,80.6546,49.7060,177.6274
416.4990,78.5094,49.5723,178.1532
416.7596,78.4774,49.6217,177.5731
417.1906,77.6640,48.9595,177.8423
417.2670,77.8673,48.5710,177.4720
418.1977,76.0141,47.8309,177.5698
418.2497,75.2267,47.0043,177.5137
418.7190,74.6374,47.0135,177.0728
419.8057,73.6214,46.9208,176.9577
420.8306,74.1887,47.2217,176.8905
421.5048,73.5438,47.6331,177.5157
422.2564,73.8451,48.0596,178.1002
422.2171,73.1687,48.8705,179.0916
422.8862,73.4106,49.3179,179.1050
422.3992,72.8522,49.5153,179.5640
423.1760,72.7926,49.4563,179.4648
424.2926,76.0287,49.4184,177.4303
423.2561,77.0254,48.6987,175.7659
425.1045,81.2908,48.3808,173.3353
425.2912,83.3383,48.2626,171.8760
424.9118,84.7699,48.3216,171.5173
425.9546,86.7159,48.4669,170.9913
424.2428,87.8504,48.8378,171.3232
425.0666,88.7844,48.8131,170.8060
426.8964,89.7750,48.1799,169.8489
427.3119,90.9782,48.0741,169.4744
427.6063,92.1905,48.2366,169.6430
427.0858,94.4057,48.3196,169.4780
426.4175,98.0100,48.8039,168.6949
427.8811,99.0688,48.7005,169.0848
427.9318,102.2150,48.4974,168.7777
427.1699,106.3451,48.6222,167.9248
427.0804,108.5870,48.6066,168.0356
426.9290,110.5165,48.3517,168.3268
426.9597,113.2421,48.5818,168.0554
425.9560,114.1946,48.9415,168.3822
424.0871,117.4541,49.2285,168.3346
423.2552,119.6391,49.2863,168.2186
421.7811,121.5231,49.1160,168.6817
421.1601,123.7364,49.5552,168.1802
418.9479,127.5115,50.2736,167.5384
418.9315,129.5350,49.8455,168.3472
418.9496,132.1082,50.0217,168.3373
418.2789,135.0855,50.0726,167.3804
419.1768,136.0057,49.7757,166.6850
419.5681,135.9533,49.3422,166.2223
419.5285,137.0891,49.5772,165.9165
420.7520,137.4308,49.4411,165.9089
420.3011,138.0862,49.6022,166.0526
421.3721,137.6981,49.4635,166.3857
421.0671,137.0485,49.0514,167.1118
420.2376,137.4917,49.3207,166.8818
420.7597,137.5709,49.2695,165.6101
421.6057,137.7936,49.0636,165.7377
422.8992,137.1396,48.9045,165.5662
422.7928,137.9910,49.3497,166.0459
421.0625,138.8046,50.7259,165.4316
420.8328,136.3153,50.5709,166.0219
421.9158,137.5662,50.0131,166.3789
423.4318,138.0495,49.4359,167.4164
424.5312,136.9818,48.4746,167.5095
425.3844,138.6794,47.8684,167.8140
426.3651,135.9318,47.0572,169.6911
426.9106,134.7366,46.4401,170.0635
427.6518,135.6382,45.8800,169.3580
429.7489,135.2110,45.0932,168.9821
428.6730,135.1276,44.6221,170.1105
429.2596,137.0345,44.7033,168.4867
429.2378,136.0472,44.8356,167.7690
428.8786,136.3053,44.7228,167.9323
428.8833,134.0424,44.8229,169.7597
428.3350,132.2678,44.8997,170.3980
428.8982,133.8619,44.9727,169.5358
428.2751,133.2576,44.8565,169.0444
428.6450,133.8501,45.0629,168.5933
427.4665,134.5588,45.1979,168.6839
427.7000,134.6873,45.1901,168.4547
426.9572,136.0639,44.9713,167.4368
426.0256,137.3095,44.5069,166.3430
426.1132,137.5976,44.3074,165.9547
424.3642,137.9472,44.1258,165.6816
422.8617,137.1657,45.0721,165.7597
421.5822,136.1195,45.2390,165.6124
421.3073,134.6026,44.8689,167.6496
422.0445,131.4241,44.1876,169.6012
418.3696,129.2055,45.8493,170.6357
415.8977,125.6342,46.8673,174.8660
414.9124,127.3410,48.1118,174.4717
413.5057,129.5412,49.2612,173.9266
413.1259,127.4941,49.4245,173.7124
413.4843,127.4108,49.6234,173.3197
412.9936,124.4256,49.4527,175.1081
413.6893,119.4979,49.1064,179.0352
412.9311,113.4712,49.6030,184.5515
413.7913,107.9794,50.8067,189.5171
413.0364,102.8648,52.7266,193.1051
413.1621,96.6567,55.2689,198.1415
415.0452,90.3901,58.2592,203.2489
414.4805,90.3836,61.1039,208.1590
414.9727,84.2435,64.0114,211.5885
415.0028,82.2134,66.2441,216.0437
413.9896,80.1435,67.9867,220.6353
413.2617,79.6883,69.9553,223.3645
412.4639,80.0486,72.0559,221.5105
409.7866,81.8608,73.5400,220.3986
409.1974,82.1546,74.9515,220.6323
408.0858,82.7378,75.8467,220.6178
405.6104,84.0157,77.1935,220.0392
404.8356,80.9434,77.7251,221.7078
403.2872,80.5102,78.0898,222.8258
402.4403,80.7324,78.2851,223.2932
402.4127,81.4951,78.0225,224.0077
400.4652,81.0546,78.6060,224.6903
399.6737,80.9037,79.0575,224.4504
398.6228,82.8190,78.3630,223.7501
398.6602,83.6663,78.0138,222.6552
398.4982,84.4535,77.3141,221.7112
396.2424,88.1577,76.6493,220.5900
396.7518,87.6591,75.5781,219.5321
394.8741,87.4685,75.1842,218.9314
393.1813,89.7473,74.4935,217.3107
393.2661,90.4504,72.4262,216.7343
394.0651,90.9009,70.3062,216.1906
394.5771,91.6665,68.5086,214.9792
392.7391,95.9254,66.7250,211.6207
394.2649,98.1325,64.3251,209.7665
397.9617,100.5757,61.4359,207.0401
399.0396,104.3781,59.4830,204.0092
401.0403,108.7653,57.9300,199.7916
401.3725,112.5464,57.2133,196.7103
401.5607,116.4091,56.8346,192.6541
404.0468,115.8846,56.4595,189.9703
404.6873,121.4560,57.2256,187.5500
405.2140,123.6573,56.5276,183.6815
404.4366,123.0274,56.0221,180.0167
404.2383,121.5771,55.2765,177.6723
404.9216,123.6164,54.2859,175.2938
405.0908,122.0763,54.0112,174.4708
404.6924,119.6822,54.4886,174.2185
402.1843,120.1989,54.3020,174.3648
401.9736,120.3979,53.7802,173.2460
401.1385,120.8968,53.4869,171.7416
400.4145,119.8643,53.2099,170.8820
399.2482,119.0135,53.6700,169.6902
398.3117,118.3811,53.9898,169.5736
396.5970,120.3335,54.3126,168.2214
396.7250,118.5920,54.5356,168.8885
396.2364,117.6037,55.5332,170.9054
394.5768,114.4411,57.3738,171.4840
389.8876,113.3888,58.9028,171.3045
389.6617,115.2172,59.1632,170.5757
387.4018,113.1995,59.2592,170.5954
382.6636,116.5175,60.2519,169.9028
379.8591,115.1656,60.5484,169.7192
376.6652,115.7408,61.2695,167.5889
374.8325,117.1532,61.9064,165.4061
371.3969,117.5966,62.2833,164.2638
369.3545,120.3684,61.7295,163.0024
366.7004,118.7529,60.9802,162.0356
365.2017,117.6051,59.8427,162.6534
364.1011,116.1101,59.2620,163.6703
363.5293,115.1474,58.8930,163.0703
363.7685,115.8842,58.0020,162.6371
362.2591,116.4530,58.0846,162.3981
362.8167,117.3702,57.4721,162.0226
364.0353,119.3981,57.3764,162.1379
365.8894,119.7632,56.5261,162.5477
368.9676,121.5509,55.4180,162.8019
371.6764,124.3399,54.2270,163.1280
373.6040,125.3606,53.9224,164.0739
376.7796,127.1154,54.0214,164.7108
378.9042,127.9807,53.7868,165.7302
379.3451,128.0894,53.9120,166.3805
380.3303,129.8774,53.7467,165.8750
382.1146,131.9408,53.4555,165.5307
381.8025,134.6853,53.2668,165.7191
383.0934,137.0370,53.1989,164.9401
383.4082,139.6229,53.1885,163.9489
383.5258,141.3286,53.2741,162.2984
384.6774,142.3149,53.4460,162.2767
384.2801,144.3382,53.5354,162.1872
385.0120,147.0273,53.6781,162.1078
385.4233,147.4957,53.4780,162.1230
384.4242,149.1657,52.9470,161.2721
385.2858,150.7058,52.6108,161.0296
386.3310,149.6452,52.9393,160.5782
388.5776,150.4247,52.8796,160.2303
391.5510,154.4320,52.7221,159.3982
393.2726,154.4520,52.6852,159.4419
394.9733,157.5896,52.6367,158.6676
397.1277,158.2094,52.3341,157.7587
397.2408,163.1128,51.7939,156.4286
397.8195,166.3259,52.0147,154.4244
398.1115,169.9074,51.7943,151.7736
398.8567,174.3800,51.8416,148.9252
400.6103,176.8200,51.8947,146.2169
400.6305,179.7504,51.8224,144.7037
401.2188,180.9872,51.6587,143.3199
400.7675,178.7778,51.4821,142.7149
399.3290,179.0110,51.0933,142.1033
400.3070,177.6322,51.0074,141.1959
399.5944,178.1278,50.9372,141.0270
398.9754,178.7879,51.1911,140.3689
399.4444,180.3803,51.0728,139.4624
398.2677,179.2804,50.8897,139.7487
398.4894,180.9012,51.6902,139.3270
396.4119,179.5238,52.1853,140.2964
395.7198,178.9971,52.6051,140.2965
393.7672,179.1570,53.3532,139.8487
391.7066,179.0656,53.8425,139.4612
390.2845,178.5942,54.3879,139.7134
388.7658,177.9796,54.8375,140.2094
387.3177,179.1482,56.3789,139.4184
386.1876,177.8137,58.1409,137.9853
383.4143,177.9908,59.3052,136.9951
382.6007,175.1561,59.2226,137.2482
380.9640,172.7402,59.4188,137.1552
379.4015,171.9695,59.4456,136.5046
378.8223,167.8189,59.0879,136.2989
377.6588,164.8004,58.4853,136.7032
377.6250,161.6929,58.0364,136.0147
376.5100,161.1742,57.1718,135.0585
376.1151,159.3273,56.1641,135.1674
375.7533,154.3809,55.1630,136.6025
376.0382,153.0104,54.3259,136.1033
377.8485,151.2083,52.8747,135.9229
377.1376,146.6172,51.6986,137.3501
375.8486,144.5351,51.5952,137.3670
375.9371,142.5378,51.1807,138.0799
376.4446,139.4388,51.1144,139.0137
377.2460,137.6287,50.7227,138.8710
378.5944,139.7500,49.8706,137.5951
381.1340,137.8110,48.6244,136.6181
383.1201,139.1507,46.4869,134.1337
386.5037,142.1660,44.4075,131.7578
390.4656,141.2204,42.0314,129.2073
392.2316,144.4751,40.5388,124.6317
394.2438,146.5979,39.8153,120.2230
385.3629,152.5998,41.0440,117.4058
377.5173,143.0780,41.2861,117.7018
367.9475,141.9166,41.2465,117.4602
368.8250,136.0175,41.1968,117.0661
369.6667,140.5577,41.1626,116.1329
381.2688,137.6703,40.1998,117.6123
375.9785,134.4177,40.4873,116.5862
378.5573,132.2335,41.4210,115.4150
382.0945,127.5800,42.2392,118.7622
381.7028,122.8975,42.8826,122.3974
380.0843,121.5327,44.0151,126.7325
379.4615,124.1970,44.4462,129.5742
377.6838,129.5451,45.9014,127.2139
375.7961,130.6021,47.0817,125.5320
374.3577,133.4970,47.6384,122.8445
372.3406,135.0482,47.4764,121.3571
370.8501,133.6861,47.2393,121.0529
368.9053,132.7309,46.8168,121.0946
367.8211,133.4452,46.9413,120.6683
366.7065,133.7519,46.6188,120.3485
364.4838,133.7583,46.9188,120.5611
365.3452,129.7374,46.7800,123.1654
364.3954,131.5718,46.5177,123.9953
364.3035,132.7752,46.4342,124.7323
363.5703,133.6927,46.3525,125.0874
362.4340,132.8602,46.2036,125.8858
361.5321,136.1723,45.9030,126.0942
361.0162,136.2102,46.1440,126.9383
360.8253,140.5447,46.4098,126.5652
359.5976,141.7642,46.7696,126.4973
359.5634,141.8821,46.9288,126.8595
358.7413,143.9703,47.3231,127.5128
359.1748,143.3448,47.9300,128.1954
358.8486,145.1949,48.3948,127.9076
356.9478,146.8809,48.5142,127.5746
357.2761,147.9340,48.5865,126.8744
355.0301,149.2173,49.0669,126.2922
355.3102,154.3380,49.3901,124.9181
353.9351,156.7400,50.0690,123.8101
353.2821,157.3253,49.9220,124.1665
353.7776,158.9538,50.7112,123.5431
353.5768,159.2850,50.1899,124.0844
354.6101,161.4178,49.8578,124.0917
353.1728,162.2712,49.8317,123.9362
353.2806,163.0504,50.4629,123.3901
352.9295,162.6829,50.1245,123.4940
352.9161,163.6128,50.2343,123.4250
351.5533,166.0028,50.4188,122.9719
351.4278,167.0867,49.8066,123.0162
351.5159,167.7397,49.2735,123.2477
350.9817,168.2579,48.6285,123.6951
350.6480,169.0638,48.2262,124.5238
349.3825,169.2903,48.1953,125.3186
348.9769,167.9882,47.8737,125.4576
347.8530,167.8949,47.8709,125.3767
346.2129,168.4262,48.0946,125.5139
346.0775,168.8102,48.0685,125.3705
345.7792,169.5957,47.9761,125.4034
344.3837,171.8159,48.3034,125.5925
342.2095,172.5790,48.6544,125.6743
340.7265,173.5162,48.6569,126.4438
338.4140,174.8015,48.9227,126.2035
337.2389,175.2207,49.3532,125.6447
334.3441,176.0586,49.4144,125.5348
333.5473,176.1368,49.6940,126.2640
331.5850,176.7692,49.9948,126.5049
330.6353,176.5735,50.2265,126.4549
329.7818,177.0190,50.3070,127.0197
327.2451,178.6183,50.2606,127.3444
326.5740,179.7386,50.4875,127.4326
323.4247,180.1718,50.8750,127.7236
322.7568,182.7198,50.9390,127.5062
320.6028,182.5847,50.9333,127.7156
318.4329,183.0252,50.9709,127.2398
316.1768,183.5621,51.0700,126.7601
313.2684,183.1813,51.6639,127.0930
310.5790,184.6799,51.9947,127.2913
308.3643,183.5715,51.9706,127.5075
305.5008,187.4874,52.3446,127.1292
303.3817,186.1083,52.1805,127.0315
300.8482,185.4104,51.7044,127.3350
298.1252,185.3392,51.4581,127.5596
295.6216,185.7496,51.4053,127.4387
292.4547,185.3727,51.3605,127.8474
291.8331,186.9020,51.2449,127.6080
287.9403,186.2495,51.2923,127.0927
286.2987,187.7753,51.0993,127.2886
283.0740,185.9062,51.2088,127.3174
280.5964,187.3345,51.1985,127.0915
279.1334,185.4163,51.0899,127.6378
276.7718,186.5695,50.8241,127.3873
275.6479,185.0859,50.4318,127.1821
273.2804,186.1824,49.8785,125.8149
271.1457,187.2300,49.3538,125.4435
268.9179,190.2140,48.8531,123.7921
266.8079,189.2010,48.1775,123.7115
265.4409,189.5816,48.0600,123.4186
260.6710,192.9081,48.0113,122.7911
259.8263,193.3970,47.3367,121.0820
257.1734,194.2040,47.5108,120.8117
253.6197,195.4842,47.7467,120.4495
252.0974,194.9391,48.1799,120.2442
248.1490,196.6372,49.1534,120.4542
246.5490,196.5544,49.5933,120.8487
244.3387,196.7729,50.1438,120.7804
241.0018,198.2980,50.1460,119.8908
239.4996,199.0686,49.8238,119.3684
236.3517,200.0334,49.5318,118.6764
233.9873,198.4660,49.3750,119.0049
230.4191,198.3927,49.9534,118.8747
227.5527,198.9705,50.3582,118.9366
