1
183.5035,134.4798,38.5497,47.1886
190.0803,104.2531,38.8828,48.1841
196.9243,86.3661,37.9619,48.0858
204.1135,93.2628,38.1882,47.5113
209.7852,113.4896,38.4046,46.4981
214.8522,149.0488,38.9447,46.2527
225.8707,204.7409,39.1204,46.3704
2
0
0
0
0
1
198.0576,142.1659,37.6583,38.3223
193.2325,154.3824,37.2302,38.4888
188.5765,173.8786,36.9079,37.8083
183.1891,222.9110,37.4110,39.4900
2
0
0
0
0
1
168.1557,106.8395,35.6260,37.0349
167.8163,103.7766,36.3104,37.1230
168.5997,119.0259,36.7095,37.1090
171.4579,146.4565,35.8321,38.4864
170.0246,194.9148,37.2409,38.3169
2
0
0
0
0
1
167.0320,155.7104,36.2968,40.9157
166.0661,143.2788,36.4599,40.7518
166.2683,149.9512,35.5146,40.7724
165.9641,171.1417,34.5828,40.1689
170.8722,203.6640,35.5392,38.6881
2
0
0
0
0
1
168.3165,214.7899,35.3915,39.5314
167.6458,190.3972,35.4053,40.8365
168.3553,179.2946,35.2367,41.4491
168.1610,186.7868,35.7722,41.2448
169.0257,202.8880,36.5443,40.1843
168.7018,231.2225,36.5235,39.5804
2
0
0
0
0
1
184.7504,259.0778,34.7179,34.8783
186.9896,252.2332,34.9886,34.1523
188.5620,261.4072,34.6659,34.3152
191.4646,287.2859,34.7607,33.9357
196.0296,327.8659,35.0674,34.3418
199.2913,376.8251,34.6806,35.3887
196.5940,416.4445,36.2240,34.8324
2
0
0
0
0
1
167.9459,262.3179,32.6677,34.1599
165.4561,295.2050,32.4609,34.5459
2
0
0
0
0
1
143.0783,248.7634,28.7077,32.2115
140.5784,246.3627,27.5534,31.7967
137.3860,257.9022,27.3146,31.7359
136.4518,279.6901,27.6877,30.0070
135.4662,323.9156,28.3872,30.7725
2
0
0
0
0
1
125.1154,310.9031,32.4123,33.7200
123.8919,314.6994,31.8591,34.9111
125.3788,331.4458,32.5343,33.6856
132.3917,330.7579,32.6566,33.4895
2
0
0
0
0
1
128.8688,345.6748,30.2309,29.8140
133.3180,340.0638,30.3102,28.9177
138.0098,347.1917,30.3269,28.6027
136.0060,337.7909,29.8523,29.5202
2
0
0
0
0
1
135.3582,348.8259,27.7919,28.4731
132.6524,347.7066,28.0271,28.4172
128.7075,357.8268,28.1711,28.8664
127.5750,381.5788,28.0481,29.2318
2
0
0
0
0
1
129.0089,316.7080,30.3003,34.2391
130.4033,310.7712,29.4200,34.6186
132.4965,320.6250,28.6076,34.8859
134.3579,338.5596,27.5289,35.8321
2
0
0
0
0
1
135.3343,244.9666,30.2571,33.9316
135.7416,231.9953,30.4158,32.8759
135.2385,234.8308,29.8674,33.3058
134.5828,251.9190,30.6747,33.0106
134.4173,282.4754,30.9075,32.9161
134.1408,326.1513,31.4377,35.3569
2
0
0
0
0
1
155.4778,224.5047,33.1151,32.7114
159.6527,228.9389,32.7019,32.3812
164.8797,245.1480,33.0007,32.6716
169.8332,281.6884,33.4314,32.6477
2
0
0
0
0
1
182.0064,217.7192,39.2255,41.3768
183.2374,208.9579,39.0981,40.7630
183.9379,217.1773,37.9048,41.0711
183.9920,237.3363,37.4113,40.7679
190.1486,266.7515,36.9730,42.8125
2
0
0
0
0
1
192.7466,194.5486,40.6594,43.3815
197.1218,174.9696,40.3248,43.7948
200.0387,178.4710,39.7153,43.3329
201.9772,195.5653,39.8719,43.3884
203.6288,220.0687,41.2555,42.7113
207.7299,286.2889,41.1385,43.0888
210.2111,325.6958,45.3032,37.9024
209.5026,355.7751,43.6506,39.7616
