1
334.7727,168.2227,28.8174,37.3274
334.8409,167.8880,29.3079,37.3495
334.5448,166.3407,30.9344,37.2646
335.0646,168.6111,30.5040,38.5367
332.7706,165.5322,31.2180,39.3276
331.9559,162.6380,31.7195,40.5136
330.6201,162.6397,32.0966,41.1043
326.3729,163.0266,33.1802,40.4029
320.5710,163.6855,34.6476,38.9268
322.2007,164.8701,35.9021,37.8586
328.5309,168.2368,34.3402,37.5725
327.4556,167.6410,33.0168,39.2017
323.0750,166.9979,33.1047,39.2439
324.4616,165.7286,32.8819,40.2366
326.3990,165.6993,31.7039,43.0058
326.1818,162.8786,30.8857,45.1828
325.3198,162.0147,31.0980,44.2499
324.3072,163.8093,30.3639,44.3784
324.0444,164.3893,30.4523,44.5625
325.2626,164.1632,30.0417,46.0052
325.9412,164.2189,30.2545,45.4069
326.4212,161.7210,30.0402,46.2445
327.3089,160.3487,29.5460,47.8858
328.4409,159.5728,30.2990,48.7928
325.4068,159.1489,30.4857,48.9955
323.7686,158.4048,30.7500,48.7575
325.6735,158.7128,30.2865,49.2183
327.1601,155.5015,30.2313,50.5560
326.1633,156.8327,30.7892,51.0804
325.4994,156.1756,30.8867,50.1638
325.3358,155.6432,31.0342,50.0961
326.2170,155.7290,31.8477,49.5283
327.4095,154.2918,32.2970,49.2346
328.8297,153.5193,32.6128,49.7299
328.8611,152.1799,33.0042,48.8546
328.5365,152.7033,32.4200,48.3727
330.0885,152.3971,30.8039,49.7172
329.2084,153.1113,30.2349,49.5286
331.7417,152.2981,29.9624,50.1624
330.2801,151.9274,30.5740,50.4096
330.6166,151.7112,30.3542,50.2193
330.9446,151.3652,29.9007,50.7773
331.9194,153.0342,30.9402,50.3649
331.1171,151.0962,31.7794,49.8666
330.2321,151.4262,31.1269,51.2488
329.5699,150.8730,30.7266,51.1191
329.3919,152.2062,30.1226,51.3216
330.0252,152.2218,29.8754,51.4571
329.7996,151.5184,28.7679,51.0784
330.6916,151.0429,28.5423,52.0561
332.5356,150.5313,28.6231,51.3913
331.3210,150.5888,29.5767,51.9540
334.1137,151.1210,30.6034,51.4449
336.4655,151.5431,29.2616,53.4519
338.1454,150.9718,28.0767,53.8745
337.0067,150.2296,27.1544,54.0059
338.0782,150.7796,26.5613,53.4438
336.6632,150.4388,26.5445,53.4210
336.6220,149.0717,26.0960,54.8125
335.7666,148.8762,26.5282,55.0955
334.2046,148.8448,27.0676,55.1579
333.2104,148.7307,28.3468,54.3409
331.0994,149.9776,28.4232,55.6105
330.5650,148.8996,27.8019,56.9652
329.6244,148.7917,27.3055,57.9008
328.0646,147.1090,27.0012,57.7844
325.7999,148.5214,26.5678,57.6963
323.0580,147.7222,26.3166,56.7368
323.1113,147.8907,25.8627,56.3883
322.6245,147.3597,26.2167,56.0736
322.4069,147.2876,26.9133,55.6463
322.4090,146.8078,27.0445,55.5377
321.8583,147.9791,27.6521,54.7774
325.5276,149.1751,27.3082,56.0638
324.6111,147.4255,26.8264,57.4534
324.6610,146.1621,26.8792,57.9802
324.6312,146.9967,27.0676,57.8779
322.9716,146.6432,26.9988,57.2358
322.9179,146.4421,25.9898,57.3328
324.0680,144.5067,26.0226,57.4541
323.3873,144.8259,27.2132,56.6880
322.8914,145.4287,28.2335,56.0571
322.3925,147.0214,28.4159,56.3532
321.8153,146.8946,27.9560,57.0474
322.7812,149.0866,27.8800,58.4003
323.2800,146.8601,28.5009,59.2780
323.8989,147.5109,28.5571,60.1848
323.1012,147.0946,28.4634,60.4734
324.0999,146.2986,27.7921,60.1377
326.1093,146.6121,26.7395,60.4684
328.2647,146.4056,26.5419,59.8129
330.2912,147.3783,27.8303,58.1863
331.6650,146.9527,27.5090,59.1006
332.8869,145.6368,27.4528,59.3782
333.7175,146.4561,27.2217,60.0620
334.9747,146.8024,27.1776,61.7681
335.4426,146.4346,26.9536,61.3680
336.5839,144.7127,26.6070,61.4612
336.4212,144.0675,26.2793,61.4850
336.5789,143.6059,25.9254,60.3989
338.6715,142.4490,26.0011,59.3372
339.9102,144.9772,26.3049,61.0067
340.6305,146.3125,26.3401,62.3321
340.7236,143.2900,27.0325,62.4281
341.8751,142.3383,27.8739,61.5363
342.5539,143.2224,28.8591,61.1771
343.6435,142.5872,29.7232,60.3210
345.1344,142.0517,30.0485,60.3876
346.8008,144.4472,29.7049,61.6143
347.0110,143.3925,30.6315,61.7817
348.1931,142.2688,29.9821,63.2656
351.5343,141.5996,30.7047,63.4981
354.2793,141.1059,31.0436,64.4448
355.1427,140.9151,31.4902,65.2539
357.1488,142.3714,32.6750,65.5409
359.6477,143.2434,31.4711,68.1224
362.1549,143.6119,31.1775,68.5589
363.7252,142.6418,31.1733,68.9619
364.6230,142.9868,31.3189,70.1878
362.8841,142.0157,31.5951,70.0780
364.1856,141.7053,31.6458,69.2510
362.2249,139.9296,31.9023,67.3147
363.3505,142.8044,33.2398,66.5320
361.5725,140.9368,33.1968,66.7911
359.2449,140.4279,34.1480,66.0749
357.8878,140.0471,34.5301,66.3316
356.5270,138.9047,35.5190,63.7204
356.2719,142.0187,35.3647,62.5142
360.8489,142.1289,35.2689,61.7071
361.1672,141.6185,35.2294,62.3111
371.1381,140.3786,33.4477,64.5084
374.1384,138.1711,32.3281,66.3208
379.2791,136.4459,31.4436,67.0172
381.6007,135.2673,30.6205,68.6392
381.5866,141.8199,31.0357,68.2191
381.9604,141.5259,30.2176,70.6340
382.6413,141.9257,30.0016,72.4873
384.9372,146.4427,29.6534,72.1567
386.9514,149.5820,30.6379,70.6698
390.6825,154.9330,30.6164,69.8436
392.3326,155.2081,30.3315,69.2881
391.0461,154.5125,30.3731,69.0117
392.7762,156.2214,30.6381,68.5303
396.3784,157.8833,31.2711,67.7854
402.0978,157.8458,31.4199,67.6416
404.7322,159.0221,30.6857,67.5875
405.5448,161.9343,31.6177,66.0534
403.9041,165.8156,30.8551,67.4842
410.6563,159.4392,30.8590,67.7331
410.9466,159.3176,32.0603,66.8483
411.3691,159.5209,32.1708,65.8545
410.3412,161.6754,32.0301,64.9346
410.6501,158.4282,32.1910,64.7750
411.8594,157.6094,32.2890,63.9129
412.0504,155.5349,31.7296,63.0924
410.0738,155.0943,30.9843,63.2365
409.5002,159.0414,30.2383,63.2791
410.3561,158.9130,29.4995,64.8207
411.3550,159.5988,28.8737,66.4543
414.1178,156.9901,29.2489,67.0698
414.0984,158.4821,29.8296,66.5153
415.3548,158.0332,29.5113,66.5309
416.1617,159.3766,29.5241,66.5706
416.9506,160.4623,29.1888,66.2005
421.7641,160.8126,29.0064,66.1045
424.7855,160.1522,29.3045,65.3508
428.3400,160.8913,29.6372,64.8974
440.4447,162.0478,29.4752,65.8429
443.4187,161.2623,29.5497,65.2585
444.9653,161.7818,29.5305,65.2476
450.0065,159.3491,30.0818,65.7668
453.8540,159.2355,30.0996,65.4740
456.9384,158.1783,30.0998,64.9744
457.2889,158.2791,30.0251,63.9800
461.0274,157.5233,29.2908,63.9244
463.6630,153.5873,29.3675,63.5279
463.8723,152.5569,29.4001,63.2136
464.0060,151.5436,29.3189,62.7826
466.8462,150.9267,28.7704,63.6504
465.7220,152.9357,28.2948,64.4596
467.0365,152.2779,28.3692,64.6887
467.6470,151.2507,29.0793,63.8701
467.4208,151.9357,29.5022,62.5330
467.8259,154.3198,29.7919,61.6851
467.0446,157.0738,29.1954,61.0847
469.1765,156.6027,29.1502,60.6660
470.4716,159.4945,28.8209,60.0180
469.2248,159.7554,28.6757,58.5618
469.1344,160.6970,28.4044,57.8185
469.1255,161.4336,27.2152,58.7426
466.1164,163.8591,26.5096,59.3082
463.8191,163.0848,26.8665,59.8058
462.3921,163.0905,27.7699,58.6624
460.5085,162.8397,28.1785,57.7129
455.9023,162.8824,28.3800,57.0321
454.9700,163.6304,27.8376,56.4484
456.4261,163.5295,27.0213,56.7534
456.1190,162.8726,27.0593,56.4235
454.3298,161.2651,27.7972,55.2310
454.7906,161.3584,27.9723,55.8221
454.8847,161.6569,27.3678,56.8845
455.5260,160.7980,26.2372,58.2048
455.4767,160.0543,26.4051,57.9165
459.3576,158.8131,26.7790,57.2273
458.3578,158.0770,27.5193,57.2107
457.1661,157.2901,28.4004,57.2661
455.4821,156.0733,28.4077,56.7182
453.7369,155.5902,28.3705,55.8361
452.3336,154.2933,28.2550,55.3146
449.4832,154.2793,27.9762,54.8666
447.3206,154.9693,27.8369,54.2352
448.5201,154.8372,27.4156,53.5863
449.1898,155.9936,26.4858,53.4823
447.7310,157.6819,26.6810,52.8193
450.3030,155.3076,26.9354,53.3825
450.0074,152.8406,27.3694,53.1212
449.6526,151.6941,28.5636,51.5999
449.8120,152.7019,28.7043,51.6177
448.4516,152.4439,27.8489,51.2535
448.8973,151.6269,27.4725,51.8038
449.9041,150.4765,27.9804,51.6823
450.1113,149.8626,27.7634,52.6188
449.7306,148.4697,27.4640,53.1900
449.5823,148.2275,27.7337,53.5157
451.0231,149.1948,26.5914,54.2218
450.8312,150.9857,26.0020,55.0763
448.6374,152.0008,26.0051,54.9872
451.3988,147.6874,26.1651,55.6703
454.5243,145.2251,25.6417,55.3108
455.7010,143.6927,25.8734,55.6552
454.3033,143.7725,26.0213,56.2742
455.0232,142.7486,26.1772,56.1911
455.2353,140.8566,26.7821,55.8698
456.2035,140.4089,28.2122,54.8269
459.0268,141.1536,28.5138,54.2842
468.4606,143.2138,29.1680,52.7394
475.4066,144.6255,29.0323,52.1187
483.5717,141.3967,28.3193,53.5425
2
0
0
0
0
1
522.1829,125.7062,34.6457,81.9655
525.3734,122.3861,36.0295,79.3729
531.1301,121.6238,36.9675,77.3850
531.0972,122.8555,35.3835,77.7482
531.9547,125.0722,33.9853,78.8604
533.0879,120.6364,33.5834,79.7637
527.6671,119.1766,34.5258,78.0952
528.7557,119.4840,35.8366,75.1115
527.9661,115.8503,35.0542,74.1277
524.4340,115.6464,34.8447,72.9725
521.5578,121.1584,36.5655,71.9213
521.4442,122.0257,36.5673,71.0810
518.9790,119.6340,36.9251,69.8567
517.3491,119.9736,36.7772,68.9510
516.9639,118.1667,36.1315,70.1094
512.5192,116.7229,35.7066,68.8908
511.4851,118.8187,35.3078,68.5685
509.9668,118.7499,35.2745,67.3175
509.6086,116.8672,35.7743,66.8267
509.3679,115.8513,36.0781,67.5300
507.7778,115.9099,36.3107,67.2481
498.7021,115.9535,36.8530,67.1178
497.6550,113.6690,36.1328,66.3324
496.5309,113.9955,35.8300,66.0868
494.3426,111.3907,35.4331,65.6615
492.4575,107.8578,35.8031,65.9712
489.6246,105.2670,36.5058,66.8999
487.2160,104.6384,37.2625,67.5851
484.7067,102.3978,36.8212,66.5325
484.2941,98.8930,36.2171,65.4916
484.5213,96.0403,36.0762,65.1943
486.4691,93.4209,36.2961,65.7260
487.2804,92.5482,37.1570,66.8317
483.4937,92.6231,37.4614,67.6813
483.2887,93.6779,33.9636,72.6172
484.0720,92.3881,31.2196,75.2397
481.4273,89.6513,31.2672,75.3200
483.4140,87.6641,31.5686,72.6389
485.2625,84.7716,32.1128,71.1559
486.0089,86.1458,32.3302,71.7727
487.2391,86.6683,31.1571,75.2221
489.5255,84.6161,30.7894,77.9847
489.9011,83.2156,30.5569,77.4774
491.3693,81.4516,30.6608,76.4883
493.4123,79.5425,32.2812,76.4420
494.1678,77.5542,33.6853,75.3411
493.1399,78.1244,33.4402,75.0769
491.2347,82.3554,32.3572,78.0152
486.6715,83.1498,32.9118,79.3659
487.8165,83.2910,31.3851,79.3707
488.2516,82.3893,30.8047,79.0335
488.3607,82.0742,32.2262,76.8856
484.4521,83.7542,32.9351,76.3032
481.5070,85.2598,33.1396,77.2121
478.6612,83.7863,32.1989,78.9212
474.8140,82.0169,33.3016,77.3282
471.3576,81.7661,33.7361,75.8367
467.9149,80.8942,34.1913,74.0106
463.5142,80.8713,33.8945,72.5328
458.4385,84.0741,33.3271,71.7214
456.1636,89.2899,32.8517,75.0701
451.1900,92.2122,31.8869,79.1527
446.2195,91.1907,31.4347,81.5965
438.1399,89.5092,32.7922,82.3089
437.1230,88.4065,33.9807,81.2650
436.5133,88.7551,34.7082,80.2741
434.2437,90.9638,35.1874,79.4057
432.3499,91.8969,33.1826,79.2338
431.1597,92.7895,32.0920,78.3994
431.6686,92.2040,30.9435,77.4713
430.7743,90.8172,31.4594,75.0100
431.4288,93.0240,31.9606,73.3558
429.8647,94.2911,32.1622,73.5514
429.4465,96.0216,32.4325,74.3802
426.9562,97.2539,32.4211,74.6121
425.9065,97.6569,31.7638,77.2657
425.4577,95.8577,31.1587,78.0974
426.0648,97.3049,30.5893,79.4876
426.7426,98.4947,30.0625,81.0130
427.9197,99.0551,28.9814,81.7697
426.5138,93.0478,28.6613,80.3555
425.8183,92.9031,28.2589,77.9248
424.3999,91.7271,28.1609,74.3499
423.5882,91.9691,28.0410,71.0972
421.7592,94.7857,27.9017,70.6428
419.6728,97.6259,28.8518,69.1324
414.1307,94.5766,29.3155,66.9422
412.9962,95.1077,28.2531,65.8916
412.3947,94.1691,27.4765,65.0758
410.4596,97.4129,27.8254,66.0874
410.4433,97.1540,27.7055,69.4063
409.2949,94.6734,27.0350,72.7898
407.8812,93.4848,26.5498,74.6057
402.1206,84.9032,26.1592,72.9235
401.1487,85.6962,25.4941,72.5527
398.1233,91.0897,25.0780,71.8103
397.0695,91.9409,25.4109,70.7369
394.5371,91.7142,26.3439,67.4632
390.5687,92.3516,27.0511,63.9089
384.6072,95.0594,26.6637,62.4461
380.5978,97.5964,26.6155,62.1353
378.1588,95.4791,26.5952,60.8087
374.7876,93.8894,26.7341,60.0665
374.2713,94.4794,26.8725,59.1366
374.2303,94.5696,26.5785,58.8266
