1
335.2534,168.1093,29.1714,37.2028
336.5716,167.0117,29.5183,37.3123
337.6598,164.5801,31.5191,36.3539
336.6540,167.0866,31.3304,37.0467
334.0254,163.9984,31.9398,38.5227
332.9121,161.5388,32.2106,40.0541
331.6867,160.8299,32.3898,40.8024
327.3277,161.9128,33.2034,40.0254
324.8790,166.2255,34.3079,39.1397
325.6896,165.8616,34.7993,38.2266
328.0453,167.4378,33.4398,38.6914
328.3135,167.5462,32.3096,40.0358
325.2473,166.6348,32.0630,40.1660
326.1591,165.7266,31.9228,41.2563
328.5132,162.8300,31.3152,43.2637
326.8044,162.7465,30.6490,45.2027
325.4217,162.0196,29.7981,44.8063
324.6847,164.8310,29.8351,44.6115
323.5363,164.5111,30.3078,45.4953
324.3808,164.3358,29.9737,46.5488
326.0564,163.9933,30.3541,45.8621
326.2068,162.4526,30.1863,46.3373
328.4306,160.7294,31.6034,46.0602
328.0157,160.0933,31.5966,47.7176
325.5791,159.7578,31.3443,48.4107
323.9570,158.7783,31.2315,48.5131
325.7277,158.5201,30.6268,49.1604
326.0950,156.1555,30.8472,50.8448
324.6628,156.4942,31.2738,50.8314
325.2869,156.5491,30.9958,49.6440
324.4971,156.4841,31.1376,49.7685
326.6605,156.4194,30.8272,50.7536
328.7654,154.4730,31.5082,51.2743
329.2348,153.2371,32.1339,51.8156
329.1591,152.2982,32.7178,50.6782
328.5570,152.5559,32.3773,49.7159
330.0137,152.5562,30.9296,50.6931
329.6215,152.8658,30.4013,50.1028
330.2266,152.1231,30.4410,50.1394
329.7238,152.9173,31.1048,50.2765
330.2791,151.7261,30.4952,50.3903
330.2574,151.3783,30.0417,50.9729
331.5165,152.6271,31.0757,50.5791
331.5620,150.7793,30.2443,51.7908
330.7865,150.5874,29.9869,52.8294
329.9981,150.4465,29.6355,52.1137
329.3650,150.9816,29.5022,51.8533
329.6127,152.5949,29.4198,51.7642
330.2704,152.1615,28.3751,51.6499
331.0084,151.3728,28.4341,52.4875
332.7703,150.3639,28.4985,52.0052
331.7890,150.4267,29.5276,52.1497
334.3734,150.9160,30.6214,51.6265
336.4337,151.5363,30.8600,51.2213
336.7094,151.1075,29.1338,52.0239
337.1634,151.5459,27.9283,52.7385
336.4845,151.1932,26.6745,52.9538
336.8204,150.3039,26.8715,53.0898
336.0649,148.8545,26.4125,54.2165
335.8480,147.9577,27.3534,53.9481
333.9314,148.5334,28.2271,54.0705
333.3432,149.0046,28.9433,53.3458
330.9668,149.6060,29.3835,54.1888
330.9907,149.3092,28.6187,55.8048
330.6456,148.3689,28.5430,56.5976
328.1535,147.4150,28.2147,56.8966
324.8748,148.1070,27.9458,56.3174
322.7466,147.7432,28.2456,54.7195
322.0999,147.4791,26.9898,55.0452
322.6756,146.8885,27.0508,55.6303
322.4138,146.9705,27.9283,55.9684
321.9663,146.2464,28.0874,56.1434
322.0370,147.8634,28.2614,55.3792
324.4844,149.2863,27.4523,57.0850
325.2386,147.8142,27.0282,58.2194
323.9492,146.9035,27.3301,58.7865
324.7170,145.7491,27.1617,58.9230
321.3918,145.3089,26.8048,58.3671
323.1524,145.7491,26.1289,57.9321
323.9966,144.0457,26.3274,57.4576
323.7513,144.6841,27.4512,56.7754
323.3533,145.6609,28.4806,55.9879
322.1972,146.8853,28.5966,56.3636
321.5630,146.5943,28.0941,57.1083
322.6831,148.6795,27.9021,58.6967
322.8097,148.7344,28.0187,60.7752
323.8953,148.1315,28.3309,62.1414
323.1218,146.3379,28.2982,61.8346
324.1241,146.2262,27.7859,61.1019
325.8698,146.0644,26.8452,61.2459
327.8952,145.4766,26.5229,60.5155
329.1942,146.7290,27.9213,58.3651
330.5475,148.2091,28.2252,58.8301
332.0690,146.4272,27.9594,59.0710
332.9197,147.7771,27.4500,59.9961
334.3994,146.8199,27.4826,61.7817
335.4466,146.9865,27.0360,61.7624
336.8372,145.0672,26.2669,62.3533
337.2870,143.4935,25.9579,62.2258
337.3405,142.7680,25.6181,60.9838
338.7252,141.4816,25.9788,59.7625
338.9403,144.9486,26.3133,61.4209
339.2323,143.4613,26.1588,62.4597
339.2968,143.1849,26.1784,62.7065
340.7796,141.9005,26.6823,61.6500
341.9429,146.4393,27.5866,61.4134
343.7270,143.3692,27.7120,62.1471
345.0249,142.9569,27.8929,63.0197
344.6422,142.3120,28.5757,62.7014
346.1341,145.8769,29.0691,62.4062
347.6281,143.3424,28.7076,63.2300
349.4311,142.4673,30.4767,62.4467
350.3542,141.8670,32.1200,61.2716
352.0966,141.3389,33.2301,61.0967
354.5733,143.3357,33.1830,62.1495
358.2066,146.2685,31.7569,65.1389
361.1794,143.7205,31.0950,66.6682
363.0615,142.2505,31.7118,66.5506
363.9931,141.8363,32.2923,67.1164
362.6892,142.3472,31.8661,67.9566
364.1221,142.4597,31.5354,67.7315
363.9722,142.1459,31.7269,66.7709
363.0665,141.4778,32.8797,65.7350
362.1595,141.3081,32.3638,66.0936
358.8267,140.4452,33.2044,65.8193
357.8500,139.6476,33.8951,65.3510
356.4302,139.0549,34.7365,62.9329
355.5211,138.8924,34.8891,60.5140
354.4643,142.1163,33.8702,59.8359
360.0312,141.4201,34.1688,60.1368
374.0119,144.1314,31.8602,63.0184
375.7404,141.2657,30.4929,65.1502
377.2679,148.0324,30.6706,63.6249
382.4289,145.7690,31.0152,63.8998
381.7353,147.6172,31.7436,63.2763
381.3145,149.3587,30.9865,64.1686
381.7259,149.0469,30.5465,65.7417
383.1283,150.0006,31.4372,65.0250
385.8363,151.8551,31.3059,65.3405
388.7535,154.0518,32.1948,63.4651
390.3194,156.0746,32.7879,62.2188
389.6460,156.6746,32.1541,62.4087
391.1295,158.0577,32.1667,61.9567
394.3273,159.5357,32.5935,61.3240
400.8885,159.9904,33.1810,61.3008
401.7320,160.7467,33.5710,61.2231
402.8398,162.8821,32.8315,62.0161
404.3866,166.4227,31.5286,63.4919
407.8681,160.3290,31.9200,64.3581
409.5742,160.6656,32.4362,64.7401
410.2051,160.9148,32.4243,64.0492
409.8276,162.5742,32.1614,63.3148
410.0281,160.9088,31.8861,63.7862
412.2234,157.7543,32.0406,63.6245
412.3039,156.4412,32.0541,62.4872
410.6437,156.3047,31.6331,62.5324
409.5325,159.1157,31.1207,62.4673
410.0835,158.9029,30.1135,64.0257
410.5781,162.5093,29.7365,64.7244
413.1589,159.5112,30.7233,64.7726
413.7974,159.6650,30.5716,65.0586
414.7265,158.0108,30.6454,64.9159
415.6871,160.8188,30.3953,65.2814
417.2280,160.3108,30.1267,64.7817
422.1736,160.4922,30.1365,64.6514
425.9510,161.4331,30.2583,64.0491
429.0091,161.4943,30.0840,64.4537
440.5475,161.3837,29.9040,65.4466
442.9785,161.4078,29.8171,65.4775
445.4716,161.0335,29.9680,65.7582
449.6731,160.2500,30.3763,66.2232
454.3888,159.6539,30.4408,65.9223
457.2525,158.6046,30.1479,65.8064
457.7590,157.5445,29.6065,65.2477
460.8683,157.8673,29.0366,65.1198
463.5555,153.9873,28.7662,64.7010
463.7914,152.1065,28.8204,63.5038
463.8123,151.2912,28.8622,63.0479
467.7041,151.3378,28.7147,63.5732
465.6635,152.4623,28.4615,64.3147
466.1158,151.5503,28.3070,64.0391
466.6039,151.7908,29.2709,62.9977
466.8825,152.1905,29.6111,62.0960
466.0840,154.1432,29.7869,60.8893
465.3981,152.3134,29.9070,57.5062
467.5779,157.5556,29.2408,56.5551
470.2762,160.1635,28.4379,56.4682
469.0818,159.7546,27.8407,54.9335
468.6724,161.2245,27.5964,54.9286
469.6792,162.1428,26.1334,56.4017
467.0492,164.3620,25.6285,57.3893
465.7166,163.6791,25.8882,57.7850
464.0180,163.5578,26.4452,57.1939
462.9629,163.9265,26.6842,56.7636
456.3702,164.0856,26.6024,56.6295
455.9709,163.7788,26.4172,56.2346
456.5498,163.3508,26.1712,55.8923
456.2205,163.2730,26.3762,55.5611
454.1285,161.9576,26.9577,54.8986
454.5009,161.6371,26.6983,55.6364
454.8260,162.0274,26.3134,56.4836
456.2923,160.9500,25.4469,57.7082
456.1268,160.9177,25.7409,57.4857
458.0520,159.3361,26.7004,56.4389
457.1696,158.4567,27.3524,56.6227
456.7723,158.1121,27.5950,57.2012
456.1081,157.4458,27.2288,56.9731
454.6265,156.1868,27.3737,56.1394
453.8452,154.2865,27.4897,55.8317
451.4236,154.6445,27.4920,55.3799
449.3603,154.2977,27.0020,54.9100
449.6215,154.8082,26.8816,54.2700
449.4469,156.3289,26.0225,54.1322
448.9913,156.3793,25.6866,54.1682
450.3821,153.8501,25.6624,54.4106
450.4719,152.7448,26.3058,54.5826
450.8313,151.1659,26.7558,54.3286
450.4684,151.8925,26.7705,54.5538
449.0721,152.1787,26.4583,53.5020
447.9860,151.8666,26.7968,53.6870
449.4587,150.5621,26.7168,54.0453
449.5016,149.6722,27.0352,53.5660
449.3149,148.5168,27.1190,53.5176
449.9238,147.9553,27.3426,53.8150
449.6504,148.6299,26.2328,54.6638
453.1676,149.1451,25.6910,55.7466
453.9602,149.3408,26.4134,55.9929
454.7108,146.6800,26.8335,56.9718
455.9609,145.1189,27.4893,56.4120
455.8286,142.6352,27.7242,56.0186
454.7791,143.5232,28.1196,55.9792
454.2679,142.7798,28.4862,55.4919
455.3513,141.0547,28.5457,55.7679
456.3019,140.7228,29.5536,55.0493
462.9044,141.0024,29.9884,55.5211
469.6457,143.3201,29.6022,54.8450
472.2235,145.8940,29.8387,53.1864
481.4731,143.3605,28.9871,54.8933
497.6889,140.5823,30.0545,53.3795
502.1556,137.2087,30.1991,53.7698
505.9243,133.1042,29.8263,55.4017
509.8965,130.4254,29.7833,56.2534
517.0088,129.3626,30.1894,57.1838
523.6385,126.9668,30.4129,56.8761
525.7818,125.7243,30.7454,56.8334
527.3392,124.5017,30.7340,57.2368
529.7485,123.4673,30.4631,57.1786
532.0276,122.2483,30.8606,57.1016
533.9673,123.6027,30.3326,56.1659
535.5210,123.8735,29.5936,56.3584
537.2173,121.5165,30.9919,57.1498
535.8345,122.6091,31.7183,58.2025
534.4617,117.7368,31.3014,60.1539
531.2642,116.5577,30.8028,60.1610
529.1951,117.8760,30.2126,61.0884
527.8170,117.3783,29.4222,61.2190
525.4312,116.7931,28.7651,61.4174
521.5690,116.2696,28.6550,61.7560
518.5385,115.4386,28.8723,61.2802
516.1354,114.8368,29.2995,60.2833
514.9255,115.8608,30.3572,59.0358
513.9015,117.5272,29.4161,59.9849
512.9952,115.5614,30.0136,61.4963
511.2927,114.5351,30.1767,62.1923
508.9141,113.5144,29.8989,61.9480
505.8525,111.9087,29.9161,60.9345
496.8820,111.2216,29.6914,61.3634
499.4574,109.7408,28.3262,62.4398
498.5866,107.2671,27.6261,63.3185
497.4085,102.7700,27.7786,64.4802
492.4589,100.2199,28.1350,65.0709
490.3265,98.7368,28.6084,65.3323
489.1022,97.7662,28.5506,63.3529
489.1310,96.7343,27.8156,62.6883
489.2740,93.5090,28.0003,62.9799
490.1838,92.1834,28.1668,63.9213
489.8825,89.4688,28.5589,65.2490
488.2055,88.2364,29.0178,65.8225
486.4064,90.1196,28.2568,67.3793
486.7574,91.2547,27.3738,69.2803
486.2322,89.3588,27.2644,69.0421
485.7615,88.2413,28.0842,67.1613
486.3294,86.4395,29.5169,66.3059
487.1701,84.2162,30.2790,67.0398
488.3139,84.3484,30.1992,66.3878
491.4149,83.7406,29.5550,66.3058
492.9258,80.6072,28.7578,65.6390
495.1547,81.9214,28.7151,64.9265
495.7855,80.6602,29.4120,65.9963
495.9759,78.0337,30.2481,66.5950
494.1181,77.0253,30.7609,66.6015
492.4930,79.1334,30.8024,67.5137
490.4395,82.6140,30.5978,68.8470
489.1583,81.0986,30.4081,69.5054
488.1350,81.5860,30.3039,69.6118
488.8031,81.3920,30.8005,69.6334
485.2305,82.0999,30.9390,70.2178
481.7150,83.6626,31.1956,70.0533
480.3110,84.6702,31.4104,70.3542
476.8528,82.4928,31.1646,70.0150
474.2212,82.8722,31.2347,70.5940
469.2605,83.1012,32.2409,69.9599
467.2101,79.5792,32.5050,68.9171
463.9932,81.5642,32.1954,68.5015
458.7762,84.5184,32.3845,67.5034
452.3844,90.1347,31.5982,69.3142
447.8874,90.8104,31.2307,71.1195
442.7689,89.9321,32.1962,71.1336
439.2724,89.6285,32.3583,71.7844
437.5955,90.4322,33.0404,72.6163
436.0822,93.0584,33.4286,73.4548
433.9561,93.8614,32.3113,73.8899
433.4628,93.6711,31.6170,73.7563
432.8574,93.3753,31.5672,72.9924
432.4450,91.5553,31.9485,70.3677
429.7592,90.9213,32.5341,68.4240
429.3053,92.4448,32.5181,68.3379
428.9582,93.5636,32.6525,68.4809
426.5983,94.8744,32.6922,69.3420
425.4170,94.8646,32.6043,70.7274
425.5161,94.1365,32.5995,69.9796
425.5054,94.8617,32.8682,68.4725
426.6119,97.2726,32.7362,68.8573
427.7458,99.1594,32.1683,68.6874
425.9881,94.2424,31.1202,66.8130
425.0060,93.0705,31.1861,66.0216
424.3885,91.5883,30.7538,64.8439
422.6412,89.3673,29.9497,63.3368
420.5792,89.6986,29.4020,62.3038
418.9838,93.3739,30.0032,61.6345
412.8209,93.7758,29.8936,62.2286
410.0778,94.4483,29.4618,61.4141
409.2960,94.3681,29.2219,60.9422
408.1591,95.8137,30.3708,60.7704
406.1498,92.5533,31.7724,60.8903
405.0972,93.5593,32.1145,62.3973
403.7980,93.2554,31.7924,63.8567
398.1494,86.8877,31.5647,63.8219
399.1081,87.7546,30.5948,63.6166
395.8223,89.9390,30.5420,64.9645
394.7102,91.0861,30.4954,64.6192
392.5287,89.8283,30.4426,63.0883
389.3062,90.8241,30.0187,60.9239
383.7100,94.4997,29.3196,59.9861
378.7694,95.2273,29.0787,60.0665
376.9124,93.8370,28.8842,58.5295
374.1990,93.2771,28.8798,58.6156
372.8652,92.9105,28.9626,58.1099
373.1332,93.1619,28.7044,57.8243
