1
118.8843,49.6748,97.5631,106.4230
116.3456,46.4793,93.9685,106.6017
115.6187,42.0231,92.0795,105.6438
114.4858,38.3190,90.0350,105.3490
113.8689,33.5926,88.3014,105.3939
125.0263,24.9842,86.0418,105.7261
134.7745,18.3415,84.7568,107.0553
135.1589,10.7290,85.0727,107.2469
143.5213,6.5239,85.5653,104.9281
144.7539,4.8755,84.6203,103.8738
149.2146,5.8354,83.8577,103.6669
155.4528,8.0508,83.0996,103.6755
161.1010,10.3561,86.6365,99.7820
167.2189,15.1553,87.9941,95.6500
177.0002,21.3239,87.5649,90.7401
183.0862,29.1544,87.5521,85.8121
188.2782,37.1491,88.0709,81.7002
190.5476,46.4157,88.2136,78.5682
193.8418,54.3798,90.0346,75.9303
196.1776,63.0246,91.5165,73.8508
196.3498,68.8689,92.3586,72.1684
197.9846,74.3119,94.0313,70.4238
199.1853,79.8113,96.8224,68.8369
198.2726,84.2956,96.6808,68.8134
197.8769,89.9380,95.5965,67.2241
194.0117,95.5175,94.3882,68.1000
191.2772,100.1876,94.9858,68.8037
189.5668,102.9843,95.2908,70.5699
182.7755,99.5357,95.2288,72.8262
182.2141,96.9298,94.9631,75.2950
185.1307,85.4748,93.1403,77.8150
198.6331,79.4029,91.2909,80.5942
190.4868,109.1328,90.1436,80.4058
184.2509,116.1366,88.3799,80.2310
182.0689,114.9100,86.2416,79.4453
180.8004,118.7332,84.0546,78.3826
182.5832,124.1557,81.9378,77.1056
188.2398,122.9877,78.6589,78.0892
187.5989,126.0657,78.9088,76.2408
183.3256,133.9016,78.1238,73.9638
184.4274,137.9338,76.4168,72.4716
185.2915,137.8262,74.5563,71.0175
187.0903,136.4514,73.9415,69.4679
186.5798,136.0726,73.7058,68.1264
187.2073,137.4557,73.3688,66.7494
188.0701,143.4623,74.3920,64.0220
193.1045,150.1455,76.1723,61.8458
191.3818,163.3238,76.7817,60.6058
190.9988,170.9023,76.2493,59.8098
194.5564,182.6072,75.1117,59.5206
201.6902,191.6631,75.7234,59.2364
208.6551,195.9597,77.1078,59.3989
209.1650,201.0055,76.9110,60.0260
211.9123,206.6345,76.2002,60.9966
223.0948,212.3771,77.5026,61.0988
231.5056,217.0935,80.2985,60.7754
234.9360,222.6601,81.2493,61.4600
241.9609,228.9946,81.7071,62.6829
246.1603,234.7572,81.1281,64.1394
253.0962,237.7202,80.6813,66.4323
262.4879,238.4410,81.1759,67.9685
272.4879,235.7633,81.0530,69.5396
283.0959,231.2514,80.3478,71.0532
291.4060,224.7496,79.0630,73.7702
302.1371,212.9513,78.5371,73.3571
309.4558,199.8889,79.5893,71.8205
313.6512,194.1763,80.7274,72.7948
317.3799,180.1331,82.0655,73.8026
327.1862,158.5766,84.3549,73.9874
323.7863,136.6597,84.9615,73.3205
332.8459,126.6824,81.1965,75.3669
354.4345,91.6903,83.9214,73.5095
397.8826,63.8341,88.8101,68.5009
392.9295,53.1354,89.9671,68.7374
393.2195,32.9256,91.8628,69.9251
380.4146,55.6940,92.9158,72.1979
358.8381,13.0973,88.9014,77.5603
376.9600,2.8922,87.3416,76.2981
408.2175,8.2090,89.8586,75.3464
408.9590,3.8588,96.7900,73.7302
408.9875,3.4431,101.3714,72.8452
409.6488,4.3933,102.8830,71.9765
394.7113,2.8638,106.3307,72.6714
385.4731,0.8030,110.3296,72.6747
372.7729,-0.3908,113.4395,73.1984
360.6702,1.3588,116.9325,73.1868
349.7405,2.2174,117.3725,74.1106
338.5208,4.3982,117.6123,75.3617
329.9568,7.4899,116.0131,76.5048
319.1754,9.9553,115.6328,74.8330
306.2632,15.0825,114.9133,73.1864
286.9078,22.2234,115.7289,72.2486
277.7686,28.4092,114.5303,71.6540
261.8773,34.8461,114.9060,71.7926
254.0099,38.1283,113.2861,71.5831
247.5999,39.5438,111.3942,71.0884
244.7565,42.2470,105.6981,74.9840
237.7535,40.1135,101.9749,79.4702
235.6677,40.1729,100.3474,80.1646
233.7306,39.6461,100.4300,81.0577
230.9207,39.8190,101.4237,82.1918
225.9425,40.7059,103.4893,82.2683
219.1640,41.2840,106.9632,82.2234
213.5088,42.4834,109.4758,82.5189
204.2445,42.6314,111.8475,84.1858
194.8552,43.7678,115.3658,84.4888
183.3693,46.3166,119.1183,85.3820
174.6539,47.6102,120.6508,86.0605
162.8733,48.5325,123.0307,86.2667
153.5791,54.3821,123.6636,85.3507
143.7184,61.1913,124.0910,84.0381
133.2009,67.9360,129.3053,79.9586
122.1679,75.6531,130.7908,77.5230
108.1132,79.2003,132.7486,74.1087
126.4545,108.8333,121.3221,84.4721
89.8977,95.9806,122.5002,84.1175
75.6864,108.1613,120.0738,86.2143
67.5602,129.4977,117.3581,88.0822
55.1362,133.9945,116.0227,87.4510
53.2353,135.4648,113.9259,90.3711
62.2447,126.8701,110.6684,91.7947
69.8741,121.5978,106.8586,91.2640
65.7682,146.5927,104.6942,91.3735
63.6335,150.4736,103.6265,89.9068
63.5674,144.3437,102.5709,89.3586
65.4545,147.1525,101.2003,88.6373
74.3008,138.8788,99.0257,89.0292
82.2718,122.8435,97.0461,89.6345
91.4301,116.5068,96.1104,89.3929
104.1594,108.9334,93.0210,90.2131
114.4434,100.9958,91.3550,90.2803
119.6393,94.3536,93.8042,89.5429
129.3624,90.0580,94.6984,88.3759
138.2064,75.1229,95.7001,87.8239
143.9248,70.4092,96.0021,86.5198
148.5606,52.7349,96.7014,83.1859
173.8102,86.6261,90.5948,82.4386
182.9586,94.1454,86.9100,81.9988
150.5074,36.5150,87.4567,79.4980
2
0
0
0
0
1
213.7985,151.0181,45.2032,49.6479
211.7666,155.3942,44.8818,51.3538
212.2191,161.6012,45.1890,52.0773
213.4711,166.7822,45.3271,53.1240
214.8498,170.4630,45.4234,53.5122
216.1583,174.5731,45.7160,54.2629
217.3215,179.0737,45.8736,54.4725
217.2829,181.3866,45.9829,54.6594
216.3549,184.4727,46.5648,54.3841
216.0399,185.6225,47.5589,54.1312
217.8046,188.2957,48.3446,54.4339
221.3359,191.2930,49.6012,54.6372
226.7357,190.6931,49.3896,56.0487
228.6909,190.9180,48.5517,56.3236
228.2080,188.1693,48.3694,56.8382
227.6856,186.0986,48.6398,56.8489
228.2142,185.0617,48.7417,56.7745
231.6650,183.7653,48.8328,56.6776
