1
143.6465,133.0702,85.7673,192.7979
138.7727,134.5844,87.9985,191.9998
133.7244,134.5863,89.5749,193.4134
129.6793,132.8235,90.4186,193.7574
127.4399,131.0664,90.4949,196.1450
126.2094,133.3262,91.8391,198.0756
124.0769,134.5628,93.1963,198.2360
119.3994,136.7184,93.5166,199.0655
116.9787,135.8421,91.3071,202.0480
113.8426,135.1203,90.1434,203.2748
109.3330,128.2182,89.7500,205.5621
106.0905,126.4247,89.8049,206.4597
103.6413,127.8847,90.2263,206.2897
99.2356,129.6572,90.5858,206.6091
96.6027,131.9276,89.6066,207.1656
97.2794,129.5832,88.1790,209.0046
95.1946,134.1094,87.3655,209.8354
95.8690,136.0905,86.7956,208.7902
95.6163,136.3193,86.0373,208.7319
94.8517,137.1823,85.2088,209.2218
94.6441,141.2716,84.6592,208.9324
95.3624,138.7068,83.8085,211.0288
95.3355,144.0778,84.2276,208.8646
96.2596,147.9397,84.0268,209.5930
94.3886,146.2200,83.8777,209.4773
96.6518,146.2863,84.0373,209.2936
94.8964,144.1216,82.7033,210.0746
96.4298,144.1986,81.8039,210.2359
95.2332,146.3252,81.8407,210.3695
95.6082,150.3071,81.8615,210.0049
96.6057,153.8835,81.8285,208.0532
95.3526,153.9266,82.2423,205.8824
96.1833,156.4147,81.9305,204.5847
95.3866,157.9085,81.4853,203.5311
97.5432,159.4927,81.2350,202.9952
97.1300,160.6924,80.5512,201.3342
97.4937,162.3526,80.3550,200.7722
97.7758,164.2505,80.1400,200.1346
98.3399,165.7435,79.8691,199.6524
97.8934,167.1020,79.8280,199.0766
98.4482,167.1219,79.5465,199.0280
98.4228,167.2751,79.1705,199.1908
98.7488,167.7546,79.0157,198.8982
98.8488,166.5908,78.7649,199.2518
100.6140,165.0184,79.3996,199.1242
101.9493,164.8073,81.2308,197.6523
102.8032,161.3057,83.4070,194.8976
102.7252,147.9154,86.9078,186.6352
102.4750,146.9118,91.7441,179.5546
105.6731,145.8554,98.9582,175.8559
106.0136,150.5112,109.6918,171.4077
108.7791,155.1298,122.9116,170.2002
106.4433,158.9967,134.6362,166.9803
98.0840,172.3882,149.3430,161.4734
94.7826,177.6892,161.9470,154.1321
92.4362,182.1858,165.9538,154.0140
94.1568,183.2507,167.9324,155.8286
92.9467,175.9173,168.0439,155.0356
96.8577,175.5843,169.7558,156.9224
95.4418,175.0703,171.4368,159.0349
87.8534,169.1976,174.5447,158.4164
89.9110,164.2476,176.7434,155.9367
92.0603,156.5304,177.0589,155.7878
83.7804,155.9347,176.4956,156.1920
89.8774,152.8291,169.3491,161.1618
93.5160,148.8225,163.4430,163.8036
94.5237,147.3810,157.4645,165.2959
92.6136,145.2545,154.0965,167.2979
93.8790,143.9236,151.0759,169.0421
96.6229,143.3232,147.3357,169.8628
96.8425,145.6073,143.9595,169.9476
99.2045,145.6722,141.8467,170.2422
96.7792,147.4541,141.5222,169.2274
95.8008,147.9760,142.4645,168.6721
94.0277,147.4240,144.9154,168.1618
89.0179,151.7568,149.1529,167.1906
89.7268,151.2114,150.6472,167.0193
85.9331,151.2675,152.7304,167.3716
88.0698,151.2454,151.6348,167.3405
86.8872,151.3718,152.2650,167.6404
86.8513,152.7464,152.0694,167.7002
85.6430,153.7921,152.1023,167.6391
85.2997,157.4185,151.6237,167.1601
87.7825,158.3064,151.8044,166.4302
87.2832,160.0208,152.4975,166.0989
87.9900,159.4147,152.1945,166.2751
87.5029,160.8294,152.4397,166.7694
86.9604,162.5032,152.6382,166.7889
86.5456,165.1012,152.4824,166.5946
87.0030,165.1049,153.3942,164.6548
84.4993,167.5769,153.8539,164.1163
86.1163,168.7327,154.4952,162.8031
84.1411,171.8619,155.2028,161.4988
89.5504,171.4121,156.5599,163.1463
88.1453,170.2521,157.2006,163.1268
88.4298,171.0326,157.2367,163.5992
92.1012,170.5502,155.7453,164.5195
93.5518,168.7656,155.2553,166.0751
92.6409,171.0777,155.6185,166.6271
95.9399,169.9174,154.0719,166.9623
98.4229,170.2967,152.0516,168.4619
100.6547,168.8337,149.6880,169.3284
106.5808,169.3375,147.1826,170.4012
105.9797,171.8659,145.3226,169.9825
107.9704,173.2542,143.4857,168.6368
111.3952,172.1476,142.8295,168.2699
112.5958,174.8232,141.1713,167.3252
113.6922,175.8102,138.9273,166.5549
115.9213,176.7143,138.1060,165.6176
115.8026,176.4529,137.1843,164.3708
117.9975,177.0122,137.3706,163.7661
116.1232,176.8567,136.1030,163.9924
119.2597,178.1756,136.3098,162.6144
117.7628,177.7273,135.1938,162.1534
118.8767,180.1772,134.3460,160.9308
118.7730,180.5141,132.6366,160.0485
120.0594,180.7200,132.7688,158.2652
121.6223,181.2682,132.6424,157.5543
120.0184,182.9837,131.3400,156.3209
120.9252,183.1120,130.2669,155.3666
123.2832,183.0179,129.7663,154.5708
122.7760,183.1003,129.5359,154.4667
122.7744,182.4444,129.2080,154.6122
124.2886,182.8471,128.8053,154.0185
125.2665,182.8508,128.7228,153.7211
126.6325,182.5990,128.8955,153.4593
124.4825,181.6570,127.4509,153.5660
125.6037,181.9253,127.8467,152.6113
125.1822,181.4395,126.2185,151.7507
128.1736,180.3493,126.6216,151.1752
124.3571,182.2038,126.5265,150.9580
125.4397,179.5076,126.8292,150.2846
121.8178,179.6042,128.0901,149.5834
117.2117,180.3795,129.5984,148.2188
114.3113,179.4309,129.4959,146.6514
114.0905,176.1661,127.0595,146.4334
115.4820,173.3161,124.0867,146.1731
115.4791,172.2035,120.5525,146.7077
120.7523,169.3557,117.2581,147.2272
120.4024,165.6721,117.3335,146.5471
119.2591,164.6966,117.6198,144.3524
117.5658,165.2293,119.6827,141.4228
115.3740,168.4484,122.5347,140.0765
111.5299,168.3368,124.2319,138.3673
112.8898,168.3600,127.7357,137.1160
106.4071,171.4847,130.3768,136.2089
109.8537,171.0708,131.2591,138.1721
104.1086,169.3850,130.4256,139.5943
105.7025,163.7068,129.9615,142.2477
102.4748,164.7068,130.2748,144.1683
98.0165,166.7705,131.5044,144.0228
95.9193,166.5950,130.2074,143.9216
93.7914,166.3079,128.9863,143.5612
90.6424,166.0391,129.1530,142.4181
92.3683,164.7927,126.8519,142.7419
90.3733,163.6113,124.7794,143.3169
91.8650,161.7237,122.6634,143.4935
92.8551,161.6114,121.5757,143.1474
93.0939,161.5978,120.4095,142.8390
93.2194,162.4739,119.3213,142.3230
91.3039,163.1198,117.1311,142.3104
91.6097,161.2014,114.9068,142.6471
91.7532,162.3639,112.9294,141.7093
92.8925,161.5320,110.7301,141.5569
91.6379,161.0930,109.8643,141.1820
91.6129,159.8753,110.8264,141.1777
94.6180,160.9456,109.3704,142.1024
99.0731,152.4173,104.9747,148.1449
101.5346,142.6759,96.7419,157.3965
101.8453,138.1643,91.5427,165.4626
101.1194,134.6864,88.1573,169.1515
98.8766,136.1285,84.7531,170.2887
94.8620,141.2819,82.8592,173.8846
93.5728,140.1753,81.0490,177.5750
91.2267,142.3988,80.1309,180.4584
87.2057,142.4725,80.1167,180.8335
81.9714,142.6897,79.5103,181.5021
73.4652,143.4232,80.1720,183.4910
61.2098,137.8354,85.6821,180.5190
63.9567,139.4588,92.7489,180.4594
51.3475,131.1709,92.9191,180.4855
46.5058,130.8016,92.5004,176.9013
41.3261,136.4730,101.6519,165.2978
35.9267,138.9621,102.7251,161.4734
29.7429,140.5423,109.6424,155.7547
21.5506,140.9875,111.5274,153.9623
26.3481,125.5622,117.0451,148.9866
29.0022,123.1114,122.1084,143.7709
21.0837,127.6798,122.0775,143.3145
8.1815,128.3477,113.7322,146.8902
9.7970,123.3976,110.8547,148.1531
13.7085,124.6213,109.6930,148.7158
43.3948,125.9365,110.7565,149.2726
37.0637,132.7319,107.8203,150.5757
53.9257,137.4135,109.7483,149.3744
62.7176,132.1272,111.2632,149.2175
60.8022,125.6535,110.6520,151.2240
58.5235,132.9394,110.6661,149.3622
67.3000,139.5265,113.8678,143.3993
62.5001,139.2838,114.1827,138.5993
61.6551,141.2067,111.8074,136.4838
63.5461,142.2908,110.8605,134.7321
64.8798,140.3682,109.5347,133.8306
67.8563,139.9844,109.6641,132.7695
67.8659,138.1185,111.7832,130.4657
67.2805,138.9321,115.6415,126.9899
65.8430,138.5902,119.4589,125.4584
67.2257,142.4229,123.3371,122.5595
62.6307,148.8470,129.2540,118.8173
57.1086,157.7406,138.0766,111.4209
54.1724,151.7385,141.6436,111.0105
56.9796,145.4854,142.5087,110.1605
58.9489,152.4773,141.8203,109.2069
59.3165,155.4821,144.7551,105.6194
58.4130,164.3660,148.2294,99.7546
57.6715,168.2501,149.4014,95.3666
57.6498,170.4719,151.1476,92.6904
60.8671,170.1998,150.0972,91.4878
65.4785,170.4602,149.6104,90.8543
65.8724,170.3020,146.5069,91.3012
64.8535,169.8652,144.4296,91.2669
75.6172,164.5383,136.2728,94.6833
78.6548,162.1766,132.5560,96.6653
83.2316,159.6222,128.3391,98.2269
85.9230,157.2645,125.5155,99.8085
88.9913,150.5548,123.2492,102.7307
96.1199,141.1330,118.9919,107.4475
96.4844,150.6638,119.8445,107.3916
100.5313,151.1900,120.9768,105.6047
108.2347,148.3701,119.4573,106.1895
112.5117,146.7407,118.4456,106.2565
101.2571,148.2579,120.8005,104.7641
103.7135,144.4140,122.5037,104.8157
84.6804,144.1982,118.4384,105.4739
162.3208,125.6928,104.0288,117.2765
163.7253,125.8216,100.9451,119.7486
2
0
0
0
0
1
222.8637,184.9718,44.5364,125.0973
222.7917,187.2190,46.3096,124.2641
222.5096,189.6052,48.6482,123.4342
222.7832,192.9658,50.7709,122.0841
222.1741,197.8307,51.8138,122.4269
221.7357,199.1447,52.0734,126.3294
220.6853,199.3826,54.1776,129.9967
216.2816,197.9909,56.9643,131.5970
217.6474,192.8555,57.8657,133.5918
216.6366,197.3965,59.7979,130.8101
218.1776,198.2056,59.9717,127.4328
222.4563,197.1762,58.0138,124.0336
226.8387,190.7111,58.0591,121.3470
226.5555,191.5728,56.7923,119.1654
222.7711,191.5989,54.9923,117.0202
217.8205,192.2568,54.7268,113.7338
213.5692,184.4350,56.6973,110.2626
209.4476,177.7350,58.9078,107.7114
204.4997,170.2657,61.1917,109.1457
201.0235,167.5733,64.0108,110.0900
198.8867,162.3741,67.0296,109.8406
196.3843,159.2624,70.2440,109.9880
193.1046,162.6834,79.2449,106.0782
190.8800,165.8424,87.9516,100.8812
185.8521,163.3595,94.7998,98.7870
178.8839,164.9900,101.0049,96.5914
173.2833,161.1476,105.4794,96.4144
177.5392,154.3751,102.2330,101.2792
182.2272,148.9825,91.6113,112.2022
195.0212,153.6432,81.0312,122.6053
197.8654,155.1933,75.3477,127.2908
201.1409,164.4598,71.9309,126.9541
207.7525,167.9756,67.0564,127.8526
213.6229,173.0843,62.5328,129.0660
221.1644,178.2479,59.5914,128.4519
236.5471,191.0305,58.1944,124.8271
250.0891,202.8136,57.4563,121.7453
265.8784,217.4077,57.4774,119.2495
271.1982,222.0096,62.4563,114.4473
287.6136,230.1340,73.3587,106.9881
290.1465,233.4622,79.0383,104.3067
354.4646,238.7579,73.1424,110.2280
380.4526,231.0553,76.8211,110.6889
410.5832,242.7997,79.1261,110.8905
445.2996,265.1313,80.5146,108.4327
473.1389,281.2233,84.2350,105.4778
504.7949,287.2517,87.0191,104.1982
534.8076,295.2615,86.8319,107.4425
565.1325,325.3317,80.4283,116.4345
