1
294.8712,143.5380,45.4133,149.2231
295.0999,141.8982,46.9771,150.6168
296.0354,141.3857,47.6547,152.3538
297.3067,140.0790,48.6477,155.4770
298.1275,140.2233,49.6794,158.2227
298.5714,139.3177,50.6442,161.7492
299.0060,138.3365,50.9298,164.7951
298.8003,138.4381,51.5089,167.2432
298.2369,136.4676,51.9869,169.8410
296.8563,136.6171,52.4392,171.0607
294.0812,137.3645,52.7459,172.0473
291.5916,137.5954,53.1015,172.8240
288.9792,135.0773,53.2960,173.5290
285.8568,135.9814,53.8602,173.6875
283.9332,136.5744,53.8900,173.6993
281.6896,136.5200,53.7511,173.1793
278.7362,137.5825,54.5257,172.0325
276.2809,138.4551,55.0681,170.9160
272.5409,140.0860,55.7438,169.5185
269.7618,140.3260,56.3254,168.8961
267.6404,140.0731,57.2905,169.1378
266.2026,139.8819,57.7697,169.3058
265.2535,142.0191,58.1603,168.5200
265.3942,144.2630,58.6113,166.6837
264.4333,143.7137,59.4727,166.8835
264.1463,145.7135,59.4897,166.1812
263.6771,146.6032,59.4859,165.2346
263.7934,147.2186,58.5591,164.5677
263.5207,146.6441,58.3750,165.1816
263.2737,148.3210,56.9060,165.5211
262.9331,148.6560,56.0766,166.2532
263.0313,148.1709,55.6472,167.3947
261.6548,150.9097,55.6729,166.9400
260.0544,151.0112,55.9379,167.5906
258.0305,151.3428,56.0501,166.9104
255.3589,151.0440,56.0839,167.3462
254.2326,149.4565,56.4616,167.5045
251.9990,152.9499,56.3941,165.3268
249.7014,151.2292,56.2863,165.8261
249.0054,152.4270,56.1840,165.6440
247.9437,153.0708,56.0572,165.5557
247.1372,153.0189,56.1333,165.3530
245.6237,151.4127,56.2169,166.3882
247.2409,148.5197,56.3306,166.6643
248.1000,149.6308,56.4559,166.3499
248.1653,150.3118,56.0706,165.7807
247.6102,148.9296,55.2459,166.0696
250.8761,148.5286,54.4993,165.9647
249.8008,147.4977,54.1380,165.8991
250.8791,147.2931,53.9786,165.6937
250.1314,148.2016,53.6613,164.3986
248.4605,145.4461,53.8385,164.9608
246.5373,145.8997,53.9480,163.6194
245.8371,144.8425,53.4307,163.6891
246.4052,144.7886,53.2442,163.8480
247.3103,144.9081,52.5723,162.9574
249.1464,140.0291,51.4921,164.7030
248.7037,138.8582,51.4807,164.3254
246.6386,138.5164,51.5256,164.7513
244.0577,138.3481,54.2649,162.2597
242.9401,139.2141,57.2554,160.0853
242.3417,137.5879,58.6795,159.4393
241.0421,137.6622,59.8223,158.6379
238.8411,138.9335,59.8548,158.1112
239.3439,139.1130,58.6091,159.9035
238.5774,137.2041,58.4576,160.9814
238.7167,135.8258,58.8621,162.1118
238.6122,136.1985,58.9979,162.4373
237.7422,135.8122,59.1831,162.1673
237.1669,135.6207,59.7807,161.5532
237.1837,135.6914,59.6533,160.1683
236.6054,137.4822,61.4241,158.5413
237.3177,137.8073,61.6246,156.1011
238.1347,139.4734,62.6780,153.8753
238.2335,140.3940,63.6095,153.2385
237.1159,138.2376,64.5353,154.3973
237.4672,136.8831,65.2489,155.0484
237.8465,137.8380,65.8937,154.7931
239.0979,136.1143,67.2857,154.9079
237.4630,137.0220,69.8833,154.8479
235.8822,138.5708,72.1566,154.6993
234.4395,136.6504,73.5746,155.9290
231.3609,137.3710,75.9041,156.6183
228.4768,137.2848,77.1150,156.9024
228.1693,137.3386,77.6535,157.1116
227.2262,138.4327,78.7072,155.8318
226.2358,138.8579,79.4854,155.2434
225.4720,138.7642,79.9444,155.4544
225.9196,138.3234,81.0237,155.5468
226.2908,136.9096,81.9137,156.0638
225.4133,135.3237,82.6144,157.1732
226.4857,134.1155,83.4003,157.9976
227.0904,132.4292,83.4949,158.6758
228.8510,130.7496,83.8104,160.0724
231.6370,130.3496,83.6191,160.0850
234.8876,129.6080,83.2031,160.2751
236.7267,128.6450,82.6809,160.1161
237.5115,129.7155,81.9792,160.0255
241.2743,131.7307,81.6836,158.8453
245.1587,133.7933,80.6825,158.3094
251.3374,133.7020,80.1707,156.5781
255.7918,134.9322,78.6354,154.0226
259.6394,138.7926,77.7959,149.7141
262.6145,141.3379,78.4657,146.1415
267.0674,144.5846,79.2661,143.1741
272.8030,147.6499,81.6203,138.7670
276.4342,147.1601,85.3772,134.4926
282.7547,146.4198,89.3046,131.3634
288.5271,148.6674,94.0154,127.3854
293.1018,151.6674,96.5328,123.7815
296.7930,153.6935,100.5171,121.8606
304.8188,157.8447,100.2660,119.2096
309.6130,157.7178,102.3541,118.0743
319.1847,158.8051,103.3900,116.4486
2
0
0
0
0
1
276.2103,149.7616,45.8008,100.1753
275.5397,148.7869,46.8041,102.5863
275.1395,148.6111,47.8257,105.0383
273.7083,146.0129,48.9425,107.8475
276.2949,144.0438,50.0159,109.3981
275.3368,145.8739,51.2537,111.6828
275.3231,144.9379,51.9508,112.7785
274.9429,146.2052,53.0095,114.9926
274.0024,146.6243,55.0730,116.0551
273.1048,147.1185,56.8279,116.6180
272.0566,147.0847,58.6193,117.3666
270.6749,146.4050,60.4417,118.5243
269.0128,145.9279,61.8853,119.8191
267.8034,146.2505,63.3788,121.1633
268.5511,146.3625,59.6656,129.7634
269.0230,145.8226,56.3487,137.2701
269.6031,144.4146,54.7306,143.1973
270.2031,144.4625,53.6379,148.0112
271.2367,145.8291,52.6269,151.8640
271.6712,145.2983,51.7521,155.5509
271.4932,145.0319,50.8077,159.3852
273.1261,143.7459,49.9470,164.3535
273.2623,141.7348,49.7728,166.9412
273.3097,140.3056,50.2261,169.1700
274.1406,138.5286,50.3408,171.2703
274.5377,137.2499,51.1729,172.6587
275.3644,136.8194,51.9049,173.5377
275.5862,136.7243,52.5943,174.9701
277.1142,137.0225,52.6363,175.1910
278.1471,137.4223,53.4184,175.2888
278.0466,139.5750,52.7876,175.4687
279.2463,140.2715,52.5374,176.0334
278.9845,137.9053,52.8434,177.3960
281.4224,139.3415,52.9076,176.4204
281.6340,139.7951,53.2092,176.4929
281.4668,140.1780,53.4182,175.9931
280.4186,142.1895,54.3595,174.6563
279.6375,143.3831,55.1247,174.1249
279.1888,144.3147,55.8652,172.9930
277.4236,145.9920,56.4970,171.4866
276.0900,143.6310,57.4538,171.9017
275.3536,143.8325,58.8519,171.7855
272.6713,145.2684,60.0640,172.0983
271.6534,146.7812,61.4747,170.7552
271.3797,147.4841,63.8477,170.3697
269.2862,149.7184,66.3433,169.2300
268.2935,151.4762,69.6212,168.0617
267.8523,151.7821,72.1632,167.0684
268.6616,151.0950,73.5839,166.9522
269.7318,150.5959,75.1457,167.9624
270.1490,149.3144,76.1466,168.2480
268.6259,150.0623,77.4221,168.4294
269.2620,150.4168,78.3495,168.4551
270.3728,149.9829,79.0499,168.7672
270.2465,151.4003,79.0652,169.1343
271.9897,149.6529,79.5154,171.1092
272.0166,147.7226,80.0705,172.4649
272.8279,146.8426,80.2576,173.4982
272.4041,145.6938,79.8788,174.2274
272.8539,145.7762,79.7720,174.8878
272.0714,145.2668,79.4706,174.9945
273.0533,147.0734,79.0545,175.5958
272.1601,145.3730,79.1886,176.7688
273.2185,145.3089,79.1939,177.3339
273.7088,147.8945,79.3008,175.3215
278.4600,147.7479,76.4028,176.4050
283.2534,147.8148,74.1017,177.6441
286.9479,145.2821,71.7977,178.9517
288.8863,146.1278,70.0742,179.2991
289.1766,146.9149,69.3218,178.6447
288.6073,147.1320,69.2504,178.0131
287.6159,149.3503,68.9948,176.9659
286.7577,151.3898,69.2813,175.5552
287.1495,154.1955,69.2582,174.4035
287.3151,154.8894,69.3258,173.7501
287.0307,154.5017,69.8084,173.0396
285.7341,152.8929,69.5876,172.6522
281.8328,153.6114,70.7112,172.2329
280.1961,152.9640,71.8899,172.1069
278.2722,151.2094,72.1914,172.9414
276.2189,150.6581,72.9199,174.1056
274.3531,148.8853,72.2061,176.5302
276.2368,144.5832,72.6387,179.3200
278.7886,142.5248,72.4383,181.9718
282.0020,139.5280,71.5450,183.0779
285.2289,135.3263,69.1353,185.6472
288.6262,131.2095,67.6642,188.0928
291.8364,127.0483,66.8479,191.7787
293.7696,124.6343,65.9604,194.1036
293.8620,122.5333,66.1456,193.9867
293.1703,123.2442,66.8287,193.4811
291.5863,123.4505,66.9224,192.7328
289.4709,122.5506,67.1205,191.9595
286.6108,122.4346,68.0814,187.6619
283.5903,124.8235,70.8665,182.1993
278.1891,125.5046,73.9591,178.2459
271.9962,122.0263,75.9284,178.0290
264.2182,119.8106,77.4627,178.0956
256.9671,117.1380,78.4643,178.6728
251.1614,117.9421,80.9421,178.4578
244.5233,118.1051,81.3571,179.0140
236.5648,119.9223,81.1919,179.6086
232.0704,117.0910,81.1546,180.0674
224.7084,118.1293,81.5627,179.9404
218.9263,118.2443,81.0384,179.7823
2
0
0
0
0
1
315.1512,164.2100,55.9842,145.7633
316.1765,161.9989,56.8729,148.3581
319.0782,158.6174,56.2886,149.7718
322.6443,158.3629,55.9598,151.2739
323.1019,158.8047,56.1444,151.5417
325.2852,157.2348,55.9575,153.6899
328.4290,155.3889,55.4325,154.4307
329.8714,154.1534,55.7144,155.9537
330.8356,155.9262,56.0199,155.8925
333.1484,158.1523,56.7041,155.9969
334.6055,160.6171,58.3698,155.6110
336.8628,160.3061,58.7291,156.6900
337.7314,160.4381,59.9661,158.5289
338.7724,160.4838,60.1856,159.7323
340.6699,159.9610,59.7368,161.1861
341.8073,159.1430,58.2760,161.7745
341.9893,159.0428,58.6829,163.0534
342.9313,159.4237,58.8156,163.8508
343.7827,159.8913,59.5576,164.1570
344.1255,159.6990,60.8050,165.1926
346.7289,159.2980,62.0026,166.1308
349.5869,159.9142,63.3709,167.0672
353.0385,160.6634,63.8364,168.2470
356.9731,159.2115,64.2940,169.3681
359.9348,160.5870,65.2273,171.4288
362.3297,160.0097,65.3120,174.0376
364.5711,158.9807,65.0624,175.7211
368.4078,158.3367,64.2016,177.2880
372.2363,157.9729,62.8619,178.8296
376.2672,157.6325,61.9340,179.8436
380.4802,156.6256,60.4757,180.8682
382.9216,156.8632,59.4712,181.5667
386.1382,156.9779,58.4535,181.8884
387.0747,156.9590,58.7732,182.2596
388.0690,156.8798,58.5617,182.1378
389.5911,156.5798,59.1625,182.3371
390.8426,155.5394,60.5042,182.4414
391.8124,157.0439,61.9755,181.8111
392.9307,158.9729,64.5378,180.3045
391.7555,162.3506,68.5603,177.2904
391.2604,165.8114,71.9260,174.9685
392.3564,167.3481,75.0525,172.6438
393.8635,169.1286,78.7979,170.6645
393.5981,169.8251,81.7918,169.2873
393.6709,169.9669,84.7233,168.5729
393.1926,170.3061,87.2629,168.6970
393.8390,170.8092,89.7312,168.8286
394.7238,170.8875,91.2120,168.6275
395.9842,169.6723,91.9163,168.6378
400.2046,167.8139,92.3411,169.7100
404.9362,167.3925,92.8864,170.8478
409.0945,166.9024,92.4993,171.0051
413.4042,164.2991,92.9905,170.9077
416.9926,163.7288,93.9117,171.4726
418.6884,160.7420,93.9196,173.1450
419.9995,159.9871,93.1593,174.4988
421.7047,159.9832,93.5971,176.4459
421.3786,159.6026,93.4222,177.0768
419.8733,160.7729,93.6236,177.1724
417.9518,160.3826,94.0880,178.3535
416.4855,160.5406,94.5091,177.8625
415.2833,159.0667,95.0397,177.8999
412.1658,158.6488,94.3763,178.4807
409.4096,158.3437,94.5838,179.4813
405.4312,158.0744,94.4735,180.2033
402.3750,158.6338,94.4499,180.2546
399.8609,157.2221,94.6354,180.6632
396.7440,158.5436,94.5205,180.9980
394.2262,159.2846,93.8032,180.2320
391.3525,159.9918,93.2411,179.2704
390.0965,159.6349,92.4958,177.9471
386.7206,157.0985,92.0417,177.8482
383.4658,158.3023,91.8489,177.3004
382.2265,158.6675,92.3069,176.7910
379.2715,157.1482,92.7241,177.6466
378.6352,157.6567,93.1605,177.4644
376.9410,157.8887,93.4736,177.4624
376.7713,158.0506,93.9332,177.4595
377.1141,158.3679,94.8967,177.7748
376.6983,157.0400,96.0780,178.5198
378.2844,156.4933,96.4434,178.3331
379.3015,157.0792,96.2884,177.5012
380.6375,157.1428,96.7229,177.1459
381.1611,156.3197,97.5444,177.5663
381.7955,154.5978,97.6009,178.7502
382.2404,153.9458,97.5031,179.4786
383.3142,153.3073,97.5143,179.9927
383.1386,152.7936,98.3254,180.9429
382.4595,152.8951,98.8598,181.1564
382.8186,152.2787,98.4273,180.4005
383.1114,151.5201,97.4868,180.5210
384.3951,150.1065,97.1510,180.5100
384.4414,147.4344,96.1951,182.4272
383.1105,147.0195,94.4916,182.9369
382.0637,146.5726,93.2908,182.1532
382.0930,146.8821,93.1910,181.2938
382.9817,146.2261,93.6888,180.6760
382.8058,145.7227,94.2611,180.6215
382.3998,145.1293,94.8499,179.8348
384.7896,145.0250,94.8676,179.5727
385.2982,144.8350,95.3860,179.2466
386.0371,143.8120,95.0610,178.7912
387.0065,143.7910,94.8537,178.4092
387.8140,144.0313,95.5221,177.9872
389.5782,143.9035,96.5046,177.5766
390.3354,142.1708,96.6285,179.1022
389.6415,141.7514,96.6385,179.8480
389.5629,140.7632,97.0101,180.9875
388.4704,140.5807,97.5710,181.3543
390.3581,138.5648,97.0628,181.7939
392.7782,138.9847,96.9985,182.1653
397.1494,137.4361,98.1792,183.4300
401.7364,137.2854,98.4124,183.5912
403.4132,136.1776,97.7355,184.4011
404.2444,135.7397,96.1348,184.8069
404.5427,135.5652,95.3425,184.9697
401.3203,135.0723,94.6665,185.4369
400.1356,134.0150,94.2040,185.7819
397.3253,133.7411,94.2639,186.9594
393.1740,132.3190,94.0969,187.7111
390.9765,130.9858,94.0900,188.9122
386.4583,130.1335,94.6321,189.3322
382.7058,129.4680,94.8707,190.1418
380.5400,127.9348,95.6036,191.4744
377.4708,126.9771,96.0589,191.8952
375.0746,125.6542,96.0743,192.0811
371.1566,125.0448,96.2053,192.3497
369.8429,125.0072,96.2809,192.7614
366.7598,124.1526,96.3601,192.2197
362.5491,123.9910,96.3709,192.0870
359.3984,124.4461,95.7917,190.9370
356.9335,125.0975,95.0645,189.5782
354.9340,124.8857,94.6809,189.2119
353.5603,124.8084,94.5607,189.5664
353.0053,122.5566,94.3552,189.5967
350.7741,121.3405,94.5648,189.2558
349.1974,121.5381,94.7823,188.4310
347.6313,118.6918,95.5775,189.1270
346.1027,118.2270,96.7304,188.6939
345.9569,116.4912,97.4790,188.7146
345.0913,115.3350,97.8856,188.4208
343.7764,115.7186,98.1791,188.4215
344.7199,116.1612,98.5372,188.3500
345.1333,117.1349,98.2820,188.7165
345.6466,116.8982,97.1620,188.7682
345.2200,117.3487,95.9501,187.5527
344.5562,117.4258,95.1089,186.2732
343.8012,118.4409,94.4536,185.5797
344.2482,118.9287,93.7138,185.5740
342.8734,118.2918,93.1193,185.2821
341.6404,118.6051,92.3585,184.4304
339.7666,118.7452,91.8258,184.1772
337.5979,119.0822,91.5326,183.8709
335.8799,120.6878,91.5383,183.2843
334.2799,119.6517,91.9234,183.9313
331.1765,119.9805,93.9675,184.5581
329.4053,120.0852,94.5767,183.4231
327.1188,120.9100,95.9423,182.2478
325.2390,122.5375,96.3167,181.1224
325.0768,123.1304,97.0626,180.5750
321.5143,124.6226,96.3775,179.9136
321.9352,125.7719,96.2186,178.4211
320.0403,124.5547,95.4816,178.3286
318.4644,123.6551,95.0858,179.3464
315.5888,123.0466,94.6956,179.3875
314.2941,121.0401,93.8602,180.4476
314.4118,118.4666,84.6002,189.6746
314.6767,116.7265,78.6493,195.8919
312.5136,117.5899,74.0442,199.1443
312.2643,115.1375,71.8624,202.5745
309.2676,116.8018,70.8071,203.1332
307.0596,116.6707,69.8724,204.2713
302.7437,118.5514,70.2610,204.2098
297.2618,119.5260,71.2647,204.5248
291.9306,119.2570,71.6883,205.2234
289.3476,117.4637,72.1381,206.4978
285.6399,116.0149,73.8788,206.7245
280.4382,116.0084,76.3803,205.9227
277.7767,116.0580,78.8257,203.0121
275.5825,114.4187,80.7425,200.0856
275.9121,115.6072,81.9611,196.7096
278.0097,118.6876,83.3938,195.1143
276.8021,118.2215,85.8129,193.0424
271.8956,120.4287,88.1503,191.8159
270.5219,123.0343,89.7848,191.9181
267.0327,124.7621,90.8507,191.7873
267.7878,125.7221,91.5475,192.0854
268.9840,127.4857,92.8123,192.0469
267.5972,125.9307,93.3781,192.3224
268.6417,127.1772,93.4601,192.4852
272.2175,126.0049,93.7319,191.5560
267.7049,128.7115,94.1613,190.4021
269.6879,127.2732,93.8768,189.6917
267.8111,129.6638,93.1919,188.4334
267.1702,130.4207,92.8359,190.3974
267.3217,131.1754,92.8006,190.5663
264.0246,132.1866,92.3586,191.1925
261.2054,134.3653,91.8122,191.8230
257.8355,135.7194,91.2142,190.7095
254.9500,136.1973,91.7769,189.6179
253.3993,135.2730,91.5990,189.5273
250.4472,135.8485,91.4468,187.8628
249.0965,138.0350,90.5603,187.4444
246.3589,140.0558,89.8316,186.8071
245.7409,142.0875,88.8291,185.6696
246.4156,142.7832,87.0647,183.5738
246.1251,145.3257,85.7477,182.5047
245.5290,147.5962,84.4606,180.1999
246.9587,148.2125,83.0417,180.1849
250.7914,149.8713,81.8777,179.3103
249.3197,150.5949,81.0451,178.5574
251.8791,151.5385,79.9667,179.0805
252.9074,151.0942,78.7088,178.3694
254.8378,151.7097,78.6034,177.8575
256.3179,151.2226,77.9423,178.6873
258.0415,150.7671,77.0424,181.8580
260.2689,149.6814,76.0790,184.5619
262.2043,148.7214,74.7229,187.0044
264.9973,147.3886,72.2047,188.5303
267.5844,144.3393,71.6571,189.3981
271.8756,141.0789,70.7396,186.0378
269.6643,140.5926,70.6758,181.7286
269.5932,141.9673,70.2435,181.8206
270.0378,141.2831,69.7362,183.5237
269.8836,140.9302,69.9308,182.7329
267.9942,144.8064,70.4338,179.7387
265.7744,145.4436,70.6072,179.5870
264.3588,146.5700,70.2261,182.4991
262.6142,148.5875,69.9150,183.3432
261.5842,147.8086,69.8643,185.0791
259.5167,148.9953,71.0375,185.4070
257.9592,148.3587,71.7906,186.1469
255.8826,145.8943,71.4471,190.0894
255.7622,143.6747,70.5501,193.5583
254.3224,140.7732,70.5710,195.0283
252.8965,139.2317,70.3478,196.5251
251.9898,137.8830,70.4752,195.8076
251.5315,136.7632,70.1918,195.6153
251.6369,138.7599,69.8214,193.6173
251.7198,140.0392,69.2902,192.2470
250.8951,140.9301,69.5488,192.6510
251.4758,142.4230,68.9050,194.0634
252.6097,143.3644,67.4132,197.7350
252.3891,143.7382,68.3086,197.5791
252.4617,144.8058,69.1829,198.3780
253.8649,147.3022,69.5535,198.7308
253.4608,147.6532,70.1618,198.7730
254.2606,148.4016,70.1134,199.7926
254.1679,149.5768,70.4246,199.6762
254.0892,148.6241,70.1209,201.7562
252.8089,146.1716,70.5881,202.9225
251.8181,142.7450,70.9622,203.7288
250.3958,140.7241,71.0408,204.3802
248.3614,139.7435,71.8727,203.6595
247.0111,138.2469,72.7617,203.4542
247.0601,133.5974,72.3153,205.4167
245.8194,133.4132,73.3600,204.0903
243.5852,131.2171,74.3785,204.5923
239.6094,128.2688,75.5483,202.9172
237.8491,123.7743,74.8790,202.1922
235.9992,120.3263,75.6542,200.7856
233.6881,118.3373,77.3290,198.2704
232.2309,116.8911,78.4900,197.5033
231.3126,118.2542,79.0818,195.5776
230.6587,119.5381,78.5779,195.0109
231.7027,119.3076,77.7910,194.2621
232.4819,118.9154,76.7736,192.8417
232.5417,120.0266,75.9676,191.3069
233.7816,122.6315,75.1503,190.6704
234.5039,122.1629,74.9964,188.7713
235.6901,120.8986,73.4350,188.9817
236.6153,121.8905,71.6511,189.2908
236.7219,122.7538,72.4441,187.8566
236.9982,122.3324,71.9891,187.7454
237.6370,119.6883,71.9150,188.2189
238.2306,117.5190,71.2511,190.3329
238.4843,114.7467,70.7306,192.1829
239.8331,111.5724,70.9281,194.5000
241.1005,109.0359,70.8852,195.9224
242.5887,105.8783,71.1775,198.8537
245.4046,103.9035,71.5299,200.5603
247.2591,102.8289,70.6204,200.1891
249.8403,103.2675,71.0748,198.6692
249.9790,104.8936,71.4734,195.1388
250.7675,104.7705,71.7399,192.0347
251.6461,101.0457,71.4699,191.0088
252.2530,100.1107,71.8734,191.4700
251.2240,97.5806,71.6006,191.4517
252.2094,95.4891,71.4309,191.5126
251.7801,94.1878,71.8231,192.7501
251.1671,91.7749,72.1733,196.0817
250.2175,90.5995,72.3531,197.8093
249.7262,88.8456,72.7777,199.9953
249.7970,87.7553,73.0750,201.5105
248.3037,89.4564,73.0854,201.5250
248.6744,87.7246,73.2523,201.9404
247.6396,87.4274,73.0828,201.2829
246.0491,88.0191,72.7154,199.4442
246.4755,88.1427,72.1287,199.4428
246.2667,88.4686,72.7678,198.9854
244.5734,84.5917,72.4439,200.7368
243.5303,79.3711,72.7222,204.1523
242.2276,77.0548,71.9511,205.7658
240.1444,75.0784,73.9861,204.3759
237.9112,72.7110,75.5607,202.6583
235.1904,70.9321,78.2354,197.3305
230.7067,71.4842,80.9538,192.5331
228.7799,67.0019,82.3856,189.4543
226.3444,65.6891,83.3483,186.5579
224.4321,63.0322,83.9178,185.0139
224.1498,60.9595,83.9727,183.6232
223.3303,57.6467,83.2713,185.0641
222.6503,55.8497,82.5217,185.5347
222.5301,56.7186,81.5207,185.9983
222.7942,57.2882,80.8882,185.5818
222.7284,59.2744,80.4649,184.8549
222.6151,61.2830,79.7241,185.2833
223.2614,60.1996,78.4281,186.3782
222.4897,59.7758,77.5889,187.2013
220.4419,59.0711,77.5270,186.9483
220.9501,58.6526,76.3712,187.2979
220.7332,55.6501,74.9865,189.6058
222.1890,53.6503,72.8695,191.7005
222.2624,49.7455,71.3278,193.0483
223.4507,46.7254,69.7570,193.6370
223.6006,41.5071,68.7167,191.9135
224.6815,39.2678,68.7487,190.6222
224.1377,35.8907,69.2615,189.1364
223.9278,35.0772,69.1073,187.9278
223.6317,33.9857,69.8369,186.0157
223.6548,33.8666,69.5141,186.3892
222.0777,33.3572,69.9244,185.0502
223.1782,30.0739,69.3736,185.3722
222.3743,30.6944,69.2988,187.2293
219.8860,33.2086,69.1773,186.6408
219.4152,33.3048,68.8028,185.6745
218.8973,33.8286,68.4070,184.8477
218.1162,33.5538,68.5242,184.9281
216.1159,33.8647,68.7912,185.5114
214.9117,32.0893,68.2112,184.9495
216.1114,31.4162,67.2726,184.5401
215.4957,32.8452,66.5152,185.2737
215.2456,32.7864,66.4043,185.8900
213.8174,32.7096,67.2970,184.8850
212.8792,31.8953,67.2138,185.0340
213.7499,30.9504,66.4939,185.4259
214.6535,28.1391,66.0292,184.0253
213.5858,25.6313,65.7345,182.6105
214.5114,23.4829,65.5174,178.9641
215.1025,21.4560,66.3986,176.8690
212.6858,22.5552,66.7272,174.8104
213.5504,21.2935,66.9759,174.0948
212.8195,22.4172,66.7594,173.8945
213.4412,21.7163,66.2085,175.2055
215.0268,20.5557,65.8494,176.4157
215.5937,22.1488,65.4904,177.4952
215.9343,22.5040,64.6203,177.6832
215.5075,23.5216,63.2991,177.9321
215.8531,23.7686,62.3013,178.5474
217.7434,24.3654,61.1552,178.8714
218.8072,25.2696,60.7762,178.3979
219.1089,27.1095,60.8068,177.7981
219.4906,27.6890,60.8537,177.1345
220.0051,28.6357,61.0459,176.6442
218.5282,29.0715,61.6880,175.7851
219.4764,29.9118,61.6489,175.2856
220.4759,29.0492,61.1838,175.4944
220.9856,27.7208,60.3984,175.9853
220.5465,28.3732,59.6549,174.1147
219.8977,27.4380,59.8524,172.6897
219.9742,27.3623,59.8592,171.7350
219.9366,29.0641,60.4973,170.4586
220.1076,27.7093,60.3730,169.3460
220.4225,27.3796,60.4540,167.6144
220.4073,28.5403,60.7169,169.3754
219.9760,31.0896,60.4337,169.1065
220.0775,34.4037,60.5773,169.3446
219.8400,33.4996,59.7224,170.0884
220.1832,36.5083,59.1426,171.1861
221.1463,41.0652,59.0639,172.2259
221.8619,46.6939,59.1270,172.2155
223.7720,47.6811,59.2036,172.5275
225.7925,50.8450,59.1703,172.4110
227.9357,52.9672,59.1858,172.6056
227.5110,54.4709,59.9368,173.7547
228.3290,54.1829,61.4132,173.5199
228.3282,54.7794,62.2553,173.6571
231.4290,56.1224,62.9012,174.1389
234.8227,55.3063,63.9296,174.4464
238.6648,52.7175,64.1862,172.7908
240.4165,51.2455,64.7184,169.9253
240.5826,49.7544,65.2889,166.9868
242.5462,49.3478,65.4498,166.0562
244.9217,48.3870,65.6184,167.0217
246.7982,50.0693,66.0564,165.2652
248.0648,51.6492,64.5292,165.0273
247.7348,50.7948,63.9086,166.0143
249.8249,51.9617,63.3853,167.0972
250.3955,50.9601,63.8110,167.6316
252.3627,52.0522,63.7609,168.2446
252.9977,52.9761,63.2794,169.0995
253.0238,53.8404,62.8276,169.7199
252.8726,52.5739,62.2347,170.5967
253.2687,54.8126,62.1386,169.8695
254.7156,54.2425,62.2185,171.3365
255.6323,54.3524,62.7571,171.4422
256.1364,52.3377,64.5213,170.6458
254.6644,51.9933,66.3460,168.3892
254.4879,47.6970,68.2315,165.8353
255.4140,46.2085,68.8826,164.5513
254.5384,47.3571,70.4058,161.1814
255.7280,44.2111,70.7864,160.4420
257.3719,42.5617,70.5047,159.9279
258.1708,41.1861,70.7253,159.5548
260.3994,40.3221,70.1256,160.1586
261.9229,40.1809,70.7290,160.1203
263.1785,39.5175,70.8275,159.8987
263.2922,38.0717,71.5463,160.3827
266.1236,37.6049,71.2301,160.5561
267.2241,37.5750,71.3470,160.2836
269.2658,37.4858,71.8891,160.4028
270.3928,36.8744,72.5940,160.7668
273.2256,35.6684,72.1694,161.9673
275.0351,36.9605,73.0934,161.3070
277.6873,39.0361,72.2032,159.6169
279.6053,39.3471,71.8507,158.1755
280.9657,40.1236,72.0939,156.1949
283.5986,40.1258,71.5031,155.7201
288.8769,37.8106,69.2204,156.4416
292.8773,35.7823,65.9744,157.4675
295.6502,34.3409,63.3472,160.6882
297.2218,35.9347,61.2984,160.7367
296.8114,36.8867,59.2979,161.1408
297.3409,38.9215,57.8493,160.9380
297.9429,40.1230,57.2512,161.2320
299.8882,40.6372,57.0068,160.7407
301.5036,40.1086,56.5794,160.6095
301.9013,41.0549,55.7452,160.5928
302.3306,41.8332,55.9384,159.6400
303.3475,44.2646,56.6007,158.0210
303.3598,43.9129,57.5800,156.0701
302.6824,44.6365,57.1573,153.7289
302.1386,44.0212,57.0410,153.6309
303.2574,42.7232,57.1087,153.9396
305.3126,43.3716,57.5529,153.4269
305.8150,43.0243,58.3043,153.6600
305.4192,42.5713,60.0786,152.4743
307.7376,41.9380,60.2832,151.0190
308.4266,42.4638,60.2931,150.9716
310.2733,41.5590,60.3686,151.5973
309.9757,40.6371,60.0305,152.1228
311.5492,41.0745,59.0009,153.2602
312.9266,38.5755,57.9794,156.2384
314.4821,38.4581,57.0146,158.5061
316.4194,37.2683,56.1472,161.3940
316.3685,38.5855,55.5264,162.3076
317.4632,39.6071,55.2939,163.3535
320.0424,40.3198,55.1905,163.6519
321.3183,42.4226,57.3596,161.8634
321.8757,42.6388,59.3651,160.7551
321.6828,41.0334,61.3226,161.1815
323.8431,39.3349,63.0011,161.2293
325.0436,37.7603,63.8928,161.6080
327.3631,37.0183,64.1579,162.0362
330.5579,33.3505,64.1021,163.7234
330.7829,31.6453,63.8113,165.4309
331.0480,30.8226,64.1889,167.4558
331.7659,32.0311,64.7621,166.7298
332.1351,30.7355,65.0797,167.7108
331.8116,29.1704,65.9907,169.3233
331.4195,27.4219,66.5308,170.9391
330.9705,26.8408,66.8359,171.6911
331.3948,26.4353,65.9578,172.7508
331.8824,26.3861,64.8951,173.5102
332.0852,26.9932,63.8532,172.4879
332.2619,25.5294,63.3658,172.7971
332.4145,24.0418,62.9520,172.6008
332.6283,21.0781,62.5070,174.8825
333.1595,15.9877,62.1681,177.5350
333.0092,12.5179,63.4717,179.8554
334.3184,8.9667,64.2412,181.9689
333.3115,4.4338,65.0044,184.5865
331.1712,5.3620,66.8134,184.3963
329.4010,5.2367,68.9319,184.5862
330.2156,3.8210,69.9373,185.4464
330.0317,7.6845,71.9909,182.3682
330.4571,9.9482,72.8970,178.3959
330.0266,12.0881,73.3351,175.3870
330.0645,11.6264,74.6341,173.9681
331.9964,10.6392,75.0618,172.9055
331.5970,10.7709,75.3207,171.6543
331.6577,9.9030,75.5773,170.0168
332.5633,8.8612,74.6482,169.1011
333.8453,6.9650,73.5690,167.7386
333.0253,7.5511,73.6548,166.8411
333.8122,8.2375,72.7294,165.9402
336.3916,6.9332,71.1010,164.7108
337.4245,7.2762,70.6591,163.6471
338.4765,8.2010,69.7929,162.6589
339.5903,8.3554,69.2076,161.6949
339.4400,9.3353,68.0648,160.1207
340.4822,11.2681,67.5462,158.5807
340.1684,10.8856,66.6640,157.9116
340.1150,12.6008,66.1507,157.1785
341.3850,13.9862,65.5476,156.7574
343.4536,15.4623,64.6056,156.8580
344.5850,15.3877,63.9323,157.0894
345.7824,16.2005,62.9372,157.9583
347.3476,16.9361,61.6611,158.0468
346.7721,17.2559,61.2796,158.2672
348.0476,16.0168,60.1425,159.6303
348.0285,16.2853,59.1545,160.1219
349.2435,15.6091,58.7444,161.8189
349.5281,13.9536,58.5194,163.1334
349.7557,16.1659,58.9547,163.8013
350.7156,17.1531,59.1115,163.4897
351.5725,15.3708,59.0971,163.5940
352.0023,14.8409,59.4580,163.9663
352.4267,12.8844,59.9559,165.0126
350.7352,13.9848,62.1814,164.7431
350.2912,14.5607,64.8330,164.2074
349.6103,14.5920,66.3468,162.8942
348.9360,16.4857,68.3606,161.4969
348.9960,17.6838,70.3354,160.5406
351.7145,17.6340,70.7554,160.6487
351.7251,17.2004,70.1647,161.3851
353.1633,15.9004,70.1413,162.1180
353.8963,13.9623,70.3691,163.2739
354.7597,12.9651,70.2292,164.6750
356.4495,12.5792,70.4137,164.8969
357.4513,14.3888,71.2543,165.2218
357.3887,14.5818,72.3017,165.1991
357.6857,14.3448,72.8278,165.5691
358.2038,16.1615,73.4864,164.8737
359.0996,15.9206,73.7514,165.4016
359.6012,16.1375,74.5441,164.4809
362.0708,16.5839,75.0700,163.9981
362.4096,15.0734,75.6646,163.3621
363.1917,15.0172,74.5334,163.5928
364.5410,13.7977,73.7965,164.9583
368.5278,13.6694,72.1656,165.3849
373.4147,12.2523,69.5735,166.9420
376.1599,11.3078,68.9753,166.6358
376.7261,9.4750,68.3308,166.4689
379.4301,10.2686,68.2577,166.1440
380.7956,9.0224,68.0466,166.5506
381.7749,9.9236,68.8411,166.0562
383.8298,10.2803,70.0546,164.9942
383.6729,10.6462,71.0710,165.0971
382.9667,9.1034,71.9134,165.2330
380.9229,7.6973,72.9370,165.9008
381.1871,7.8633,73.8036,166.5913
2
0
0
0
0
1
335.8144,38.0710,30.6144,126.3026
334.1772,37.0128,31.3753,127.1984
332.0436,36.8986,32.8315,127.6295
329.3367,36.7184,33.9629,128.0292
327.3186,36.1218,35.1946,128.1763
325.1277,36.0489,36.2040,128.8318
323.7277,36.0653,36.2771,128.3671
321.9884,36.0656,36.6609,129.1889
320.1190,36.4408,37.3842,129.6856
319.9165,34.7172,37.5236,130.2414
317.6625,35.3553,37.5940,129.9461
316.8257,34.8391,37.9836,129.7428
315.3326,34.5059,38.3455,128.9049
312.7071,35.0134,38.8539,128.8655
311.5853,34.2397,39.3880,129.4143
310.3416,34.8719,39.5954,129.6595
308.3417,34.9638,39.9702,129.7655
308.0283,33.6163,39.8858,129.1180
305.0910,36.4751,39.8216,128.2263
304.6169,35.8544,39.7312,128.4614
303.7976,34.9080,39.6831,129.3296
302.4536,34.5139,39.5895,129.4577
302.1453,35.6765,38.7234,129.4977
300.7226,36.1216,38.6097,129.1986
299.6913,36.5088,38.7975,128.7657
297.7531,37.1545,39.4001,128.2460
297.3654,37.2645,39.2585,128.5479
295.8477,36.9614,39.0284,128.6847
293.5942,36.8668,39.6989,130.0537
290.7092,34.3889,40.6282,131.9786
286.5461,34.8519,40.2895,133.4487
280.9667,35.1704,41.8188,133.8119
278.5975,36.2047,43.4922,134.2736
278.4622,36.8696,44.8975,135.6038
278.3764,36.8377,45.8818,136.4974
279.6671,37.2728,47.7301,136.6472
280.1989,37.5506,47.8015,136.2094
280.8683,41.6125,49.3423,133.9671
281.7305,43.6417,51.0592,133.6328
282.4565,45.1348,52.7896,133.2733
281.3227,45.8060,55.1181,131.9464
283.2100,46.4630,57.0591,131.5847
283.1516,45.9540,58.7059,130.9789
283.5639,45.8149,59.6169,130.1877
286.5380,44.0676,59.8949,130.8545
288.7274,42.1668,59.8864,132.4326
291.2859,39.6310,59.9940,134.0950
293.4406,39.1589,59.4705,134.8426
296.1990,37.5206,58.5828,136.5709
298.2815,35.3971,58.0413,138.6318
300.6240,34.7355,57.0740,139.0319
301.7738,32.7179,57.0228,139.1975
303.4485,33.7256,57.2993,138.7308
303.4916,34.0099,56.7931,138.9086
305.5730,33.3357,56.2100,139.0860
306.1335,32.0554,55.1487,140.0682
306.5807,32.8326,54.2304,140.1872
309.1346,31.2931,52.9682,140.5455
310.1157,31.9573,51.5971,140.8881
312.9087,30.9632,50.7511,140.4001
315.3477,31.2718,49.8920,139.9063
315.2566,31.3845,49.6829,139.9563
317.2956,31.4892,49.2045,138.7459
318.7260,33.7688,48.5983,137.9881
321.2045,32.6633,48.7349,138.4004
323.3361,32.5841,47.9418,137.7022
324.9515,33.3864,47.8084,137.7764
327.5638,31.8819,48.0487,136.9191
327.0648,32.0381,48.4301,137.5911
327.4927,31.8698,48.9961,136.8888
328.9091,33.6475,49.2667,136.5334
328.6110,33.4195,49.4158,136.0039
329.0338,34.8476,49.5291,135.0056
330.1057,35.2590,49.5657,133.7623
329.5435,36.9786,50.2163,132.5629
328.6011,38.8335,51.1093,131.1659
329.5250,38.8947,51.2287,131.6840
328.7804,40.4694,51.8065,130.5848
328.2238,41.0570,51.6043,129.9884
327.1350,40.1889,51.6831,129.2436
326.6817,40.6990,51.6691,129.4350
328.0313,41.0964,51.1552,130.7964
328.2872,40.5530,51.0690,132.7417
328.6793,41.0483,51.0482,133.5921
328.5200,40.9162,50.8657,134.2700
327.3579,39.6368,50.3656,134.8773
327.9581,37.8371,49.3745,135.6064
330.9513,36.1691,48.4837,136.7588
332.3878,37.1505,48.4264,136.5484
331.5259,38.0591,48.7463,137.1883
331.0865,38.8846,48.3996,137.3641
331.7400,40.4643,48.4332,136.8359
330.8029,39.6924,48.1847,136.6229
329.7049,39.7530,47.8399,136.8945
328.1249,40.4951,47.6525,135.8081
327.1859,40.5193,47.8091,136.3362
326.9129,38.6561,48.5923,136.6094
326.3167,38.3895,49.1350,135.9125
324.2561,40.9875,50.5510,134.6992
324.2377,39.0643,50.2753,135.1063
322.9665,38.7654,49.6770,135.9175
322.3944,37.9354,48.4198,137.3520
321.9537,37.2085,48.9625,138.0693
321.4257,38.3631,49.8051,137.6903
320.7482,36.1090,50.5858,138.3725
319.3546,35.8440,50.9997,138.8917
317.7627,35.7125,51.2928,138.8084
316.6582,34.9302,51.0669,139.2988
314.5270,35.0730,51.2406,139.7464
2
0
0
0
0
1
382.2050,62.7170,28.2851,107.4588
385.6276,62.5203,27.9874,108.1323
387.4708,61.3507,27.5591,108.6780
390.3354,61.1271,27.3260,108.7320
391.7560,61.8254,27.1585,108.5437
394.1707,60.9719,26.7974,109.3656
395.8529,61.0285,26.7167,110.4969
397.4112,60.7932,26.2696,111.5791
398.2976,59.2617,25.8289,112.9901
400.2636,59.3129,25.7043,112.5755
401.2120,58.7839,25.8149,113.2109
401.6608,59.1559,26.5839,113.2358
401.6857,60.6464,28.1498,112.6403
401.3391,62.1438,29.3916,112.3337
399.3949,63.4328,31.2989,111.7584
398.5210,63.7025,31.8949,111.4572
398.5861,64.3708,31.8603,112.1115
397.0799,64.5323,32.0438,111.9674
395.8453,65.6936,32.2390,111.6638
395.1434,66.7592,32.8844,111.1447
394.0359,67.1300,33.7277,111.6999
392.0583,69.3486,33.7006,111.2952
392.0706,69.2945,33.7018,111.3717
389.1419,71.0887,34.7876,111.0167
388.1316,72.9423,35.5481,110.1217
386.2570,75.4383,36.8181,108.7526
383.3724,78.8908,38.0524,107.4473
381.5625,82.3401,39.1998,106.1271
379.3960,85.5015,41.1114,104.5520
377.9368,88.0743,42.0037,103.3281
376.7921,89.6181,42.6250,103.0347
375.0558,89.2503,43.2481,104.0716
373.8917,90.4037,43.4772,104.2312
372.6282,91.7605,45.2383,104.0315
371.3782,92.3553,45.9739,104.3999
372.2425,93.0052,45.9524,105.0191
374.2537,91.5996,44.6596,106.5938
377.1973,89.9068,42.4711,109.9454
379.8409,91.6931,41.3340,111.0857
381.8747,92.3086,40.5975,111.9297
382.7535,93.6673,40.2194,112.2129
382.9161,94.7785,40.1261,112.4090
382.7249,97.6843,39.8106,112.3423
383.6508,98.2680,39.6678,111.9387
384.2107,98.3736,39.0433,112.0078
384.5681,99.8805,38.7407,111.1636
385.7206,101.3556,37.9581,110.7040
385.8774,102.6140,38.0075,109.6083
387.6921,103.0561,37.9716,109.1077
387.0935,102.4670,37.6844,109.0192
389.0746,104.0103,37.6447,108.4034
388.8350,104.5587,37.5083,107.3844
389.2245,104.5693,37.0051,107.3344
389.9331,106.2956,36.3864,106.1803
389.9565,107.8742,35.7017,104.4738
390.9173,110.4155,34.8600,103.3363
391.6669,109.9433,35.0043,102.9201
389.6070,112.2837,34.8175,102.7343
389.0020,113.1385,34.3926,102.9110
388.3871,114.2509,34.5608,102.7604
387.4785,116.5320,34.6425,102.3195
386.9798,118.5403,34.6818,101.8689
385.1494,122.4323,34.3764,101.0936
384.7008,125.2220,34.0463,100.1983
382.8808,125.9416,34.1811,101.1229
382.0601,126.6014,33.5305,101.9326
381.1366,129.9863,33.7504,101.2893
381.7825,134.2700,33.6235,100.5157
382.6743,134.9857,33.9573,100.5205
385.1588,137.9634,34.6384,99.9635
385.4474,140.0343,34.8774,99.2623
384.1525,141.1120,34.5218,98.7414
382.4680,143.9977,33.9161,97.3838
380.6991,143.7229,33.8920,97.6041
379.6298,143.6325,34.1068,98.1667
377.3711,144.7868,34.0860,98.5906
375.6538,144.8381,34.4393,98.1632
375.9755,145.2588,34.4903,98.0034
374.4796,144.8856,35.5806,96.7816
372.1429,146.3745,36.5317,96.0681
372.0645,146.2855,37.0934,96.6205
371.7482,145.5145,36.9825,97.8411
371.0637,145.2875,36.7805,98.5380
371.0956,143.8358,36.6489,98.8631
369.3313,142.8213,36.6109,99.2662
367.5050,140.7448,36.7724,100.7232
365.3106,139.8797,36.7917,102.2074
363.2009,139.3906,36.4796,103.6655
364.4771,133.7461,36.6393,106.0148
364.7035,131.5041,36.6696,107.6434
364.0673,128.8154,36.9625,109.8294
363.4973,128.6466,37.1000,110.8388
360.9703,127.0462,37.4179,112.4316
360.6464,124.9106,37.8046,114.2777
360.5359,123.4223,38.9029,115.9978
359.9297,124.5414,39.7534,116.7243
361.4317,124.7726,40.4190,117.1532
363.5533,125.4661,40.4459,118.0857
364.7845,124.6243,40.7180,119.6171
364.7393,127.6181,40.1369,119.2455
365.9611,126.2517,40.0941,120.7193
368.6830,126.1997,40.2607,122.0497
369.0233,129.4282,40.4767,122.4630
369.7350,130.5414,41.0660,123.2295
369.1783,132.6621,41.4974,123.8873
369.8290,132.0844,42.0021,125.3166
371.2348,133.0269,42.4132,125.9744
371.7266,134.2995,42.3993,126.4890
372.7953,135.6986,42.3733,127.0912
373.8493,134.0023,42.9072,128.9184
373.6624,134.5586,42.9037,128.9724
374.3525,134.8441,43.1090,129.5814
376.2624,136.6838,43.4813,129.1602
376.5237,135.8131,43.5476,130.1134
377.2478,135.5573,43.6084,130.8741
378.7444,133.3240,43.7942,131.7097
379.6280,131.9812,43.7684,131.8947
381.0445,131.3345,44.0097,131.7625
384.1948,131.5635,44.3993,133.6873
387.4587,131.6789,44.1494,135.3551
390.2215,130.4700,44.3272,137.6197
394.3537,128.7865,44.9582,139.1080
395.8902,130.4824,45.7346,139.6286
398.8581,129.4083,47.6151,140.4512
400.1780,132.0376,48.5534,140.0591
400.5275,129.8719,49.8424,141.4781
403.0117,126.9949,50.6558,142.1715
404.1279,127.4999,51.2631,142.5757
404.8597,126.0188,52.0061,146.3854
406.4757,125.4707,52.4631,150.2747
406.7032,126.5635,52.8367,152.6422
405.1399,126.2560,53.9835,152.9967
404.6380,123.3833,54.2198,154.8195
402.7637,121.5592,53.9267,156.8146
402.6437,118.7051,53.7713,160.4187
400.8585,116.2335,53.9289,162.0716
401.2810,114.2644,54.5771,165.0162
399.9152,114.3596,55.4910,166.2106
400.0398,113.3307,56.2951,167.5631
398.6047,113.6778,56.1461,168.4084
398.5100,113.0146,56.3109,169.3130
397.8436,111.7374,56.0089,170.3626
397.2026,112.9275,55.3920,171.0070
400.3709,107.4819,54.7735,173.9654
399.2241,108.3185,54.6319,173.9179
402.0766,102.2027,54.7708,177.2951
404.9944,99.8969,54.6059,179.5128
407.4690,102.9224,54.5906,179.1582
408.1647,105.4230,55.0874,179.0719
408.0728,105.5224,55.7755,180.3328
410.1646,107.2994,55.8565,180.4999
410.3738,106.6037,56.2711,181.9095
410.0339,105.1122,56.6299,183.1230
410.8217,103.6975,56.5272,182.6912
411.0491,101.7289,56.7898,183.8629
412.4967,99.7884,56.7772,185.7650
411.3609,99.1813,57.4205,186.9757
412.0789,101.7407,57.4087,187.0394
410.6867,104.4907,57.2292,186.4114
409.9444,105.3940,56.9019,187.8050
412.1845,106.7038,56.5568,188.3853
413.9842,107.9037,56.6304,187.3967
415.9107,109.4374,57.0006,185.8774
417.1798,109.2099,57.3632,185.7420
418.4171,110.5971,58.2691,185.1419
420.7728,109.2269,59.1900,183.7326
420.5791,112.4739,60.3000,182.5121
421.2276,113.5042,61.6408,182.6420
421.1194,110.8450,62.7785,184.7909
420.5773,111.6136,64.8099,185.2680
419.4641,111.1849,66.0473,185.7100
418.8878,106.7715,67.6104,185.7186
418.8981,103.6384,68.3043,185.2581
419.6691,100.2550,68.7101,185.2187
417.7734,98.7329,68.9788,185.1359
419.4311,95.8436,70.0165,184.3392
417.6446,96.4172,70.7924,182.9576
417.0786,96.8635,70.7927,183.2751
419.2373,97.7013,70.1913,185.0002
419.4790,98.4256,69.9055,188.0961
421.0763,100.8480,69.2084,189.3159
418.9688,102.4901,69.5592,189.0103
419.3072,104.0667,69.9556,190.6597
422.7500,107.6760,70.6259,190.2106
423.7190,111.3976,71.2955,188.8489
422.2454,113.7901,71.0639,187.5105
421.9529,115.7601,71.5291,186.3364
420.2645,116.6432,71.0693,185.9097
420.0774,116.1750,70.4752,185.4538
418.9766,118.9418,71.0950,185.5792
418.4451,119.9670,71.7140,185.3741
417.9265,119.6138,71.8241,185.2470
417.8865,123.9678,71.2357,184.3826
418.5869,122.6707,71.4942,184.1347
418.7888,124.4415,71.5638,182.2799
418.9992,125.1546,71.3903,181.1992
419.3449,123.8966,70.9296,181.5771
419.9745,124.3633,69.9790,180.1293
420.7028,124.2726,69.0501,179.2585
420.5890,124.7370,69.4848,177.7082
420.6418,120.9592,67.5887,178.9530
420.8041,120.7897,66.5340,181.0580
422.2051,118.6484,66.0624,182.7534
421.8651,119.9874,66.0237,183.9020
421.7380,121.6999,65.5642,184.6592
423.7016,119.0111,64.2733,186.5062
424.6143,121.6057,63.7416,186.2515
426.7869,121.3530,62.9360,185.1398
425.4304,124.3736,63.1527,183.5632
425.1313,123.6144,62.8054,182.9104
425.4969,126.4776,62.3045,181.0245
425.7587,127.7507,62.2815,180.9664
424.5632,127.3757,62.2666,180.6730
422.6132,127.8342,62.9529,179.4725
423.1415,131.2411,62.6358,177.2103
420.8947,132.1513,62.2840,176.5703
417.8962,131.8168,62.1671,176.5956
416.7204,131.1653,63.0810,175.6171
418.6234,129.1714,62.3995,177.1082
417.5565,124.8314,61.6428,179.0950
419.1067,120.4778,60.7346,181.2381
417.7301,120.6743,59.4500,182.4249
415.3141,121.1455,59.4872,182.5455
411.5943,120.4634,59.3218,182.8679
412.7052,118.5091,58.6348,184.7981
409.0828,116.6186,58.3864,184.4599
406.1820,111.4413,58.7937,185.6985
404.1240,110.9210,59.5527,184.7365
402.9942,108.3720,59.5643,185.3941
401.7821,103.0466,59.8047,187.3022
400.4081,99.2844,59.5758,188.1884
400.4763,96.4804,58.9845,188.8525
401.5822,96.6116,59.0844,187.9655
402.3777,92.4122,58.8735,186.8211
404.6213,93.2674,58.7353,184.6497
404.5098,92.9147,59.4184,182.9079
405.2309,88.5984,61.1099,184.6926
408.4573,85.9084,60.3578,185.2115
408.6064,84.6225,60.1273,184.4873
408.1747,86.3518,59.2964,181.8673
409.5915,84.7964,59.2537,181.2613
409.8452,82.4407,59.5756,181.5370
410.7232,83.3976,59.2971,180.5581
409.2611,80.6317,59.3416,180.8331
408.1726,82.5435,59.7416,180.2625
408.2926,80.4141,59.7318,180.3181
408.3330,79.7083,60.0532,179.5010
407.8194,79.9972,59.6301,179.5494
407.9408,77.3995,59.6409,180.2921
408.7487,77.0420,59.4039,180.4861
409.1036,77.1375,58.6507,180.5503
409.6926,75.5688,58.4171,179.8535
409.7375,73.4934,57.7329,180.7722
410.3172,71.7216,57.7302,180.4193
410.8817,74.4658,57.2417,178.4894
411.6728,73.7759,57.4392,179.0415
414.1567,75.8029,57.5479,178.7485
414.2332,75.4532,57.2575,178.7360
414.7970,75.2365,57.6779,179.5883
414.4838,73.8802,57.9663,180.4748
415.7693,74.4677,57.7087,180.0645
416.3161,73.7666,58.0328,180.4912
417.6448,76.1068,57.7143,179.2204
417.5889,77.5460,57.1060,178.0649
417.9993,78.3149,56.7274,177.9296
418.2125,81.7620,56.9753,177.0340
418.0048,82.7369,57.0459,176.7267
418.3118,83.8981,57.1866,176.3223
416.9879,86.7914,57.2093,175.8327
418.5104,87.4153,56.8202,175.5784
419.2415,88.2837,56.2442,175.1298
419.8379,89.5046,56.1391,174.5181
421.3869,91.7206,56.2320,174.2542
419.5930,91.3962,56.2106,175.0921
419.7970,96.5040,55.9054,173.6991
420.8144,97.1589,55.8548,173.5750
420.3209,99.3451,55.7922,174.2235
420.9758,104.2175,55.3655,173.4611
421.1838,106.4457,55.0342,173.1919
420.0238,108.7847,54.8408,173.3807
420.4222,111.8400,54.8389,172.7928
418.8448,112.1897,55.0895,174.3406
417.4818,115.1723,55.4228,174.4464
416.5267,115.9042,55.6852,174.7823
415.1748,120.0512,56.1097,174.5883
414.7540,119.7774,56.0671,175.3054
412.6484,123.2854,56.8696,175.6840
413.0081,127.1593,56.9914,174.5275
412.8294,127.3841,57.1243,175.0564
412.2120,131.7484,56.8881,173.9842
412.8905,130.1183,56.1487,174.8791
413.7591,129.8027,55.7834,174.6981
413.3335,132.1232,55.8614,174.1541
413.8228,131.6247,55.5741,173.8383
413.2902,132.5054,55.8656,173.8487
414.1849,132.7067,55.6418,173.3768
413.5615,133.8018,55.4613,173.6500
413.5445,134.4211,55.3031,173.3286
414.6210,131.9284,54.9878,173.9953
414.7293,134.0786,55.0232,173.2378
415.2014,130.8208,55.6465,175.2340
413.3687,132.2396,56.8037,175.0950
412.2285,135.4883,58.6185,172.1109
412.8576,132.3640,58.7587,174.0687
415.8063,132.2849,57.5969,175.2082
417.8958,133.8214,57.1067,175.8431
418.4913,131.4467,56.4935,177.3479
418.6888,129.5074,55.8835,178.6183
421.6384,128.9019,56.5152,178.7114
421.1408,126.3107,56.0594,179.2183
420.3260,127.7994,56.2409,179.6085
422.4894,126.1764,57.0169,180.3400
420.6942,128.1889,57.0074,181.2878
421.0483,128.9866,56.5683,181.1362
421.3969,126.4044,56.8346,180.8792
421.0797,125.2089,57.5382,182.2284
420.9487,125.5198,57.5738,183.9366
420.9493,124.0205,57.6110,184.9700
420.8693,124.0764,57.6996,185.6167
421.3055,122.3050,57.2523,186.2501
420.5812,122.9347,57.6054,186.9113
420.2733,122.0898,57.7353,188.4119
418.8961,124.1249,57.5836,187.5060
418.4224,124.7844,57.5851,185.3189
418.7335,127.0215,56.7622,182.8900
416.9454,126.2821,57.3097,182.2989
415.9849,128.0355,58.3756,180.5927
414.6216,127.0910,59.3311,179.3666
413.5696,123.0011,58.4373,180.9782
415.9955,121.2856,56.9541,183.1788
417.0001,118.4230,56.1003,184.3109
413.7953,117.7934,55.2765,184.3375
410.0337,118.3501,56.1397,183.7835
408.5157,120.2633,56.5257,181.7905
407.3525,125.1149,58.1356,179.6013
407.2013,126.6889,59.1623,177.9133
405.9802,126.3813,60.1580,176.4208
404.9770,125.6477,60.7591,176.8852
406.6646,125.2312,60.4032,176.8812
405.5961,121.6751,60.7890,179.4708
405.8593,120.1838,60.8893,181.1686
406.1964,119.0154,60.7017,182.1329
405.2652,118.2270,61.2896,183.0296
405.4052,119.3220,61.7200,183.3893
405.3265,119.6254,61.6637,183.7120
404.9451,120.8669,61.1257,182.8303
404.6025,121.9887,61.3920,182.0785
404.6593,123.5949,61.5974,181.0386
404.8263,122.9636,61.5573,181.3296
406.4112,123.6808,61.2532,180.8886
406.4854,124.6124,61.6096,180.9396
406.7569,125.6424,63.0394,179.7159
407.0226,127.1881,64.8543,177.9392
407.0825,126.1498,66.1892,178.1642
408.9567,123.3826,66.0757,179.6623
409.4459,123.0808,66.2872,180.8469
409.3838,120.5077,66.3671,182.4203
409.0810,119.8788,66.4284,183.8855
408.2365,121.1347,66.6514,184.6102
408.3901,120.9669,66.7334,185.5401
407.9403,121.7915,66.7086,185.9763
408.3171,121.0112,66.5757,187.2492
407.4408,119.3522,66.9403,188.6181
407.6189,119.3960,66.8205,190.0789
407.7740,117.7129,66.3932,191.7181
404.6637,115.5250,66.1559,193.1095
403.5847,113.6620,65.7372,195.7654
403.0044,111.0292,64.8455,197.8346
401.5086,109.3255,63.9311,200.3740
401.3508,107.1274,63.3173,200.8393
400.2806,106.0934,62.5948,203.4046
399.6429,106.0554,63.3851,203.0925
397.9457,105.1122,64.1256,203.3888
398.5298,104.9630,64.7565,203.0484
397.7978,106.4050,65.6169,202.6167
396.6153,110.8050,65.6209,200.2694
396.3622,114.4125,65.8050,197.0103
396.9682,115.8453,67.1693,194.9993
398.2545,117.8042,67.9990,192.4753
397.2070,118.8964,68.4457,189.0795
398.6318,119.9069,67.6860,187.0231
401.1661,118.4334,66.8436,187.5102
402.6740,118.6220,67.7614,186.3979
403.4863,118.3269,68.3987,185.7968
404.5459,116.2808,68.4809,183.7649
402.3144,116.2389,69.8216,182.3574
400.1785,115.8510,71.0141,181.4471
397.6193,114.5902,71.6190,180.9409
394.0415,115.7837,71.7882,181.5044
390.9081,113.9438,72.4118,180.6698
387.2405,112.6801,72.7267,179.3246
385.1835,113.8058,72.5360,179.3482
384.0103,112.6590,73.5029,178.2556
384.2370,112.6753,73.0301,178.0602
383.3782,111.7969,73.1572,176.4760
379.5231,111.9744,74.1703,175.0980
378.1663,111.4943,73.8830,174.0471
376.5485,111.9737,73.7491,173.6202
373.9627,112.7358,73.5609,174.0251
371.4242,112.0908,73.0060,174.8823
368.2994,111.5181,73.1505,174.6503
366.9661,112.1457,72.7615,174.3761
363.0766,113.4037,72.8411,173.4871
360.8928,114.1326,72.3282,172.2607
358.4327,116.1942,71.1972,172.0329
355.7846,116.6762,69.9849,170.5011
354.2640,116.4184,69.3464,171.1981
353.8060,111.6175,68.3298,171.2733
353.0496,114.8989,67.0283,170.9437
351.8003,116.0332,66.7121,170.4890
351.5100,118.2595,66.6772,170.8379
351.2473,119.0087,67.2432,170.5930
352.0524,121.2914,67.6355,170.2698
355.2759,122.6905,67.4361,170.7919
360.1359,123.4079,66.6116,172.0924
363.2574,126.3426,65.9722,172.1974
366.4153,124.5009,65.3680,172.6722
368.4969,127.4194,64.9032,172.2518
371.9161,126.2401,63.6841,172.9811
370.9451,129.4378,63.1871,173.3640
372.5799,127.8267,63.1546,173.8189
372.4653,133.2223,63.1555,173.3670
372.6961,135.5293,62.7003,172.4257
372.5560,136.4289,62.4178,172.2144
371.7583,140.0619,62.1265,170.4406
373.1395,138.8694,61.6795,171.1361
374.4855,140.9079,61.4444,170.9095
375.9590,143.6964,61.1091,170.7932
377.8865,143.5530,59.9638,171.0545
379.2673,144.3278,59.0037,170.2428
379.0837,146.5671,58.8535,168.3158
380.4202,147.6990,58.6705,167.1122
382.6215,148.1945,58.6226,166.6813
384.4021,151.2449,58.8338,165.6707
385.9234,152.3371,59.0468,164.9413
386.9594,155.3409,59.5405,163.4967
386.6127,157.9274,60.7557,161.7306
386.6850,160.0876,61.4488,159.8044
387.0924,164.0309,62.1809,156.8343
388.1143,167.8576,62.3890,153.8153
387.5695,171.0560,62.6887,150.9375
390.0862,171.4397,62.6862,149.2934
390.9287,175.3889,62.4671,146.9268
390.9825,175.6554,61.8813,144.8199
391.3672,174.5155,61.1584,144.4310
392.6865,176.3280,60.1892,143.6328
392.1315,174.4608,60.3185,143.4352
392.1524,175.1416,59.9311,143.6275
390.6616,176.3633,60.0380,143.5416
390.0753,177.8680,60.4623,142.5882
389.0403,177.3247,60.5119,143.3216
389.2225,178.8378,61.1895,142.9619
387.8746,178.1630,60.9124,143.0032
388.0481,177.3728,60.5255,143.3101
387.5150,177.3864,60.7171,143.8018
385.2979,178.5048,60.3836,143.3575
383.9537,176.3621,60.9816,143.3105
381.9210,174.9429,61.8867,143.4192
380.1841,176.9407,63.4525,141.6298
379.4224,176.2102,65.0771,140.5805
377.6877,175.3078,65.9525,138.9797
376.0652,174.3795,66.7930,138.3298
374.9277,174.0822,67.5119,137.3550
372.0923,171.5754,68.3870,137.3693
371.5434,167.3156,68.1350,138.1117
370.1997,164.5998,68.0027,137.7880
370.0886,161.7512,67.7092,138.5845
369.1200,157.6264,67.0202,138.7708
369.3003,156.6761,66.6178,139.2895
367.6312,154.2774,66.6879,139.2976
368.9983,151.0356,64.9268,139.5284
370.3911,151.1317,62.6331,138.4179
369.3792,148.1693,61.2541,138.7420
369.6920,144.4928,59.4010,138.3999
370.3200,142.1080,58.8411,138.3196
370.9114,138.8472,58.5114,139.0646
372.4492,137.3078,56.7896,139.0724
374.5633,139.3455,54.7874,137.5573
377.9775,136.7909,53.0339,137.6508
381.1403,138.7567,50.6440,135.5411
384.9543,141.5182,47.9984,133.2826
388.1331,142.5568,46.2960,129.8865
390.0044,146.7562,44.8614,126.5323
389.4749,147.2719,45.9372,121.8314
388.3138,146.8997,45.8194,119.0145
388.6808,142.7907,45.0041,121.1972
390.6797,141.2786,46.1413,123.5247
393.5445,141.5602,50.1545,122.3958
393.6069,139.7937,51.0914,123.3732
394.6225,137.2209,52.4418,125.5564
396.3133,135.5835,52.4507,127.2172
396.6530,134.3059,55.3896,127.1386
397.8643,130.2804,57.8885,127.9328
397.7089,125.8396,59.5535,129.3425
397.8431,123.6760,61.4131,130.9739
398.3797,122.0256,61.8216,133.0490
400.4528,122.9040,61.7470,132.9944
402.5418,123.8038,63.5756,133.3896
402.2530,126.9140,69.9805,130.3429
401.9271,129.8230,75.5779,128.7840
403.7401,133.3948,80.3570,126.2032
405.9894,135.9895,84.5837,123.8246
406.6595,139.1481,88.8216,120.0209
406.0879,142.0660,92.1851,116.3550
404.7274,145.9785,95.3642,113.8831
402.9720,153.6632,103.7518,107.7761
399.7437,159.0108,110.9510,102.9052
400.6680,162.0482,115.7791,99.8118
399.5336,163.8503,120.9044,97.6296
398.2655,164.9186,125.2784,96.5093
398.9234,166.6940,130.0350,95.6975
399.4904,167.7448,134.4581,95.7537
397.8639,169.6069,137.3114,96.0734
397.3005,170.3234,139.9648,96.8419
396.5437,171.4523,141.5661,97.9532
395.8035,172.2143,141.3876,99.8113
397.7665,172.6235,141.5199,101.4980
396.2317,173.2912,141.3865,103.0119
394.8726,173.7155,139.8796,104.3839
393.8411,173.9032,138.1164,104.9887
393.0099,175.5588,137.0468,105.2760
391.2335,177.1372,138.5097,104.5347
390.1753,179.8111,139.0875,104.3316
389.5349,183.2040,139.7978,103.4624
386.8566,184.3039,141.3619,102.6966
385.4780,185.5308,143.4821,102.5894
385.0705,186.6562,144.9973,102.7723
382.8237,186.7104,145.9927,102.7756
381.8895,186.0767,145.5794,103.1103
382.1601,187.4750,145.3521,103.2306
382.9776,189.1363,145.3520,102.5453
382.9418,190.0065,145.1677,101.9524
384.0838,191.5705,145.6684,101.3684
381.8112,192.9735,147.1206,100.6485
382.5037,194.2189,148.0465,100.2463
380.6648,194.8883,149.3903,99.8532
377.3026,195.6955,151.2292,99.1952
378.3120,196.1970,151.2247,98.5313
375.0938,197.3955,153.4635,97.8837
372.9537,199.0015,155.4867,96.8731
372.6811,200.8108,156.8280,96.3698
373.1204,201.6321,157.0112,95.9367
372.7796,202.8764,157.5031,95.6654
372.8588,203.8425,157.5445,95.0714
372.5831,205.7775,157.7739,94.9335
372.3611,207.8826,157.5643,94.3956
373.3116,207.8622,156.8189,92.9477
372.1996,208.7851,156.6419,92.5911
373.3481,208.7139,155.6864,91.4150
372.9630,209.9482,155.2471,91.0191
374.4384,210.3181,155.1758,89.7997
375.1994,211.6817,155.3483,89.1578
375.4865,214.2545,155.5506,88.3503
2
0
0
0
0
1
313.9576,186.9658,46.8213,114.0792
309.5943,187.0619,48.2139,115.5472
307.2285,186.8884,49.4431,116.8750
303.7766,188.6516,50.1060,117.8938
300.9320,189.2439,50.9480,119.2535
298.6461,186.5244,51.0670,121.3757
296.0291,185.8064,51.2936,122.4061
292.0957,185.0766,51.5433,122.9248
289.7424,185.5353,51.6117,123.9651
288.1175,183.8353,51.8738,124.7084
285.1210,185.3340,52.3705,124.9297
282.5236,185.3793,52.5216,125.4733
279.6637,184.2232,53.1379,125.8084
275.8252,185.6069,53.5743,125.3028
274.8361,186.3431,52.9146,124.0810
271.6830,186.6701,52.7712,124.0118
270.3037,186.5121,52.4307,123.4711
268.6296,186.0816,51.9000,123.0854
266.1067,188.3025,51.5520,123.0470
263.2092,189.1992,51.7494,122.4426
260.1614,189.7122,51.5028,122.0054
259.1604,190.2321,51.0126,121.4144
254.5826,190.7854,51.3679,121.1062
253.0797,192.5629,50.9730,120.2507
249.5611,192.4071,51.1299,119.1738
246.7950,194.0497,51.4921,118.2177
244.8623,194.9995,51.7951,117.4556
240.8839,195.7465,52.3321,116.7558
240.7829,196.5484,51.4628,116.6435
238.4368,197.3754,51.7912,116.2568
235.9717,198.4553,51.9616,115.1507
234.5791,197.9019,51.8371,115.0795
232.3386,198.5403,51.8834,115.1238
228.5919,198.9340,51.9702,115.0136
225.3332,199.8376,52.6538,114.8525
224.4215,197.9507,52.5569,114.7469
