1
80.5483,145.9321,26.8219,26.2658
81.4270,144.5183,26.2294,27.2641
80.6142,143.2035,26.5705,27.7679
81.1577,141.5565,27.0025,27.6329
80.2157,140.1684,27.3288,27.9340
79.2484,139.7871,27.7649,28.0671
78.2658,138.7371,28.3113,28.0632
77.5785,137.0314,28.6567,28.6056
76.3564,135.5863,29.2759,29.0204
75.3580,133.0330,29.5239,29.9433
75.2457,130.5004,29.6833,31.2750
74.1811,129.2043,30.2121,31.7095
73.4261,127.7635,30.8366,31.9816
73.6061,127.0355,31.0294,32.3601
73.0690,123.3220,31.1416,33.1242
71.7944,120.7496,31.1681,33.9296
71.5359,117.4643,30.9818,34.6550
70.6655,113.3679,31.1199,35.6664
70.8758,108.9281,30.6243,35.8061
70.9812,105.7217,30.5907,36.0623
70.5092,102.7543,30.6945,36.3282
71.6783,100.7253,31.0587,35.9338
71.9246,98.4564,31.8525,35.3517
73.3404,94.8645,32.5516,34.8135
74.0745,92.9698,33.1791,34.1997
75.7462,90.7619,34.3050,33.6747
77.8502,87.4995,35.1340,33.1999
79.7004,86.4352,36.1728,32.9289
80.8838,83.4004,36.7688,32.4128
82.9868,82.2146,37.3452,32.2923
84.0542,80.1111,38.4351,31.7703
85.1315,76.9315,38.6769,31.3664
84.5080,74.5948,38.7531,31.4934
84.1477,71.9699,38.4993,31.4225
83.9537,69.1456,37.5906,31.5133
83.4319,66.3739,36.6970,31.6381
82.0709,63.7250,35.7925,32.1228
80.6733,61.8993,35.3011,32.0474
79.3459,59.6568,35.4348,32.1158
77.8982,57.5619,34.9611,32.1669
78.7516,57.3075,33.8313,32.2758
79.7678,55.9842,32.6726,32.3626
78.8006,54.8957,31.8943,32.6099
77.3027,54.4454,31.5711,32.9163
77.0791,53.8553,31.3381,32.9119
77.0882,54.9742,30.7134,33.3745
78.0118,55.2753,30.3503,33.3683
77.8997,56.5008,30.3524,32.5776
77.8212,57.3125,30.3218,31.3272
79.1795,58.5670,29.7519,30.2189
78.6336,59.2989,29.7114,29.1551
78.8865,58.4625,28.6840,29.1614
79.1346,62.0583,28.1515,28.6906
79.5553,65.2178,28.3204,28.8763
79.7428,66.7643,28.0482,29.8191
82.3262,68.4724,28.0640,30.2483
84.9877,70.3853,28.2799,30.5937
84.7681,73.6163,28.1551,30.8598
84.8612,76.0874,27.5603,31.3809
85.2532,78.4726,27.0665,31.7896
87.6495,79.6691,26.5274,32.3709
87.7662,81.0125,26.4248,32.6628
89.8887,81.1164,26.5932,32.8217
89.8802,81.2207,26.6067,32.6139
92.3131,80.2702,26.4286,33.3478
93.1633,81.0136,26.2726,33.6848
93.5279,81.2701,26.3058,34.1750
94.0189,81.4780,26.4399,34.5177
94.4345,81.7815,26.5030,34.7787
94.3227,81.6395,26.6595,34.8646
94.3701,81.1125,26.6564,35.0862
94.5979,80.9866,26.6151,35.2071
94.6797,81.3085,26.9425,35.4709
94.4504,80.5350,26.7977,35.8196
94.3524,80.6634,26.7379,35.7592
93.8976,80.0017,27.0532,35.3100
94.1530,80.1232,26.9089,35.1230
94.2827,80.2565,26.7564,34.8975
94.5053,80.2242,26.5494,34.8329
94.2708,79.2954,26.5784,34.6744
94.3283,79.0067,26.5304,34.4876
95.0009,78.7377,26.5555,34.5139
95.0739,78.8416,26.6175,34.8250
96.2555,77.9202,26.6593,34.9364
96.2101,76.7680,26.4778,35.4981
97.1432,75.7779,26.3963,35.7339
98.0188,74.9404,26.2321,36.1034
98.5013,74.0392,25.9632,36.6489
99.3851,73.7524,25.7481,37.2588
99.5822,73.0072,25.7649,37.7742
100.4947,73.0457,25.8644,37.6808
100.3782,72.1141,26.2068,37.6396
100.1888,72.7510,26.3861,38.0265
100.6553,72.3789,26.0235,38.5714
100.6122,71.1353,26.0306,39.2859
101.0845,71.8176,26.1673,39.4478
101.3495,71.0819,26.3889,39.3185
101.3805,70.0882,26.9651,38.9493
101.9271,70.7281,26.2566,39.6173
101.5362,70.9202,26.0211,39.8196
101.0826,71.2488,25.7599,39.5670
101.4836,71.2863,26.4585,38.1628
100.8404,71.3385,27.1905,37.3986
103.1415,71.2999,27.8108,36.6886
102.6671,70.9017,28.5163,35.7288
102.7673,71.5268,28.7131,34.9107
102.9621,71.4305,28.8427,34.3198
103.4417,71.5693,28.8650,33.7781
103.7513,71.5136,28.8711,33.4649
103.2919,70.5325,28.9540,33.8952
103.3130,69.5773,29.1655,34.5562
102.6223,69.6402,29.7636,33.7114
103.1560,69.6814,29.2231,33.5680
102.9150,69.5717,29.1307,34.0809
101.2232,70.8363,29.1307,34.9082
105.6907,67.7818,28.4089,34.6184
106.1880,69.4208,27.9209,34.6606
107.4835,70.3906,27.1451,34.8812
104.0326,73.1535,28.4087,34.5454
102.4569,74.3070,29.3731,34.2328
104.2096,75.1319,29.8982,33.9398
101.6482,75.0489,30.9030,34.0676
100.2463,75.9938,31.3788,34.3799
94.9794,75.9066,32.0387,33.6973
90.0406,77.7964,32.1975,33.0983
89.7440,78.3536,31.8847,33.0955
94.4581,77.8115,31.6254,33.0963
94.6829,80.4575,32.2208,32.9084
95.2858,80.6045,32.8569,32.5831
97.5146,80.1601,32.6049,33.5339
100.1696,81.0631,31.7428,34.3209
99.4501,82.0962,31.2400,35.1259
98.7777,82.7845,30.7693,35.9784
98.2644,85.1182,31.1299,35.8580
96.5543,86.1354,32.8411,34.1810
95.9834,88.2561,34.0685,32.5730
95.6925,89.8574,34.1382,32.4914
96.4816,90.1203,34.2624,32.6449
96.9225,90.3732,34.4524,32.7372
98.0655,89.3010,34.6899,32.8371
99.8243,88.0853,34.6001,33.2069
102.3764,86.7640,34.2001,33.5571
105.0379,85.9485,33.5695,33.5875
107.1899,84.5499,33.2828,33.6506
108.7345,83.8036,33.6736,33.1681
110.2443,82.4033,33.9853,33.0239
111.4950,81.9292,34.3418,32.8701
112.1698,80.3495,34.6567,32.4872
113.2369,79.9901,35.6028,32.7017
114.4634,79.6843,36.7374,32.6645
114.5540,79.3072,38.0677,32.3660
115.2275,80.1281,38.5371,32.0096
117.1489,80.0688,38.3781,31.8529
117.1392,80.0664,38.0329,31.4981
117.5262,80.5437,37.8193,30.9598
117.8668,80.1541,36.9992,30.5562
118.0839,80.2034,36.1852,30.2068
118.8290,78.9993,34.6779,30.2395
119.2121,76.9937,33.8408,30.4753
118.5555,75.7722,33.0587,30.4286
118.6735,75.0675,32.7999,29.7698
119.0651,74.9681,32.0948,29.2593
119.5731,74.9152,31.9397,28.8930
120.3350,74.7300,31.7656,28.8667
121.8269,74.8942,31.9091,28.7135
122.4298,74.6479,31.7163,28.5126
123.0138,73.9030,31.1691,28.5483
123.8073,72.9926,30.5487,28.5700
124.9447,73.2043,29.9850,28.8098
126.5482,72.9158,29.4200,29.2362
127.7376,72.5032,29.8391,29.4426
128.5040,71.4927,30.5920,29.6686
128.5742,70.5188,31.3392,29.8656
129.8825,70.0926,31.6394,30.1213
130.2740,69.5515,31.9512,30.0774
130.9789,68.9918,31.7398,30.4212
131.8884,69.0744,31.7219,30.4836
133.3200,69.7478,31.3013,30.7594
134.4852,69.9686,31.1631,30.5729
134.5897,69.7791,31.1111,30.0825
136.2299,70.5393,30.8333,29.5190
137.2950,71.8923,29.9308,29.0667
137.4080,72.1688,28.6103,28.9954
138.9551,72.5400,27.9248,28.1824
140.5420,73.6923,27.4737,27.4141
141.8007,74.0248,27.3296,26.9143
142.1523,75.8500,26.7366,26.7169
142.8037,77.0484,26.8995,26.8331
143.0973,77.3862,27.5304,26.4329
143.7635,77.9775,28.2975,25.6553
144.8239,79.4775,31.3467,23.9382
145.4272,80.8092,33.9959,22.1998
142.6057,81.7110,35.9983,21.1920
141.8283,82.7609,38.1987,19.9568
137.8178,86.0062,38.5322,19.8245
136.2894,89.3463,38.5982,19.7210
131.3845,85.6374,37.2216,20.6328
122.4507,108.9204,33.5217,24.1262
125.6911,110.6730,31.6902,25.9146
128.7919,113.2150,31.1828,26.9241
128.6207,111.9310,30.7785,27.6583
127.0353,112.6680,30.6219,28.5561
126.4110,110.6936,30.2100,29.5405
125.5971,109.4459,29.6505,30.0021
126.2695,104.1242,27.7635,32.1834
125.4953,99.7474,26.1936,33.1879
123.3267,100.1840,24.7072,34.5233
123.1023,100.6557,23.4034,36.0837
122.0034,100.9343,22.6096,37.0524
120.9234,104.2122,22.1482,38.0689
2
0
0
0
0
1
114.0177,86.1423,31.1722,30.1367
113.0898,85.6959,31.3004,30.1529
112.2134,84.7403,30.9717,30.4453
112.4208,84.3330,30.4237,30.6445
112.5558,84.3663,29.6184,30.7235
113.4941,84.2400,28.7598,30.8949
113.8954,85.0107,28.3240,30.9222
114.1265,85.4118,28.2443,30.6862
114.0353,85.3698,28.0874,30.8380
115.3946,85.4339,27.6936,30.9421
116.6344,85.6982,27.4057,30.4487
118.0419,85.7736,27.3889,30.1695
120.0097,85.6504,26.8056,30.6250
121.9808,85.3117,26.2129,31.3289
123.0712,85.1762,25.7272,31.7899
124.3854,84.9433,25.6409,32.3056
125.6461,84.4359,25.4491,33.0933
127.6195,84.3537,25.5440,33.6164
129.4770,83.5591,25.7035,33.7334
131.4666,82.7559,25.7109,33.6805
132.2388,81.4984,26.0334,33.3515
133.5875,80.9375,26.0062,33.1541
134.0207,79.9875,26.3123,32.7530
135.7041,79.7126,26.8541,32.3775
137.7034,79.0148,27.4912,31.9245
140.0944,78.3794,28.2529,31.4864
141.5388,77.3482,29.1219,30.7847
144.0301,76.6824,30.1549,30.6039
146.5672,76.4737,31.4781,29.9179
149.4012,75.6385,33.0263,29.2539
151.9881,74.9356,34.1795,28.6855
153.4598,73.0987,35.2044,28.5879
155.9906,71.7740,35.7535,28.2919
157.0335,70.9295,35.9260,28.3581
157.0866,70.0932,36.3465,28.1796
157.1827,69.3493,36.5456,28.1466
156.6326,67.7572,36.8224,28.3924
156.7337,67.1515,36.7112,28.5526
155.5331,67.6755,36.4306,28.7040
154.0584,65.5163,35.5840,28.7783
154.8912,63.7686,35.2848,29.0940
154.7204,62.3874,34.4947,29.7019
156.1718,60.6643,33.4352,30.7385
156.5881,59.0258,32.7700,30.9459
158.2469,57.5229,32.5903,31.4565
158.7742,56.3895,32.3654,31.8309
160.5867,54.7376,32.0290,32.3106
160.7364,52.4898,32.0272,32.4478
161.2491,51.0046,31.8885,32.8622
162.8688,49.2680,32.1988,33.1769
164.1728,47.5321,32.7962,33.6983
166.1143,45.8226,33.1328,33.4090
168.9054,44.1708,33.4993,32.6845
168.7380,42.0951,34.1622,31.6662
169.7424,42.6724,34.4631,30.9942
169.5585,42.3520,35.2478,30.4547
169.2587,42.5447,35.8246,30.0373
169.9518,42.6428,36.3296,29.8864
173.3585,41.2989,37.6721,29.0076
170.4821,43.2215,38.3490,29.0507
170.2000,43.2180,38.3565,28.8627
171.2893,43.7963,38.1250,28.6294
171.2385,43.9711,38.2228,28.4349
171.9418,44.8517,38.0116,28.3518
171.8504,44.6577,38.1291,28.2818
171.8318,44.9162,38.2178,28.2911
171.5921,45.7025,38.5690,28.1271
171.0533,45.7713,38.8626,28.2599
170.8796,46.7159,38.9825,28.3633
171.9321,46.1351,39.0769,28.4841
171.2286,46.4816,39.1589,28.5571
171.8763,46.9849,39.6093,28.3321
171.7784,46.6247,39.7953,28.3610
171.3008,48.0288,39.9409,28.3360
170.7864,49.0879,39.8664,27.9757
170.7740,48.0643,39.4290,27.9618
171.5107,47.4011,39.1924,28.0679
170.2100,49.0332,39.3147,27.8633
169.4434,49.0813,39.4405,27.8894
168.3588,48.9318,39.2462,28.0562
167.8173,48.6130,39.3973,28.0660
167.2771,48.0220,39.0677,28.2136
167.7728,48.8104,39.6965,28.2956
167.5444,48.1046,39.6435,28.2669
168.0034,48.3340,39.6869,28.2537
168.7953,48.1796,39.8232,28.3315
169.9241,47.9902,41.3409,28.3973
167.8986,48.6190,41.2486,27.9959
168.8079,47.9632,40.7240,28.0298
169.2503,47.2019,40.2986,28.0197
169.2357,47.4892,39.9036,27.9537
168.3003,47.4348,39.8854,27.8117
168.7645,46.9986,39.6209,27.8397
167.6283,46.6880,39.5763,27.7335
168.5677,46.3550,38.7758,27.9897
168.0382,46.5834,38.3507,27.7686
167.5585,46.6346,37.7917,28.0845
167.7543,46.6246,37.1204,28.3093
168.0904,46.5103,36.5279,28.4805
166.8181,46.8313,36.5249,28.1875
166.8780,46.9762,36.4539,28.3071
165.7905,46.1195,35.4388,28.4527
166.3646,46.2516,35.4805,28.9681
165.6888,46.4134,35.7973,29.0898
165.3267,47.6276,35.9869,28.9674
163.3462,48.3346,35.4525,29.2170
163.2511,48.9299,35.4798,29.5246
162.0273,49.2613,35.4087,29.6983
161.7047,50.2406,35.0885,29.8848
160.3240,51.4786,35.1336,29.6448
159.7555,52.0574,34.8835,29.5827
158.7002,52.8150,34.9398,29.3965
158.0345,52.8066,35.2209,29.5403
157.2155,53.6639,35.4627,29.3636
156.2055,54.0188,35.5463,28.8149
154.0365,55.0145,34.9645,28.8192
152.2493,55.1489,33.7738,29.1924
151.7242,55.7571,32.4100,29.6609
152.2124,56.2487,30.8104,29.7739
148.2291,55.9406,29.8305,29.6999
153.1371,57.6069,32.0847,27.1182
155.0652,58.1971,33.9753,25.4441
153.8586,60.5532,35.7674,23.9273
154.2159,61.9460,36.9636,23.1004
154.1623,62.2860,37.6238,22.6781
151.8298,63.1229,38.0616,22.4449
154.5920,62.8281,38.0328,22.4583
153.5304,62.7521,38.1155,22.6348
150.2365,61.8418,38.2906,22.7944
151.0514,61.4764,38.5120,22.8945
148.9822,60.9444,38.7832,23.0046
147.1608,61.5429,38.9660,23.1857
148.3550,61.4721,39.3262,23.2990
148.7542,61.1930,39.7207,23.3654
148.4187,61.7761,39.9702,23.4189
148.1651,60.9811,40.1233,23.4574
146.0242,61.3960,40.6457,23.4274
146.8718,60.9982,40.7552,23.3215
147.0146,60.8332,41.0359,23.2786
147.3084,61.3523,41.1601,23.1204
146.9924,61.3904,41.2570,23.1496
145.6556,63.0559,41.2767,23.1166
143.8557,65.2684,40.8388,23.0350
147.0768,68.1830,41.0361,22.7206
146.7031,69.8452,40.6541,22.5829
147.2450,72.2273,40.6877,22.4972
147.2121,73.9719,41.0178,22.4283
146.4076,74.9375,41.0491,22.3646
145.8777,75.9679,41.1086,22.3609
