1
196.9588,25.5988,73.4512,81.8334
197.9396,24.5780,71.9115,82.9594
198.4700,24.9080,70.7295,83.4128
198.0422,24.0721,70.2512,84.3977
197.1751,25.1549,70.0917,84.7836
197.1666,24.4438,69.9963,85.5169
196.0516,25.3246,70.1186,85.5735
195.8701,26.3244,69.7775,85.8609
195.4272,26.5398,69.7921,86.6753
194.3677,27.9893,70.0066,87.4635
192.6733,29.9231,70.2245,88.4597
193.7320,30.7173,69.4138,89.5414
191.7954,31.7428,69.6379,90.2025
189.6799,32.0226,70.0574,90.6842
189.7526,32.0742,70.1219,90.4873
188.1721,34.6130,70.3127,90.0945
187.6190,35.8519,69.9167,90.0190
187.0681,36.6427,69.3154,89.7223
185.3636,38.4409,68.9640,88.7038
186.0262,41.1477,68.2957,88.1287
185.5644,44.7587,67.7353,86.7568
185.8658,46.6202,67.5426,86.7162
183.1960,48.2680,68.1668,85.6474
184.7047,49.1680,67.4740,85.0734
184.7924,49.9883,66.9674,85.0441
184.7866,50.5254,67.0215,84.6717
186.0456,50.5624,66.3910,84.5161
188.1173,51.4326,65.7996,84.0020
188.9192,51.3352,65.7537,83.3646
190.7244,51.6646,65.1981,83.5716
190.9076,51.4839,65.3204,83.4285
191.9737,50.7584,65.1859,83.4410
193.3473,51.1588,64.4834,82.7243
196.4944,51.8310,63.4625,81.7785
199.3070,52.3947,63.1826,79.5561
201.6525,51.9455,62.4647,78.8253
202.7285,52.6089,62.2561,78.4378
204.7727,52.9002,61.6972,78.7222
207.2196,52.1637,60.7462,79.8118
209.5679,51.6166,60.1062,80.1236
210.5830,51.3337,59.9648,79.9029
212.1395,51.6030,60.0039,79.7014
214.4782,50.4769,60.2520,78.4933
216.8639,50.4340,59.7708,78.7959
218.1558,50.6875,58.8731,79.5291
217.4120,49.5143,58.1195,80.2650
217.6684,49.8972,57.7621,80.3579
218.1362,49.1689,57.2080,81.0738
218.6625,48.6721,56.4750,82.1064
220.3400,46.7835,54.0627,85.2987
218.6892,45.1301,53.0367,88.0615
214.6425,41.5073,52.9176,89.6120
213.2679,39.4323,52.1471,91.3080
211.0631,38.1405,51.9752,92.4115
207.0371,39.0905,52.4712,91.6902
204.9933,40.7778,52.6824,92.2686
203.7426,40.4426,53.5095,91.6433
202.5873,42.5650,53.7441,92.0464
201.4425,45.0297,54.5059,90.9206
199.1760,46.2969,55.0201,90.5978
197.6166,46.4107,55.4881,90.4070
196.7250,46.1647,56.0087,89.9842
193.3854,46.4328,56.9075,89.6921
190.6073,48.7288,58.1851,89.2384
187.9697,48.9244,58.6328,89.5803
182.0298,49.6407,59.8941,90.4803
180.1655,51.5338,61.1813,89.8262
176.5396,52.0613,61.7872,89.5861
172.5282,52.6565,62.3577,89.6315
167.4285,54.3409,63.9334,87.9285
163.8198,54.7529,65.3153,88.4885
157.9080,56.1307,66.7535,89.5116
151.9378,57.0838,69.1984,88.9068
146.6070,59.0632,71.5877,88.3185
145.0759,59.6839,71.8085,90.4260
142.9624,59.5101,72.3709,91.7916
139.5951,59.6572,75.5700,89.8985
134.5806,62.8200,77.9275,89.1040
131.2244,64.1620,80.3482,88.1375
128.4386,66.1335,82.2839,86.8474
123.3671,68.4543,83.7362,86.9388
120.6374,70.1181,85.8019,86.2508
116.7848,72.0052,87.1450,87.2611
112.6610,73.8500,88.8505,87.5132
110.6494,76.3821,90.0638,87.1255
105.9280,76.2147,90.9923,88.8400
102.1501,76.1830,92.2687,88.9660
99.8406,76.4988,92.3879,88.9126
93.4124,77.8911,93.5228,90.1686
94.4612,76.0869,92.9762,92.1001
92.0880,73.6602,92.0322,94.4542
90.3866,74.1650,90.9537,96.7926
88.1016,75.4984,90.5743,97.6944
85.3290,76.1703,90.8383,97.6914
77.3856,93.9251,96.0685,93.8505
74.3710,100.3514,103.8780,86.0652
69.2365,107.1377,107.5027,81.5517
68.8933,111.4679,109.2072,78.5121
65.5034,114.6735,109.3597,76.8804
68.3074,116.9248,110.1919,75.6302
66.3875,117.7997,110.8918,74.5631
65.7433,119.3872,111.3697,73.6364
65.7825,121.6088,111.4292,72.4932
64.2437,125.2038,110.2964,72.6173
71.6719,125.8661,110.4615,71.3107
97.8441,118.2901,113.9467,67.2091
102.8579,120.9041,114.9562,64.7464
107.8201,122.1414,114.1731,63.7310
97.2210,123.2306,116.7663,61.5558
106.6326,123.5545,115.1697,61.8645
107.8488,122.5562,112.7293,63.2531
106.9655,120.9481,109.9645,64.9092
109.2287,117.5208,105.2812,65.8569
114.2065,114.8574,96.4600,71.4464
119.7504,113.0673,90.5314,75.1698
122.9075,110.3995,86.2756,77.9491
126.7035,109.3834,83.2969,79.0100
129.0381,109.2006,82.1551,77.6871
139.1571,103.9969,78.6733,79.0170
147.1256,97.5888,75.8103,80.7776
152.8774,93.4942,73.0206,81.7477
154.3462,87.8332,72.2110,83.6198
164.3923,79.6463,68.9770,86.4230
171.0710,68.5112,66.2501,88.1403
180.3344,64.2934,64.1189,90.4998
182.2146,60.8325,66.2708,90.3279
183.8933,54.7635,64.9559,91.9689
187.5616,50.6456,63.6266,93.9668
188.5186,45.1450,62.4408,94.9451
184.7481,49.1242,66.6749,91.8522
185.3152,56.6083,68.7584,90.9789
173.0618,48.8531,72.0794,88.2960
157.8446,7.1403,74.4697,86.1140
155.5925,5.6547,75.7486,85.3917
161.2906,5.6867,76.5169,84.7562
167.6152,18.2228,77.0485,83.4723
174.8937,20.2646,76.4332,82.5889
173.1584,20.6251,76.2486,81.9360
170.3279,11.1560,75.6425,81.6322
180.1367,20.8381,75.4319,81.0511
179.9398,21.5823,75.1090,80.4112
179.4679,22.1911,74.4655,79.7702
178.3331,22.0505,73.9807,79.1977
177.3929,22.0657,73.0770,78.6355
176.6317,22.2063,71.9476,78.5009
189.1970,11.8578,65.9114,85.1141
2
0
0
0
0
1
213.8477,96.4821,49.4393,96.3417
212.6615,94.5503,48.9358,101.2210
213.0443,92.7724,47.6952,106.2019
212.3157,91.1118,46.7046,111.3193
210.9694,90.0940,47.0578,115.4862
211.0697,95.5034,48.1783,115.3092
211.7855,100.9825,47.1729,116.1827
211.1850,106.3414,47.3908,114.8368
209.9735,113.6062,48.2147,111.6637
210.0754,120.0298,49.0477,108.3748
210.0147,125.8439,49.8365,104.6836
209.3148,128.6313,49.9606,101.9557
209.7437,130.9952,49.8744,99.2989
209.7334,129.8624,49.6291,98.2142
210.4302,132.5509,49.4698,95.9547
210.0787,133.9767,49.2643,94.7923
210.3148,135.5096,49.1497,93.5140
211.6743,135.5984,48.4892,92.5131
213.3832,135.4039,47.9788,90.9920
213.0221,135.1604,47.6623,89.8429
212.3768,136.0733,47.6323,89.0128
210.0839,133.7589,48.0285,89.3139
206.6517,130.4866,48.5710,90.1517
202.4907,128.0643,51.2905,89.3740
199.2829,126.6131,53.6802,87.9897
195.2386,122.6358,54.5565,88.8318
195.4865,123.9107,58.5565,85.8244
190.2881,121.8112,60.5836,85.2298
186.4543,118.6165,61.9396,85.0784
182.8729,113.5295,62.7227,86.8694
179.2301,109.9192,62.7770,89.4865
173.8817,108.5968,62.5139,91.0035
171.8692,106.4606,60.6472,93.8647
170.7368,102.1064,58.8508,97.5687
171.5393,103.5357,56.8222,99.5402
173.5772,97.3370,54.8323,100.8713
172.8241,94.1265,52.9405,102.4701
172.1588,91.2974,52.0586,103.8808
170.0959,86.5022,52.6115,102.8747
167.6597,81.8655,51.7276,103.9900
164.2071,76.3651,50.9200,104.6321
161.6299,74.6919,50.5203,104.6909
160.5768,68.5450,48.9616,107.2551
157.6029,64.8762,48.7372,108.2235
199.8711,50.7264,45.9887,109.2186
197.3966,51.6519,46.0924,107.4167
2
0
0
0
0
1
93.7775,50.0599,81.5766,102.7032
94.0365,47.6653,78.9858,105.8783
92.6474,42.5781,77.7136,106.7325
92.2460,38.4378,77.2947,105.5799
89.4818,36.6286,77.5321,104.6192
87.4272,35.2028,77.9492,103.6434
87.6509,34.6780,78.0284,103.7347
85.9804,32.4550,78.8050,102.8267
87.5684,31.2498,78.3909,103.0533
86.1801,31.2834,78.2873,104.1076
80.9322,33.2091,79.6202,104.2640
76.5725,34.4247,82.2772,103.2681
71.9216,35.2770,85.7296,101.7395
67.6949,35.7861,89.1875,100.2426
62.6322,37.6070,93.6562,98.0791
55.1601,39.6226,98.5264,95.9227
42.9685,43.2444,109.6631,88.2763
37.0526,46.6129,116.2392,83.8870
38.1225,49.9780,119.5100,81.2544
35.1724,52.0547,121.8849,79.3874
36.5277,53.7395,122.9137,78.5055
37.5787,55.7482,123.6877,78.3704
37.2423,57.8791,124.5464,77.9365
38.5173,60.0637,125.2849,77.6587
37.8480,62.3072,126.5015,77.3912
40.0935,64.2879,126.7455,77.9575
42.2213,63.6213,126.5934,78.3036
48.2935,63.1822,126.1095,78.2463
53.0902,63.0412,125.6276,78.2554
65.0739,63.0799,122.8730,76.9221
64.8470,62.9938,120.7919,76.3932
72.4743,64.8696,119.5692,73.9116
71.0277,74.8820,120.3296,72.5885
70.9487,74.6618,119.9971,71.1110
72.5594,74.2722,118.3211,70.5654
79.1257,75.3342,118.1609,68.7160
84.4517,75.6104,117.7086,66.8080
84.8705,75.3581,116.9651,65.6881
82.5326,76.5283,115.9263,66.4736
85.8640,76.9315,112.6706,68.7233
88.5406,77.7303,110.1496,70.2166
90.0064,78.7246,109.4459,71.7024
92.1867,86.4942,109.3283,70.9225
92.3200,85.3561,109.6159,71.2926
94.1845,85.6092,110.4977,72.3100
96.5755,85.8276,111.6111,73.6515
98.4331,85.4940,112.6813,74.4160
97.6061,85.9943,115.2095,74.0860
97.2860,86.5186,117.5863,74.3115
96.0040,87.2455,119.1015,73.5043
103.8102,87.1175,120.9486,73.5337
111.9715,80.3633,122.4948,71.6622
110.8354,85.6975,124.2754,70.7042
105.0278,87.6249,126.2974,69.9913
85.5760,68.0213,110.1285,83.7856
90.9280,60.8067,98.5986,93.7307
97.7298,58.1048,91.6725,99.2723
97.7296,53.2347,85.5919,103.6197
99.0340,50.7276,81.9317,106.5958
100.0866,48.9615,79.6682,108.5827
101.8330,48.6159,77.9932,110.5798
102.6117,47.7689,77.1369,111.4996
102.8794,48.0257,76.4814,112.4927
101.2983,47.2378,75.8536,112.1584
103.7803,48.5311,76.9316,111.5086
101.7502,48.3321,76.0980,111.5691
103.1190,48.3458,76.0577,110.4862
101.9279,45.3189,74.7176,110.2837
2
0
0
0
0
1
202.4707,129.6065,93.7902,55.9848
206.7668,132.2796,94.0908,56.2821
212.1567,133.2727,93.0049,56.9433
216.9041,134.8597,92.4374,56.2871
219.7409,133.7734,91.2844,55.9808
222.3193,130.6457,89.8255,55.6040
227.0169,125.9669,88.7073,55.6040
227.1360,118.1139,89.0444,56.2260
226.6203,110.9579,88.4799,56.6514
225.5503,102.9925,88.3794,57.5330
225.4555,95.0294,89.1406,58.1021
225.5866,87.8212,88.4466,58.7313
222.4549,80.0961,88.9229,59.0240
218.3709,73.9184,89.4118,59.1802
215.0004,66.1660,85.1657,65.0877
211.1430,61.9750,81.3196,70.0600
208.4354,57.9924,78.6122,73.9808
206.0730,52.5800,76.6446,77.8159
202.0276,64.5760,75.6412,79.1363
197.8175,73.5717,76.0130,78.5040
190.5418,69.0233,76.6042,77.8253
186.9657,74.2732,76.4556,77.2848
189.0864,71.0557,76.2076,77.0035
186.5579,61.6383,74.5411,79.2451
180.7908,53.2609,73.5173,82.7059
174.6692,50.4727,73.5646,85.2876
168.9464,46.9149,74.2737,87.9078
162.4636,45.1271,75.5720,87.4804
158.4147,43.6840,75.4543,87.8591
156.3618,43.7935,75.1954,88.9456
153.1331,43.3771,74.3237,91.6271
149.2149,44.2540,74.7046,92.3845
146.5413,39.1277,75.8772,90.9830
142.4958,40.3727,77.7130,90.8577
147.1626,41.6527,79.3929,88.9841
141.2061,42.9486,79.5342,89.4744
137.2883,34.5814,80.4428,88.5300
135.4581,36.6925,81.1376,88.0192
137.1092,29.5076,86.3091,79.1204
135.3893,31.9550,84.4314,77.1841
131.1843,32.5026,87.9114,71.9629
127.4245,34.4365,90.5094,67.1909
128.0761,36.9633,91.7448,63.0797
122.2717,37.7456,91.9854,60.9539
123.7642,40.1234,91.8798,58.2526
117.0536,47.6109,91.4040,58.4480
119.0514,46.3040,90.9954,58.2285
