1
195.5108,52.5135,89.0000,65.0000
191.8214,52.3680,89.0000,65.0000
2
0
0
0
0
1
75.8039,149.0785,69.5430,68.3218
70.2126,145.9973,69.5430,68.3218
2
0
0
0
0
1
300.9327,138.2508,84.9901,75.8449
304.2232,140.2900,84.9901,75.8449
308.2970,137.9169,84.9901,75.8449
308.5538,133.5899,84.9901,75.8449
313.9968,130.3599,84.9901,75.8449
323.3629,133.8531,84.9901,75.8449
325.5472,137.9864,84.9901,75.8449
327.7397,143.4257,84.9901,75.8449
321.5522,144.1741,84.9901,75.8449
321.2108,141.3022,84.9901,75.8449
316.9930,126.9163,84.9901,75.8449
308.5736,124.0317,84.9901,75.8449
303.1443,124.4966,84.9901,75.8449
292.5475,126.0096,84.9901,75.8449
280.9820,128.6891,84.9901,75.8449
279.4146,128.7851,84.9901,75.8449
268.8908,130.0204,84.9901,75.8449
259.0569,132.6694,84.9901,75.8449
256.6445,135.0702,84.9901,75.8449
2
0
0
0
0
1
195.1082,137.0820,49.5895,42.2769
198.4355,139.3857,49.5895,42.2769
200.3035,142.6794,49.5895,42.2769
199.5639,144.6037,49.5895,42.2769
2
0
0
0
0
1
317.0145,146.5728,41.7846,41.3066
314.4672,143.6095,41.7846,41.3066
309.3107,141.4278,41.7846,41.3066
308.7281,141.8526,41.7846,41.3066
2
0
0
0
0
1
334.8834,158.4471,34.7680,38.6472
333.3902,160.7292,34.7680,38.6473
334.8690,161.7099,34.7680,38.6473
338.3421,163.0483,34.7680,38.6473
343.8003,164.5350,34.7680,38.6473
346.1184,166.9703,34.7680,38.6473
342.8355,167.9180,34.7680,38.6473
338.8007,168.7739,34.7680,38.6473
335.5341,173.0817,34.7680,38.6473
329.8104,174.8950,34.7680,38.6473
329.8371,174.7687,34.7680,38.6473
331.9336,166.9381,34.7680,38.6473
336.5305,168.3889,34.7680,38.6473
338.3777,167.8373,34.7680,38.6473
335.2496,170.1346,34.7680,38.6473
333.3910,174.5686,34.7680,38.6473
331.4144,177.5773,34.7680,38.6473
332.6735,175.3542,34.7680,38.6473
2
0
0
0
0
1
245.6134,163.8281,39.0974,45.6526
252.6473,161.1395,39.0974,45.6526
256.3712,156.7019,39.0974,45.6526
2
0
0
0
0
1
346.5062,163.5761,43.9029,39.1546
344.0618,159.7719,43.9029,39.1546
346.5726,161.8748,43.9029,39.1546
2
0
0
0
0
1
2
0
0
0
0
1
170.5633,199.7840,40.7017,60.7374
172.0660,205.3722,40.7017,60.7374
178.3783,209.0752,40.7017,60.7374
186.4016,210.1323,40.7017,60.7374
180.6467,206.6118,40.7017,60.7374
2
0
0
0
0
1
325.4277,215.9156,38.6802,80.2378
328.6738,211.5653,38.6802,80.2378
331.6194,200.0069,38.6802,80.2378
337.5365,188.5592,38.6802,80.2378
338.0083,191.3787,38.6802,80.2378
343.1606,189.0820,38.6802,80.2378
349.4684,191.0445,38.6802,80.2378
347.7723,194.9273,38.6802,80.2378
343.3176,196.6850,38.6802,80.2378
341.8276,200.7339,38.6802,80.2378
338.4699,201.4101,38.6802,80.2378
334.5676,203.5105,38.6802,80.2378
331.2708,205.9294,38.6802,80.2378
330.5323,202.0549,38.6802,80.2378
329.6514,191.8659,38.6802,80.2378
328.8111,190.2271,38.6802,80.2378
326.8009,188.5923,38.6802,80.2378
326.7392,185.5179,38.6802,80.2378
331.4837,184.5749,38.6802,80.2378
333.3691,180.2626,38.6802,80.2378
332.5498,177.8904,38.6802,80.2378
328.0678,176.3959,38.6802,80.2378
324.2649,173.9762,38.6802,80.2378
319.7722,174.0100,38.6802,80.2378
318.0862,169.5001,38.6802,80.2378
316.4087,163.1135,38.6802,80.2378
313.9102,158.0016,38.6802,80.2378
311.1238,155.0892,38.6802,80.2378
308.5769,156.3410,38.6802,80.2378
308.2479,157.7122,38.6802,80.2378
308.9413,159.5380,38.6802,80.2378
303.2538,157.0158,38.6802,80.2378
301.5160,155.2062,38.6802,80.2378
301.6578,156.8657,38.6802,80.2378
298.8434,159.7804,38.6802,80.2378
298.3464,155.2531,38.6802,80.2378
298.7783,150.6424,38.6802,80.2378
2
0
0
0
0
1
367.0281,178.0288,62.5500,49.2681
370.1553,175.3035,62.5615,49.2728
367.9965,171.6227,62.5616,49.2729
363.5444,171.7829,62.5616,49.2729
360.2077,172.3760,62.5616,49.2729
361.1614,167.9047,62.5616,49.2729
361.1714,164.1049,62.5616,49.2729
359.3407,159.1162,62.5616,49.2729
360.7866,156.8263,62.5616,49.2729
358.2626,157.8229,62.5616,49.2729
362.9104,157.1437,62.5616,49.2729
