1
294.8712,143.5380,45.4133,149.2231
294.7905,144.1846,46.8907,152.0538
296.0697,143.4619,47.4012,154.8190
296.8120,142.3033,47.7666,157.3622
297.6952,141.7871,47.9528,159.3639
298.4767,141.9057,47.9845,160.4571
299.6887,142.1801,47.8340,160.2700
299.9028,142.2350,47.4900,160.5093
299.8268,142.6097,47.2168,160.6852
298.9842,142.6847,47.0110,160.1867
297.7351,142.3106,46.9237,160.1284
296.2996,142.6393,46.6787,159.3823
294.6322,141.8842,46.2640,159.4053
291.9576,141.5420,45.9835,158.4831
289.9836,141.8633,45.7356,157.7980
287.6408,142.6845,45.5390,156.7959
285.1935,144.6319,45.4486,156.4528
283.5029,144.9820,45.1888,156.3956
280.6411,147.1543,44.9502,155.7133
278.5658,146.1565,44.9436,155.0226
275.0925,147.3069,45.3663,154.8652
273.6435,147.3638,46.1308,153.8814
273.0602,149.9480,46.4141,152.5252
273.5432,152.2509,46.4547,150.4798
272.8466,153.3975,46.6133,149.5913
272.5390,152.5078,46.7162,149.4342
272.5646,152.9270,46.0894,149.1895
271.2169,156.0380,45.5716,147.5520
271.0984,156.0603,44.9382,147.5213
271.0159,157.1590,43.9073,147.7278
270.9910,156.1018,42.9016,148.7054
269.9590,157.6110,42.5647,148.1056
268.8280,158.0168,42.3981,147.8370
267.2563,159.7666,42.0069,146.9110
265.8117,159.0500,42.3126,147.0139
263.8661,160.3056,42.4192,147.3309
262.1494,161.3665,42.6147,147.0642
260.8765,160.9633,42.3856,146.9235
258.9461,160.1945,42.4639,146.5712
256.9957,161.1146,42.3243,144.9593
255.1762,161.2785,42.3264,144.1474
253.8003,162.2440,42.2787,144.3325
253.4084,162.1832,42.3419,145.0408
253.0786,161.6063,42.4660,145.4390
253.9313,161.2246,42.6910,146.2534
254.9781,161.3623,42.5910,146.7426
255.2975,160.6995,42.5794,145.4455
256.3751,158.3918,42.6987,145.9724
257.8661,156.8808,42.1413,147.2576
259.1369,156.2373,41.4514,148.1109
259.2175,156.7475,41.2478,148.5152
258.1597,155.1087,41.7280,148.9347
255.9989,155.0359,42.0307,147.4630
254.7854,154.6945,41.4425,148.0435
253.1380,153.9594,42.2309,147.3418
252.9202,152.9811,41.6816,149.2843
253.1266,148.9503,42.7361,149.0121
253.4679,146.8578,42.4119,152.1317
251.5582,145.0222,43.8240,153.5073
248.4697,141.6628,47.3307,153.7967
245.1711,139.7953,50.7869,153.8611
244.0412,141.4366,52.0195,153.4402
243.2913,141.9492,52.4767,152.2829
242.4698,141.0066,51.9671,151.1512
243.7620,142.1489,51.3930,150.5704
243.2273,141.4111,51.7986,149.4033
242.7754,141.4993,51.7682,147.9056
243.1536,140.5480,51.6078,146.3827
243.1593,140.2198,52.2314,145.5858
243.2824,139.0970,52.7723,146.4680
242.9984,139.1368,53.1586,147.1044
243.9072,140.5039,53.6196,147.5383
244.0331,142.6751,53.6223,147.4836
244.4609,143.1439,53.6805,146.7166
244.4340,142.4375,54.3412,145.7651
243.6271,143.3214,54.4633,145.2024
243.7965,142.0718,54.6778,144.6797
243.7688,141.4045,54.4838,144.6394
243.9226,139.8972,54.3221,145.2829
244.0877,139.0571,54.7979,146.6477
244.3839,138.1323,54.4530,147.7678
243.3486,138.2445,54.6473,148.5446
243.1076,138.6554,54.4656,149.2197
241.7924,138.6723,56.0584,148.7719
241.0016,139.8638,57.7174,147.6320
239.9665,140.0031,60.1782,145.7436
238.6261,139.8308,61.0316,144.4430
237.3244,138.7511,62.0260,143.4062
236.5267,138.8003,63.1843,142.8781
236.5621,137.5518,64.0892,143.3801
236.3122,136.8442,65.4358,144.2605
236.1675,136.8330,66.5158,145.7314
236.6910,136.0182,67.5146,147.4818
237.5985,135.3983,68.0178,148.6285
238.7731,134.2690,68.3525,150.0625
240.8093,134.3948,67.9543,150.6734
242.6617,133.3643,67.5638,150.6848
244.8972,133.4981,66.4409,150.8057
247.2130,133.6555,65.1865,150.6991
249.0322,133.9390,63.3573,150.7737
253.0698,133.9358,60.8888,150.4799
257.1067,134.4076,57.9544,150.0590
269.3220,135.9736,53.1308,150.0359
272.3432,135.0319,49.0701,152.0824
282.9511,136.4178,45.0826,156.2158
269.1239,143.2695,47.2030,156.9910
266.9937,150.4439,49.5572,158.4259
265.2597,163.1501,53.4462,154.7101
275.8124,143.0301,54.4659,155.1063
281.4814,203.0892,60.2766,146.9374
237.4218,222.0653,76.8712,137.2620
238.4795,231.3412,88.6781,131.1890
238.6527,231.1788,99.5530,126.5310
253.8022,227.0850,109.4588,124.5232
257.5074,224.8388,115.6383,123.3390
257.0136,227.4296,125.1306,121.6269
267.0601,123.0572,109.3585,145.5831
277.2227,121.7083,98.7196,159.8590
304.5930,108.0167,86.7640,176.4101
322.1900,90.1822,80.8946,184.5179
326.2622,83.5988,76.5042,187.0779
2
0
0
0
0
1
279.6413,148.2561,44.0833,98.5421
277.8893,147.7160,45.0973,99.8837
277.5650,147.9182,45.9321,100.9772
277.3817,147.3883,46.6220,102.2847
276.6587,148.7810,47.1084,103.5416
274.2761,147.6350,48.2496,105.5536
273.0504,149.0493,48.7382,107.5516
270.7339,147.9307,49.7882,108.9423
269.2036,148.2981,50.3584,110.7730
269.0173,146.9738,50.3765,112.9455
268.8210,147.1452,50.0717,114.7629
268.8820,146.3549,49.8585,116.5947
268.7306,145.5920,49.7505,117.8706
269.6989,145.9323,48.3653,118.8660
270.4295,145.1160,47.1491,120.2553
270.6040,143.9168,46.6433,120.8012
271.8431,142.8901,46.2844,121.0083
272.9487,142.1121,45.3682,121.9352
273.3651,141.2161,45.0527,122.2776
274.6351,141.1926,44.8876,122.2758
275.6730,141.2854,44.8324,122.2225
275.6536,141.3342,45.0814,122.0872
276.4174,142.1096,45.0540,121.5555
278.2255,143.3779,45.0308,121.7196
278.7654,144.2841,45.2834,121.1327
279.7323,145.4122,45.4090,120.1951
281.0560,146.3604,45.9940,119.2904
281.7421,147.0130,46.5413,118.4676
282.1774,148.1331,46.7128,118.0050
281.5500,148.0129,47.2804,117.6587
281.1838,148.4885,47.2812,117.3566
280.8289,150.4425,47.5500,117.5818
279.2972,150.4886,48.4158,117.9983
278.5450,150.7791,49.1756,118.3557
278.3317,150.0215,50.7265,118.8900
277.8952,151.0410,51.8986,118.9394
278.1815,153.7964,52.4335,118.9206
277.0889,154.2805,53.2100,119.2501
276.8655,155.3348,53.9595,119.6579
277.8631,154.9637,54.9947,119.6677
279.4167,155.3413,55.9997,119.9570
280.7902,157.0496,56.5382,119.8546
281.8542,157.0580,57.1239,119.6714
282.6434,155.4656,57.1763,120.6688
283.8829,154.2147,57.4007,121.6935
284.2719,152.8644,58.1252,121.7140
284.3165,151.8688,58.6507,122.4764
284.3947,153.5728,59.2335,123.1728
284.1460,153.4369,59.9369,123.2037
283.8205,152.2448,60.0127,124.3009
283.7614,152.3201,58.6037,127.2203
282.9678,150.8782,57.9350,129.9763
283.4832,149.2350,56.9533,131.6702
285.4667,150.0806,55.6653,132.5562
287.7699,150.7656,54.4724,131.9691
290.4023,150.0313,53.0928,131.6811
293.5281,150.0997,50.9886,131.5594
295.2087,150.5895,49.3598,130.2918
296.5592,152.2549,47.6780,128.6116
297.2047,154.7493,46.9627,128.0364
296.8562,155.3251,46.1805,128.1512
297.2541,155.9232,45.1256,128.1988
296.4380,156.4192,45.0473,127.8277
295.8629,156.5519,45.1696,128.3380
295.8814,157.3410,45.8307,129.0675
295.8604,156.6790,46.9255,130.1066
296.2575,158.6640,47.4036,130.7220
296.0137,158.4834,48.4344,130.5081
295.5516,158.5295,50.5150,129.5999
294.6420,157.5580,52.2019,128.1163
293.7658,156.2766,53.0888,127.9935
293.4272,156.0134,53.3146,128.3665
292.8151,155.3768,53.5502,128.5938
291.2104,154.4062,53.8387,127.8306
290.6285,152.8284,53.7032,126.4557
291.7598,149.9356,52.4610,126.1103
302.7613,148.6089,53.3173,126.6320
303.6469,146.0376,54.0930,128.0297
305.0949,142.4131,54.2274,130.3171
306.8623,138.0406,55.0354,134.4494
306.3180,135.2132,56.2554,136.5830
306.2472,133.4610,56.6955,138.4252
304.2903,132.0913,58.4603,139.0178
300.9234,129.5448,60.1496,139.9238
297.2483,129.4568,62.4700,139.4945
294.5883,128.0685,64.1447,140.0294
292.1682,131.4726,64.9983,139.6438
290.3354,134.4737,65.5320,140.4147
288.8715,135.4547,65.5060,141.2448
288.1876,134.5924,64.3488,143.0807
288.5843,139.5426,63.4243,142.9763
288.7702,142.7849,62.6451,143.9103
286.2533,145.4154,64.3118,142.2122
301.7655,150.6067,63.3364,139.9523
304.8490,152.9391,62.7829,136.7022
307.6115,153.2493,61.2978,135.1821
308.6899,152.9301,60.9207,133.3694
309.0546,155.0095,60.4095,131.8207
308.7547,155.0198,60.2123,130.8661
309.0905,155.0712,59.7061,130.7672
310.4658,154.4482,59.3141,130.1978
311.2069,155.6856,58.7035,130.0102
311.4161,156.0538,58.7680,130.3910
312.1411,156.1983,58.5623,130.7634
313.0298,156.6303,58.2807,130.6871
313.3146,157.1596,58.3973,130.1573
316.5943,157.4999,56.4964,130.2028
319.8844,158.9260,55.1586,129.4050
322.3320,159.6402,54.9051,128.3053
324.5310,158.8956,54.4790,127.5601
326.9299,158.0021,53.9984,127.5497
328.3872,157.7035,53.8821,127.8643
330.6303,159.5145,53.7376,127.3881
332.0816,158.6971,54.0336,128.3134
334.0815,159.7690,54.4739,127.3438
336.2974,160.2675,54.8541,126.9608
337.7385,160.3080,55.4140,126.3472
339.0876,159.9241,55.9990,126.4541
340.5481,160.8715,55.9045,126.7841
341.8518,161.3488,55.4287,127.4359
343.0139,163.5300,55.1657,126.3570
343.2899,163.3048,54.8359,125.5112
343.9311,161.9882,54.3352,125.5267
344.4087,161.5151,54.4914,124.6685
346.2987,161.2677,54.4847,125.1740
348.6465,162.0497,54.3976,125.5673
351.5688,161.8867,54.0191,125.6763
354.7211,161.4892,53.6431,126.0682
357.3828,162.2871,53.5779,126.7455
361.2570,162.1595,53.3924,128.0583
363.9764,162.4494,53.6289,129.8959
368.2434,160.7531,53.1954,131.7803
372.0224,160.3704,52.5081,133.5876
375.8397,159.1146,51.9724,135.0738
379.5254,159.7803,51.0231,136.1564
382.7129,159.0493,50.4001,136.7576
385.3539,159.1554,50.0311,136.7039
387.5275,159.8908,50.0422,135.8681
389.1586,160.6708,49.9895,135.0588
391.3836,162.1638,49.9948,134.9426
393.1332,162.4017,50.0427,134.6582
393.6779,162.4659,51.2252,133.9598
394.3715,163.7915,53.2406,132.8365
394.9160,164.8746,54.9987,132.5914
395.6853,167.8374,57.5232,131.1964
395.7351,170.2518,60.0922,131.2935
396.8401,173.0120,61.9745,131.3580
397.3261,174.7231,63.1894,132.6867
398.5292,174.6169,63.8435,133.5635
400.0899,173.9091,65.0514,134.1496
402.7948,173.1015,65.6814,135.1263
405.9353,171.6061,66.4815,135.7648
408.8882,169.7383,66.4341,136.5699
411.9367,166.6406,67.0158,137.0603
414.9855,165.3753,66.4416,137.5593
417.9853,163.9836,65.0151,138.5960
421.9039,161.5728,63.1249,138.6872
426.2661,161.9221,64.3401,134.8176
427.4049,158.1121,63.0940,135.3971
429.4687,158.5990,63.2619,135.1612
430.1591,159.1992,63.1412,135.0250
430.2055,158.9034,62.5804,135.2679
429.8679,158.5605,62.7156,135.4168
429.0084,157.7638,62.6545,135.8344
427.2943,157.7122,62.9615,135.6722
426.5045,154.9244,63.1777,135.9988
424.4083,157.1053,63.1156,136.4571
422.7668,156.3692,63.9210,137.3011
419.7665,157.8488,64.1129,137.6632
417.7802,157.7540,63.8231,138.3456
415.1090,156.2555,63.8328,138.8185
411.9653,158.7038,64.4204,139.8999
409.7366,156.7412,64.4010,139.7897
406.3143,156.9816,64.8261,140.0031
403.7169,158.2566,65.1552,139.3132
400.5219,157.7623,64.9762,138.7673
398.4116,155.9157,64.3788,137.3262
396.7667,156.4818,64.2504,136.5642
394.5844,156.5713,64.2373,135.2219
393.3348,155.8884,64.6805,134.5598
392.3380,155.1246,65.0694,133.8146
391.6818,156.1329,65.1910,133.2253
391.3879,156.1947,65.3362,133.3353
391.9157,155.7331,65.2602,133.1966
392.1846,156.4601,65.2300,133.4696
391.9700,155.5233,64.9296,133.7684
392.5694,153.6231,64.6578,133.5292
393.4583,152.6908,64.5120,133.5387
394.2789,152.6100,64.1612,133.5535
394.9512,152.6510,64.0686,133.9977
395.1728,151.5542,64.3919,134.4455
395.8279,150.8868,64.7013,135.1549
395.3566,150.9981,65.0034,135.7633
395.4608,149.3314,65.4725,136.7423
395.3805,150.1354,65.1350,138.0155
397.1411,150.1260,66.6382,137.8823
397.1559,149.4374,67.2700,137.2487
396.2569,150.2483,67.1067,135.8960
396.3520,148.5118,66.8057,134.7687
395.4696,146.6308,64.5006,136.0685
395.4935,145.7017,65.6869,133.4921
395.7868,145.2561,62.2610,137.3834
396.7619,145.2132,59.2010,140.5543
397.7610,145.1065,56.4865,144.4209
398.4675,143.0607,55.0081,145.5527
400.0132,142.8012,53.3558,146.2898
401.9769,142.9371,52.2233,146.4353
403.0316,141.2697,51.2335,147.0816
404.9059,141.7396,49.9004,148.5890
405.5470,141.5506,49.9299,149.9531
406.0151,139.7925,50.9808,151.6266
407.6351,139.9572,51.3235,153.6031
407.2122,139.1868,51.1921,155.3516
409.1551,136.8904,51.9125,156.7221
411.6390,135.9016,51.5507,156.8790
413.5497,135.0792,51.1579,156.8558
415.1378,135.3712,51.7142,157.2898
416.2183,134.6267,53.0232,156.1632
415.6248,134.5465,53.6107,153.9477
414.1730,135.9874,54.3922,152.4935
411.0703,135.5755,54.9963,151.7699
409.6940,135.0438,55.1109,151.7917
406.8625,135.9696,55.8945,151.9010
404.1815,135.1613,57.1510,151.9966
402.0305,133.5724,58.6397,153.0153
398.0747,132.2572,59.0139,154.7541
393.6695,131.8365,59.5293,155.6482
391.1671,130.5801,59.4588,157.4647
388.1645,130.3532,59.6118,159.0410
384.9724,129.2305,59.5756,161.1067
381.7338,127.4643,59.2397,162.5344
379.9142,125.8405,58.7509,164.5023
377.2372,125.0066,58.0483,165.6905
374.9102,124.9235,58.0218,167.0563
372.9931,124.4151,58.1466,167.9637
370.8694,124.4090,58.1094,168.1957
369.9818,123.4642,58.1254,168.2504
368.4634,123.7545,58.9641,167.4175
367.4945,122.4058,58.4468,166.3649
366.2733,122.2190,58.0384,165.5543
365.5192,121.8299,57.5161,164.7085
365.0385,120.4758,57.3035,163.9334
363.9741,118.8111,57.5329,162.6186
362.7061,117.5844,58.1641,161.7797
362.0098,116.6394,59.0240,160.8623
361.5811,116.1474,59.6016,160.4653
360.0791,116.5919,59.7346,159.3676
359.2962,116.8414,59.9426,158.5030
358.2582,116.8141,60.1945,156.6712
357.1659,116.8484,60.0817,154.7452
356.1352,117.6328,60.1487,153.3685
354.5896,117.5300,60.8711,151.8690
353.6581,115.7503,61.2932,151.0741
352.6808,117.1891,61.9555,150.0019
351.2557,117.4874,62.4037,148.8676
350.8286,117.8684,62.4270,148.3503
348.9510,117.6717,61.6962,148.2587
348.5508,117.7627,60.9619,146.9615
347.6861,118.4654,60.2252,146.8357
346.9742,119.9177,58.8881,146.8288
346.8127,121.7493,57.4045,145.9024
346.2457,123.0378,55.8883,146.4406
345.1682,125.0150,54.4949,145.6084
344.4002,125.1561,52.9911,145.9872
342.7790,126.1588,52.3609,145.5609
341.8675,126.4631,51.6047,145.0623
339.6963,125.0259,51.2923,145.9103
336.5670,126.2378,51.2722,146.7453
333.7241,125.5631,51.4249,146.8656
330.2621,123.9700,51.7663,147.9420
328.5593,121.4214,51.4170,148.4566
325.6700,119.3468,50.7255,148.9385
322.2892,118.5144,49.8107,149.5093
319.8467,119.0681,49.0333,150.3020
317.8378,120.4731,48.4708,151.4184
313.8075,120.5913,48.3709,149.7410
309.7328,123.1210,48.3808,147.9209
305.9997,123.0204,48.2589,145.4309
301.7018,123.8985,48.6830,143.2732
297.2314,122.7748,49.8014,140.6991
294.1626,124.0808,50.7675,138.1120
290.2026,124.5491,52.2747,135.4218
286.2975,123.7043,54.1523,132.3462
283.7850,123.4942,54.9663,129.3175
282.7012,124.1498,55.3321,126.3654
283.8273,124.1386,55.9783,123.0797
281.1077,124.3350,57.0598,120.0444
278.5260,124.9224,57.5798,118.0041
277.1833,126.5424,57.7635,116.1737
274.6908,128.4510,57.6726,115.3690
274.4710,129.0226,57.3944,115.6316
276.3209,130.3781,57.3436,115.6262
276.1166,131.7027,57.2557,116.7199
276.7278,132.0151,56.4616,117.7581
278.5525,133.8918,54.8230,120.2323
277.7188,135.4242,54.9809,122.4064
277.4367,135.8451,54.3167,125.4202
276.4920,135.2617,54.2118,128.1549
273.9292,136.4367,55.0824,130.3108
272.5571,134.8522,55.3582,133.8727
269.5534,136.2546,56.0309,135.5657
267.2346,135.3985,56.7347,137.1398
265.4809,136.2354,57.7297,137.9815
263.0168,136.6088,59.0677,137.8492
261.3950,136.4055,60.1695,138.0368
260.3149,138.0350,60.9734,137.6988
260.0542,137.7252,62.1812,137.2301
259.5600,139.5764,63.3630,136.3883
258.8513,141.5751,63.6985,134.8061
258.9470,142.7222,63.3958,132.7890
259.4623,143.3001,62.5030,130.7770
259.6862,145.0649,61.8970,129.5625
259.4547,145.4288,62.0360,129.4369
259.7816,146.7680,61.7891,130.3725
260.5662,148.1467,62.0304,131.6306
260.9493,147.5846,62.0252,133.2798
263.1155,148.3753,61.5774,134.3422
264.9673,147.7838,61.2641,134.5798
267.0959,147.5532,61.0578,135.4626
268.1606,147.5342,60.4962,135.6383
271.7061,147.2632,59.4879,136.7948
274.2809,143.7496,58.2689,137.2410
276.7010,144.3343,57.3183,136.7934
278.4429,141.9378,56.5377,134.7334
278.7221,141.9232,55.6652,132.7562
279.0703,140.3380,55.2350,132.1701
278.3470,136.1116,54.7876,131.3582
276.7223,135.2984,55.1962,129.8811
274.9141,137.0073,55.1153,131.4020
274.0067,139.3770,55.0065,131.8599
272.8025,134.8504,55.3321,131.5112
271.6792,137.3284,54.8001,134.0816
269.9544,139.2203,54.9010,135.5619
268.3845,136.1485,55.3718,132.8010
266.4299,137.4576,55.3176,133.3408
264.0072,137.0747,54.8050,134.0484
261.8734,125.4412,53.9036,135.6671
259.7791,126.2228,53.4940,136.0612
257.0424,130.8083,52.9633,136.0495
255.5862,123.4472,52.7255,136.3062
253.9086,126.3656,52.6171,137.0607
252.2798,129.6689,52.3207,137.7262
250.7719,127.9740,52.1429,140.2864
249.5833,126.1300,52.3520,142.0448
258.1093,118.2675,53.4814,141.4040
254.3128,127.1972,53.7459,144.0428
250.8298,131.3533,54.5197,143.6569
250.4679,122.8206,54.4784,144.1680
250.6421,138.5948,54.7902,144.1866
260.7108,116.0469,55.0644,145.1905
258.2990,118.8371,55.3331,145.7422
256.4276,136.0513,54.8568,146.7304
257.1807,126.8166,53.7235,147.8145
258.8112,115.5516,53.3554,149.0239
259.5910,117.4890,52.8609,149.5227
259.1923,116.4288,52.6292,150.1310
258.5620,118.6761,52.7730,149.1241
257.5662,125.8848,53.1071,146.2808
256.8483,118.8493,53.7120,144.9016
256.1104,113.1868,54.2333,145.1618
254.9198,117.1873,54.3255,144.0687
254.3867,111.7105,54.7097,144.5603
252.6433,116.1556,55.6767,144.0903
252.0021,106.9579,55.2791,145.8120
250.5161,100.6244,56.0405,146.6184
248.7212,104.1674,56.1695,146.6667
246.5704,103.5603,56.4151,147.6496
244.1908,102.7281,56.2209,148.8492
242.3351,104.5916,55.8164,149.1140
240.3148,121.6088,55.4798,149.3150
238.8215,123.0869,53.9413,150.2483
240.0717,118.9407,52.4319,152.1746
239.8022,119.3619,51.8801,150.1647
240.2255,123.7656,52.3999,146.3622
242.1390,127.8276,51.5494,147.8009
243.5538,124.0211,50.5619,148.2786
252.3738,122.6617,51.1938,147.9918
250.0330,118.9143,50.9678,149.2259
246.5098,115.7646,52.2036,147.2779
246.7027,92.4426,52.4731,148.4094
257.2900,89.3397,53.4319,147.2232
254.5321,88.2337,54.2415,148.7990
252.3886,89.7673,55.2777,150.2525
251.7028,83.9134,55.9373,149.4021
251.1877,83.1581,56.0183,150.2805
251.0991,86.4091,56.4738,148.1922
252.0571,88.4262,56.0579,147.5891
252.4315,90.7754,56.1470,145.8647
252.3544,91.8711,55.5152,144.9882
252.8201,90.5624,55.6829,139.0704
253.2950,94.7127,54.6490,138.3417
253.4463,94.7729,54.9813,133.6659
253.7661,94.2498,54.5089,130.4287
253.6284,94.5711,53.8776,127.9878
253.1431,94.2905,53.1461,127.0900
252.8031,94.4827,52.4191,126.7754
251.7859,95.3457,52.3838,126.0281
251.3480,95.6608,51.3398,126.1366
250.0578,93.3166,51.1949,126.1088
249.7680,92.2026,50.7540,125.5612
249.0878,91.1940,50.3521,124.4618
248.4884,90.9713,50.1500,123.6310
247.1787,89.1634,50.1524,122.7063
246.0738,85.8017,50.4968,122.0766
246.5668,85.3173,50.2725,121.6951
245.2107,81.5515,50.4644,121.2284
253.5609,77.5487,51.6763,120.2335
249.6759,76.9027,52.6764,121.6027
247.1135,73.0747,53.3010,120.3427
244.4552,76.2494,53.3295,120.7384
241.9436,79.1925,53.3802,121.6223
240.2959,75.5286,53.7748,121.3832
240.4058,69.2671,53.1781,122.0753
240.5150,65.1475,52.8158,121.0252
239.7985,62.5910,52.9030,119.5075
238.0872,61.2447,53.3919,117.1320
236.4920,59.9139,53.5462,115.2821
235.1753,59.0115,53.6190,114.2676
235.2387,59.5814,53.3800,113.6397
232.8230,65.5880,54.6808,113.6778
230.1634,66.2721,56.1172,112.0731
227.5970,64.4899,56.8445,111.1984
227.6383,61.3182,56.7694,111.2396
225.5485,60.3681,57.4083,110.4005
225.6151,58.7390,57.2582,109.1761
224.8096,57.9552,57.4480,108.1139
223.6702,57.3717,57.9275,107.6966
223.0817,56.8253,57.6427,108.3633
224.5200,54.9618,57.3683,109.1139
225.9638,51.4082,57.1360,110.1813
227.1632,49.1280,57.3507,110.6123
227.1613,45.1612,57.7802,110.0135
227.0473,44.0029,58.0693,110.2924
226.1324,41.9203,58.1364,110.9236
224.8346,39.9451,58.1824,111.0025
224.1029,39.6303,58.2146,110.7099
223.1243,38.6527,58.2316,111.1558
222.3197,37.4399,58.3375,111.1827
220.7453,37.3268,58.3931,111.9781
219.9855,37.4507,57.8596,112.5925
219.4351,37.2152,57.8063,113.1827
218.9642,37.2297,57.4224,113.5591
216.6942,37.1245,58.0743,114.1006
216.3074,36.4881,57.0634,114.6209
216.8305,35.7601,56.3605,115.8095
215.2912,34.7300,56.7540,115.6521
212.9005,32.5885,58.0497,115.5998
212.0143,30.6797,57.8283,116.5054
210.4594,29.7572,58.2702,115.7134
211.6661,27.9432,57.5998,116.3772
213.5615,24.5227,56.8721,116.2644
214.0539,23.6573,56.0414,116.0566
214.0932,22.1441,55.6082,116.9110
214.3880,19.5991,56.0539,117.5795
216.1331,20.2531,55.8546,118.0524
213.6897,18.5441,57.1114,119.1805
213.6802,18.0832,58.1931,120.8927
213.4187,18.7205,59.0785,122.9813
213.3500,19.1769,59.3954,124.6947
213.1744,20.3063,60.0359,126.7628
214.2812,21.2957,60.0186,128.7739
214.7625,21.4707,60.0119,129.8251
215.2046,22.0901,60.2056,130.6516
216.4398,23.7268,59.7859,132.6273
218.2103,23.8899,59.5765,133.5340
217.4089,24.2047,59.3352,134.7230
217.4747,25.7090,58.9234,134.8053
218.7880,26.6815,58.0608,134.1402
219.4185,26.9828,57.8405,131.9808
220.7294,26.8890,57.3806,130.2905
220.3884,26.2539,57.0054,128.0849
219.8194,27.9266,56.0023,126.4970
220.9711,27.4523,54.5592,125.5461
221.6658,27.0227,54.0550,124.3575
221.6860,26.6473,54.0829,122.6447
220.9449,26.4472,54.4119,121.5939
220.9189,26.1369,54.5551,122.0176
220.0065,26.8935,54.7573,122.4277
220.7119,26.5643,54.5737,123.3734
220.4669,28.3743,54.4905,123.2684
221.8818,28.6652,54.3003,122.5465
221.6614,30.0559,54.2921,122.7349
222.6303,32.8039,53.3972,122.2341
223.4863,36.1136,53.0108,121.8046
225.1848,39.1738,53.2021,122.1795
225.9943,42.4003,53.5442,122.1750
226.5997,45.8551,54.0477,122.9473
227.3970,49.6990,54.3785,124.2626
227.4702,51.9607,54.8937,124.8681
227.7374,52.6717,54.9326,125.7191
227.7443,52.9767,54.6509,125.7119
229.3212,51.8921,54.2175,125.9463
231.1691,52.2167,53.8001,125.3084
239.6654,53.0424,54.4231,124.5409
239.7890,49.3150,54.5196,123.8964
240.7273,50.0925,53.2933,125.3455
249.1141,45.4875,54.0056,124.8095
247.1077,47.0810,54.4954,123.6692
255.3848,46.6729,54.7445,122.5823
253.2354,50.2395,54.3172,124.5442
252.5979,51.1793,54.1229,126.9402
260.0591,52.2567,54.8482,128.0112
257.3452,47.6547,55.7292,128.2742
254.8627,38.1992,58.3060,126.2059
253.5575,39.6443,59.3432,126.0377
253.0027,38.7234,60.2944,128.4028
251.5712,34.7816,62.1948,130.8024
251.2447,30.7009,63.2307,133.8654
250.5125,24.7956,64.7994,137.6665
250.0430,17.5092,66.9984,141.1669
249.7469,10.7721,69.3444,142.5708
251.8381,6.3409,70.7084,142.5534
253.4596,6.0180,73.1404,143.5517
255.7965,6.0649,74.9815,146.8556
256.6571,6.3568,77.5146,149.2869
257.6783,6.9008,79.7182,153.9311
260.2238,5.9693,81.2650,157.2670
262.0828,3.8930,83.4246,158.5866
264.6736,3.4950,85.0195,158.3781
268.9593,3.9417,85.0205,157.9492
274.3611,4.3015,82.6041,157.3433
279.5033,3.9241,81.7276,156.7611
285.0710,2.4253,80.6052,156.0233
288.9208,2.3498,80.0840,155.6977
292.4304,0.9865,80.4203,154.3007
297.1320,1.1085,78.7749,153.2306
299.5732,1.6768,78.0620,153.8780
301.2166,1.6558,77.8700,154.0951
304.7040,2.1998,77.2438,154.3231
307.3833,1.8119,76.7197,155.0354
310.3575,2.3663,76.1248,155.3772
312.5892,1.2139,75.7381,156.3615
315.0815,3.0027,75.5180,157.1123
316.9432,1.8092,75.4395,158.7098
316.7640,1.3382,75.6547,159.9433
319.2079,3.1709,75.2067,160.0245
321.1696,4.0119,74.8252,160.8537
322.1005,3.9788,75.2159,160.5714
323.2256,4.3570,75.7974,160.1710
324.2953,4.3218,75.0336,160.7637
326.4872,4.6292,74.5053,161.3232
328.1862,4.8104,74.0168,161.5132
329.7623,6.7616,73.5541,160.9022
330.0421,4.9795,73.7580,160.3178
330.9041,5.3305,73.3464,159.4764
330.4554,4.9932,73.7567,158.4602
328.7529,3.6511,74.0960,157.0856
327.7409,3.1733,74.9329,156.6245
327.9002,3.8531,75.7279,156.4090
327.2704,3.8491,76.0499,154.7852
328.4836,3.9374,75.9559,154.0734
328.4224,4.3458,75.7482,152.8249
326.0734,5.4253,77.0940,150.9140
326.6494,7.6265,77.9466,148.4398
324.5580,8.8685,78.4287,148.0215
324.3371,12.1974,78.0867,147.8041
324.9056,13.8216,78.1261,147.4955
324.2517,14.9107,78.6461,147.4187
322.5859,15.9473,77.4786,148.6935
322.5364,16.7504,76.4552,150.3244
321.4582,17.2366,75.7065,151.8315
321.9659,16.9132,73.4655,153.2459
322.1985,16.8488,72.8988,153.4216
321.7134,14.7112,72.8139,153.4210
323.2113,16.4038,72.4549,153.0498
323.6499,15.6276,71.9820,153.0988
324.8792,15.7238,71.1043,152.8807
326.3383,16.7886,70.7291,152.5001
328.5498,16.8831,69.2430,152.6319
329.5009,16.3681,68.3633,153.0573
331.0241,16.8604,66.7478,152.8402
331.8475,16.5298,66.0739,152.7131
331.8289,16.2425,65.6988,152.2019
331.2321,18.3606,65.8604,151.2996
330.5404,19.1376,66.1412,151.4191
331.1642,21.9352,65.5175,151.1110
331.2754,24.0559,64.9795,150.5529
331.6039,25.2271,64.3303,150.0431
332.9235,23.5516,63.5483,149.8674
333.5702,21.7215,62.6558,150.2907
333.7472,19.4434,62.6202,151.2166
333.4643,17.1588,62.5936,151.1792
333.2443,15.9786,62.4795,152.5904
332.7333,11.8584,63.0339,153.4937
332.0502,12.9353,63.4967,155.7120
331.3714,8.8836,64.3532,157.1032
330.5894,8.4948,65.8521,157.0667
330.3225,7.8583,67.1080,156.5128
330.4008,7.6511,68.1870,155.2987
330.7619,8.3966,68.9443,153.8302
331.6666,8.7284,68.6716,153.3069
332.5759,9.6707,67.8460,152.4952
333.0868,10.2332,67.2831,151.6731
333.9667,11.3644,66.3419,149.9077
335.1227,12.1111,65.2507,148.9836
335.5949,9.4529,64.3995,148.1699
336.7501,8.9104,63.8965,146.2031
336.3470,8.0803,63.5673,144.4389
336.2867,8.5691,63.1621,142.6643
336.1976,8.8212,62.9312,141.2066
337.8908,10.1678,62.4266,140.4661
338.0289,10.1449,62.4571,139.4498
337.8880,10.4517,62.1751,138.6406
337.8095,10.2777,61.9718,138.3031
339.1499,10.5305,61.0728,137.7939
340.3824,10.1834,60.6949,137.5737
340.0612,9.7662,60.9338,137.5427
340.7342,11.0527,60.6651,137.1556
341.1902,12.1513,60.3057,136.9007
341.7648,12.4618,60.7633,135.4518
342.7675,12.4418,61.0641,134.1201
343.9359,14.1423,60.6056,132.7879
344.9356,15.2430,59.8950,132.9469
345.3337,16.1950,59.5364,133.6067
346.7873,16.0942,59.0308,134.9601
348.5042,16.8385,58.4676,135.0204
349.2569,17.6377,57.9234,135.4984
350.5771,16.7519,57.4235,136.4852
351.7839,17.5558,56.8373,136.9738
353.9553,17.9763,56.1822,137.5369
354.0132,16.5715,56.5213,137.4573
354.5230,16.4767,56.6723,136.6690
355.3931,16.7886,55.6999,136.6843
355.0099,16.3271,56.5232,137.1218
355.6098,17.6502,56.3207,138.3781
356.6161,16.8846,56.1950,138.4929
358.0035,16.4266,56.0610,139.1334
359.3182,16.5688,56.0283,138.6700
360.4054,17.8638,56.3166,138.3499
361.1035,16.7475,57.0532,139.3899
361.2246,17.2264,57.9493,139.0108
361.4169,17.1757,58.9978,138.8541
362.7218,16.5980,59.1510,139.5645
362.8996,17.9892,59.3203,139.6928
363.1322,16.7849,59.3277,141.2244
363.8729,15.6287,59.8764,141.9356
364.6884,14.8819,60.7775,142.0423
365.4814,15.0009,61.5763,142.0150
366.1682,14.6691,62.4632,142.5061
367.3947,12.7924,63.1580,143.1797
369.0151,11.9474,63.4757,144.0024
370.6729,10.0151,63.3673,144.7940
372.6752,10.7534,63.1996,145.0223
373.6504,10.6288,63.4296,145.9806
374.5240,9.4544,63.2122,146.4146
375.0623,10.3800,63.2652,145.5426
377.0204,11.6876,62.5051,145.6577
380.4159,9.6683,61.2619,147.0358
382.4630,8.2020,60.5568,147.7893
382.2125,7.2394,61.3164,147.6155
383.6785,6.7742,61.5279,147.7467
384.4792,8.0068,62.4188,147.4983
2
0
0
0
0
1
341.8691,43.7222,31.3091,123.7137
339.0246,41.5653,31.4109,125.7198
337.1069,41.3595,32.1745,126.1135
336.2202,39.0722,31.6923,125.5198
334.8382,38.8653,31.6657,126.1976
334.1516,37.9586,31.5168,126.6849
331.7389,37.3787,32.1484,126.9375
329.1940,36.5971,32.8025,127.0163
326.8501,36.1397,33.8266,127.0093
324.3706,36.6486,34.8380,127.3645
324.6880,35.7916,34.6692,126.3592
323.0490,37.3852,34.6437,126.6342
321.6582,37.9262,34.6613,126.6695
321.3300,36.9711,34.3006,126.6617
319.0322,37.8735,34.7077,126.0351
318.5513,38.0941,34.2498,125.4061
315.6969,38.2902,34.5995,124.7209
315.2087,38.2641,34.3040,124.5281
313.5411,38.5987,34.5450,124.2864
312.2793,38.6221,34.9189,124.2072
310.6731,37.7981,35.1627,124.2683
309.8046,37.1146,35.5207,124.1754
307.0801,38.4708,35.7434,123.7486
306.7950,38.3325,35.3598,123.0786
304.7407,39.4550,35.0848,123.2533
305.0471,39.1721,34.4909,123.5165
303.0203,39.4604,34.0216,123.6598
300.9116,40.3928,33.8433,122.5912
299.6363,41.0949,33.8665,122.1456
297.9768,42.3842,33.6037,122.2291
297.0355,42.6236,34.0190,121.9375
295.0152,43.4121,33.3918,122.4845
292.4020,44.3777,33.9104,123.1422
290.2569,43.5776,34.0567,125.0079
286.2367,41.8844,35.9376,125.7177
282.7509,44.3432,37.9454,126.1797
279.5402,44.3898,39.7946,127.1820
279.3272,45.1210,40.4838,128.2196
279.1807,45.1599,40.9835,128.7134
279.9229,45.0062,41.1561,129.1615
281.1923,45.9887,40.8574,128.8812
280.8242,48.4968,40.5966,128.1117
280.8730,50.4816,40.4170,126.7689
280.0259,50.7851,40.4630,126.5252
279.4289,50.5816,40.3933,126.2555
279.7880,52.0917,40.1897,125.1345
279.8270,54.8761,40.1947,123.2517
280.1612,56.4069,39.7094,121.3682
281.2372,58.9510,39.1220,119.6778
281.2265,60.8137,38.9369,118.4802
281.1778,61.3620,38.2576,117.1674
280.9405,63.4571,37.6555,116.0117
281.2988,62.1717,36.4535,115.7493
280.9321,61.1240,35.4782,116.3562
280.6349,60.9100,35.0097,116.8478
280.1690,59.5755,34.8103,117.0936
281.4031,58.2218,33.8385,117.8850
281.8252,58.2384,33.2591,118.4211
282.6649,56.4298,32.7585,119.3054
282.9156,56.4857,32.3927,119.7834
283.0875,56.9736,32.3324,120.1643
283.4145,55.3389,32.4329,121.4333
282.9732,54.6176,32.8824,122.1536
283.4305,55.0290,33.3600,121.5316
282.8556,54.4452,33.6541,121.4827
283.0701,56.4118,34.3919,120.6127
283.4630,54.3195,35.6669,120.2705
284.5238,58.6626,36.7015,118.4683
285.8234,56.0728,37.5740,117.9724
288.5016,57.9135,37.9713,116.2108
290.9858,59.7836,38.2885,115.6364
294.7676,55.8065,37.2893,116.0810
297.9489,57.8870,36.2235,115.9267
300.8900,56.1946,35.0546,116.4654
304.1463,56.6321,34.0054,116.8842
306.1480,55.7890,33.1012,117.3450
307.5656,55.4673,32.4052,117.3114
309.4458,54.3319,31.5331,117.4420
310.8599,55.2035,30.9940,117.6562
312.8503,53.6217,30.7434,118.7381
315.5474,54.5361,30.4316,119.6176
318.4356,53.6603,30.4409,120.6332
320.1039,54.8282,30.4914,120.0302
322.0068,53.1752,30.8125,120.0543
323.5279,53.8771,31.1372,119.9640
324.0087,55.0386,31.8870,119.9685
325.2468,54.2235,33.3469,120.5253
326.2630,55.5645,34.5457,120.5195
326.9004,52.9037,35.4520,121.0776
328.4454,52.3671,36.3509,121.7500
330.5785,51.2624,36.4515,122.0245
332.8460,50.7544,36.9703,121.9045
334.1365,51.5930,36.8789,122.3130
334.2474,52.5270,36.9688,122.3821
333.9325,53.1309,37.2049,122.5702
333.7131,52.7970,37.5391,122.8914
334.1532,54.1659,37.7470,121.6393
333.5706,55.4208,37.5608,120.7070
333.8454,54.7651,36.9006,120.0913
334.0143,55.5874,36.4138,120.8828
333.2413,50.3870,37.0836,122.4063
332.0039,51.8680,37.2209,122.0490
329.7271,51.4212,37.9716,122.7813
326.6678,48.1884,38.5291,123.9066
323.3985,46.3394,39.2977,126.2788
331.0696,49.6887,40.1083,126.7373
327.6736,45.7336,40.4452,129.1270
322.9369,43.7829,40.8373,132.6112
319.5248,40.1013,41.3832,134.6926
323.5074,39.8407,42.4502,135.3305
319.6888,39.0113,42.9271,135.6685
354.6964,51.7252,40.6335,128.9609
357.6637,55.4608,39.0452,124.7284
360.8790,57.1397,37.2234,120.8586
365.0503,58.2304,36.2496,118.1981
367.8923,61.0836,35.3749,116.0853
371.1033,60.8387,34.6205,114.2955
374.3500,61.3730,33.5230,112.2906
376.6271,61.7228,32.8524,110.1439
379.0320,61.1181,31.7681,109.5758
381.9210,62.0992,30.6137,109.0522
384.2670,62.8750,29.8814,107.8490
387.1228,63.1447,29.1204,106.6860
388.5663,64.4458,29.0221,105.8260
391.2134,63.7099,28.9126,106.5425
393.6512,64.2516,29.1445,106.9510
395.2262,63.3643,29.1117,107.6188
396.4557,62.5681,29.5867,108.3967
397.7596,62.7879,29.2399,108.2682
398.6418,61.8943,29.4526,108.8305
398.7421,61.6016,29.6587,108.6703
399.6097,63.8378,29.6678,108.8229
400.0690,64.9647,29.7925,108.3624
399.8667,64.9686,30.5475,108.3069
399.3259,65.3084,30.8944,108.6498
398.2390,66.2013,30.9189,108.8030
397.7898,66.2710,30.7241,109.0232
396.9026,67.0030,30.5856,108.8162
395.3454,69.1690,30.5401,108.2492
394.2291,69.4402,30.2160,108.5131
393.1164,70.4991,30.2957,107.8378
392.4867,71.1598,30.3070,106.9737
390.5426,72.5750,30.4797,106.5595
390.1403,75.8395,30.4338,105.6461
389.6450,76.0284,30.5045,106.2542
388.3102,79.5815,30.7646,104.9988
388.5665,80.8986,30.4674,105.2814
389.8424,84.5956,30.1918,104.9140
390.5728,84.6371,30.0406,105.3164
391.7786,85.3247,29.4200,106.1572
392.7435,85.3364,28.8522,107.1625
391.9041,87.4336,29.0210,106.4391
391.6819,87.4222,29.1440,106.1392
391.0701,90.3651,28.5302,105.4950
390.4987,90.7211,28.9635,105.3317
390.2785,94.2660,28.3146,104.9803
389.7798,95.3246,27.7658,105.5173
389.6361,96.3032,27.5566,105.9107
388.4583,98.9270,28.1906,105.0777
387.5876,98.7353,28.6156,105.5225
387.2709,99.2309,28.8446,105.7986
386.3245,99.8958,29.1125,106.5335
386.2515,101.4643,29.0846,106.4736
386.3538,101.3471,29.4059,106.8611
385.8936,103.7436,29.7347,106.2052
386.5563,104.4304,30.1060,105.5102
387.4117,104.8314,30.6411,104.5559
387.9466,106.4799,30.5414,103.7196
388.6859,106.3037,30.6555,103.7202
389.5069,106.9910,30.8070,103.1293
390.3805,107.0404,30.9795,102.8021
390.9197,109.0077,31.1050,103.0735
392.0682,107.7772,31.0132,102.9302
392.1943,111.1752,30.9379,101.4024
392.6823,111.9176,30.5313,100.9180
392.7517,111.4586,30.3739,100.6723
391.7875,112.1351,29.7990,100.4486
391.7233,114.0164,29.6487,100.0830
390.7236,115.9190,29.7588,99.7643
389.9899,118.7393,30.0592,99.3657
388.5335,119.3759,30.7117,99.0750
387.3137,122.8575,30.7194,98.4710
386.7592,123.7240,30.8062,98.3925
384.8709,127.5038,30.5534,98.2121
383.9943,128.2000,29.9038,98.7063
382.9305,130.9915,30.1726,98.6343
383.2546,134.8488,30.2479,98.9706
383.7973,135.8864,30.7240,99.6320
384.3215,138.4783,31.1973,99.6038
384.7748,140.8693,30.9805,98.5126
383.9323,143.2820,30.6751,97.0212
382.8019,145.8493,30.2350,95.7506
381.9075,145.1940,30.0871,94.9039
380.6483,144.8064,30.2587,95.7922
378.7604,146.0400,30.5865,96.3015
376.8460,146.5318,30.2817,96.8817
376.3136,146.3929,30.3750,97.0952
374.7429,145.4942,30.6469,96.8232
373.1209,146.5897,31.0988,95.7063
372.5976,145.7355,31.3568,96.3345
372.2216,145.9220,31.3668,97.1429
371.8224,147.4832,31.1147,97.3808
371.9125,146.5961,31.0321,97.2664
370.8752,145.4852,31.1148,97.2098
369.5706,143.2169,31.2604,97.9820
367.9656,141.4074,31.5762,99.6867
366.2392,140.3237,31.9676,101.0117
365.4594,137.5361,31.9851,102.1641
365.2010,133.7743,32.0748,104.0926
363.5906,129.1847,32.9036,106.9351
362.4100,127.0840,33.8923,109.0418
361.4444,126.7021,34.3780,111.3747
360.9974,122.3350,34.9009,114.2845
360.8102,124.2375,35.6929,115.6068
360.0049,122.3485,36.1335,117.3807
360.6113,120.8148,36.3912,119.5846
361.2421,119.8762,36.9876,122.3192
361.9273,117.8694,37.4031,125.1740
362.2065,114.1312,38.0967,128.8536
362.6493,112.2810,38.8205,131.8886
362.8801,109.8653,39.5174,134.9052
362.8676,112.1105,40.5879,136.3612
364.0227,113.8863,41.1798,137.9417
364.6955,115.6294,41.7832,139.3191
364.5566,111.1967,42.2781,142.4845
365.5076,114.0776,42.6548,142.8770
366.4070,118.7855,43.2907,141.6981
367.1287,117.4221,43.4295,143.5190
368.3954,111.3357,43.8153,147.5907
369.8727,119.5836,44.6562,144.5437
371.5903,126.6053,44.6900,141.2486
373.2490,132.0144,44.6469,136.5948
375.2402,134.0033,43.7470,133.5236
376.2410,134.2608,43.2518,131.4256
377.6400,132.5513,42.6416,130.5653
379.4951,132.8205,42.4104,128.9610
381.3526,132.4830,41.8912,128.7867
383.8837,132.1064,42.0965,129.1320
386.1628,133.0824,42.1435,129.8719
388.6340,131.4390,41.8279,131.6177
391.0436,130.0744,42.3673,133.5040
393.6721,131.2251,41.9634,134.6866
396.6649,130.1967,42.0375,137.0570
397.4587,130.1451,42.3195,137.5755
398.3891,130.1488,42.7770,138.6493
399.1905,126.4020,43.6518,140.2643
400.9854,126.6531,43.7462,141.5131
401.5804,123.6428,44.7947,144.3896
402.6012,124.9337,45.9115,146.8545
403.0234,124.8004,46.5047,148.1371
402.9023,125.0294,47.1697,149.0661
402.9270,122.6599,47.1865,150.3103
401.7273,122.1969,47.4896,150.5368
401.3312,120.4252,47.1713,152.7826
400.4838,120.0630,47.0987,153.8582
399.7176,119.0825,47.6325,155.5272
399.0093,117.6986,48.3519,157.0790
398.7943,115.0208,48.8864,158.8273
398.4485,117.9125,48.5255,159.6404
398.2491,114.0621,49.3189,162.0782
398.0844,113.2883,49.1829,163.3344
397.7534,113.5573,49.2208,164.4485
398.3289,110.7653,49.0329,166.2581
398.8964,109.1057,48.7572,167.4203
399.9204,105.4292,49.1426,168.8644
402.0569,105.1072,49.7499,169.5461
403.9665,106.4102,49.8716,170.8631
405.0618,108.2235,50.2001,171.9960
406.4247,109.1497,49.7086,172.8443
408.1068,111.0986,49.8378,172.3171
408.4091,112.6609,49.8815,171.5628
408.5553,111.4823,49.6661,171.8454
408.5952,106.2613,50.4157,173.1497
410.4267,106.6181,49.8671,173.6140
410.3789,102.7329,50.5510,175.6715
410.3927,102.8709,50.4795,176.6290
411.2200,103.4581,50.9590,177.7960
410.3841,106.2876,51.7515,178.6564
410.8449,107.7900,51.6426,179.1206
412.0965,108.9539,51.7631,180.0160
414.2774,108.6210,52.3468,180.4543
417.1697,113.7880,51.8273,179.0930
417.1917,115.4609,52.3607,177.7401
418.6922,118.5330,52.4599,176.2544
419.7827,117.9664,53.1837,175.2769
421.8470,118.9211,52.9883,175.5995
422.8020,119.1208,53.5942,175.9000
423.1513,117.2643,54.0571,176.0132
424.2390,119.5243,54.4761,176.8407
423.4380,118.1783,54.8616,177.4315
423.3466,114.2916,55.2740,176.6930
423.7410,109.8554,54.9026,176.7112
423.6928,105.0353,55.3946,176.8845
423.8117,105.7320,55.2193,176.3060
423.9502,99.5185,54.9977,177.5207
422.8285,101.4189,55.0657,178.4999
421.2979,101.3684,54.9088,179.4067
421.4827,102.5869,54.4555,179.2987
422.7484,105.4532,53.8550,178.9412
423.7165,110.2066,53.3171,177.6788
421.4382,110.1207,54.0771,178.6127
420.7391,113.6188,53.7443,178.5991
421.9201,115.6806,53.2908,178.4518
422.5111,118.6512,53.6807,177.7808
421.4187,121.1131,53.5708,176.7948
420.9269,120.4614,53.3976,176.7829
421.0341,120.1330,53.4868,177.0613
421.8544,120.4439,53.1995,176.9695
422.2040,124.1626,52.7979,175.7769
422.5125,120.6137,53.2129,177.8560
422.5724,123.0967,53.5974,176.8650
422.0699,124.9113,53.9955,176.0227
423.0406,119.6194,54.8469,178.0408
425.3400,121.1452,55.6488,176.7110
426.2554,124.3067,56.1154,175.0924
428.4818,124.2158,55.3338,174.7639
428.9103,124.4984,54.7132,174.4433
429.8779,124.9876,53.9831,173.1684
430.7508,125.2680,53.5044,172.1631
431.0670,124.7518,52.6338,171.6715
430.6430,125.0993,52.3626,171.8943
430.7589,125.1890,51.7649,170.9085
430.8494,127.2199,51.5908,170.6654
431.0733,128.6046,51.3753,171.0175
430.9655,128.6065,51.2385,171.6428
431.3858,130.0623,51.6830,172.0366
433.1991,131.3900,50.7645,171.2096
433.5849,132.7546,50.8143,170.2905
434.2998,132.1103,50.6266,169.8459
433.6306,132.7686,50.9963,168.9437
432.4748,135.4242,50.4568,169.2548
432.2897,135.1870,50.8433,169.4636
431.6190,135.9158,50.9830,169.1661
431.8030,135.7454,50.3104,168.1185
431.1499,136.0744,50.7231,166.5435
429.4513,137.8288,50.0796,166.1303
426.9309,138.6120,50.4158,165.6064
426.0206,136.1458,51.0821,165.5977
424.6660,136.5322,51.5069,166.6323
422.9434,136.0839,51.8981,167.6828
422.5696,132.8519,51.4663,169.4747
420.4721,132.5529,51.3856,168.7626
416.9757,132.2787,51.6609,167.7612
417.2363,132.3402,51.3997,167.9743
413.5938,128.3074,51.9571,168.5847
411.1478,124.7672,52.2182,170.3584
409.1051,121.7888,52.0488,170.8491
407.9742,119.4812,51.6060,171.5457
407.0524,115.4359,51.2414,172.3222
405.6612,113.0965,50.9565,172.6174
405.8134,109.5134,49.8377,172.9136
406.0793,108.7232,49.6980,171.9996
407.4109,106.4798,49.0704,170.7029
409.5121,104.4658,48.4959,170.3424
410.4511,101.4461,48.9959,169.6019
412.8882,98.2104,49.3321,168.8931
414.4948,94.4955,48.8008,170.8186
416.7014,95.8349,48.1188,172.3557
415.3754,92.7444,47.5827,173.5910
415.8116,91.2195,47.6913,173.7448
416.5193,89.8990,47.9511,173.4549
416.0579,89.3850,48.0643,173.3417
415.5921,86.8498,48.1129,173.8812
413.9249,87.1902,49.7092,173.6318
413.7788,86.2911,50.1714,173.6041
413.7506,85.3326,50.6423,173.5673
412.8725,84.6186,50.7420,173.7051
413.4008,85.4740,50.7145,172.6142
412.8818,82.4385,51.0682,173.3242
413.3783,84.4258,50.6379,171.9483
413.7841,81.9015,50.7349,171.4586
414.0827,80.3582,50.8542,171.0798
413.7530,79.8242,51.5506,170.7944
414.7098,78.4713,51.6644,170.4846
414.9615,80.2581,52.1539,170.2836
416.3467,81.4954,51.6461,170.3331
416.5794,79.7255,52.4267,171.4278
416.7550,80.2248,52.5768,172.9408
417.4472,79.6891,52.2288,173.8642
417.1408,77.0297,53.0472,175.7254
418.4471,78.6793,52.7443,174.2978
419.9307,81.4854,51.9750,172.3752
420.8161,83.6972,50.8740,170.5542
421.7592,87.1573,50.0169,168.4825
421.9240,86.5552,50.3244,168.3702
422.2018,89.1574,49.8974,168.1185
422.1842,89.3679,50.3095,167.6058
422.0938,93.1746,49.7180,167.2926
422.2820,91.3269,49.9823,167.9443
423.2644,93.8048,49.3543,167.3063
423.8673,95.0043,48.7393,167.3363
424.4117,93.7776,49.1895,167.2563
424.0245,98.3422,48.7472,166.9857
424.7979,100.3409,48.2999,166.6036
425.2847,100.9900,48.0627,167.2827
425.9110,104.8917,47.5934,166.4484
425.4406,109.1649,47.4846,166.0301
425.2866,110.0874,47.1974,167.1390
424.6185,113.2758,47.2402,166.6705
424.7696,114.7369,47.0046,166.9153
423.2383,117.2089,47.7033,167.1369
421.6233,120.1543,48.1280,167.2719
421.3812,121.6686,47.8940,167.8314
420.0937,124.4498,48.1593,168.1722
419.8319,125.9024,48.1243,168.1709
418.1389,128.5780,48.7123,168.3460
417.8205,131.7655,48.8293,167.5195
417.2939,133.4613,48.7966,168.5307
416.6777,134.9455,48.8993,168.9855
417.6455,138.0684,48.6056,167.5106
418.1665,137.1577,48.2255,167.0833
417.3206,139.0443,48.6090,166.6581
418.1007,138.5467,48.1981,166.8618
418.9030,139.1266,47.8243,167.3711
419.4252,138.4910,47.4309,167.9276
419.2743,139.2271,47.4484,168.2578
420.0571,138.2524,47.3567,168.6440
420.2107,137.5537,47.1450,168.1786
420.7626,137.7508,47.0400,168.3969
421.0491,137.8471,46.9574,168.2428
419.1467,139.9077,47.9918,167.6908
416.7676,141.5938,49.4949,165.3985
418.0269,138.8409,49.4882,166.7159
419.7320,137.8424,49.7194,166.9991
420.0779,139.7216,50.2550,166.7459
421.7343,138.6986,49.9541,166.9004
422.3964,138.7440,49.7340,167.8821
423.2122,138.0310,50.3061,168.0877
422.8628,136.0189,50.0446,169.2621
423.3523,137.3229,50.0159,169.8034
425.8801,138.2908,48.0514,169.6450
425.1429,137.9620,47.1695,171.1086
425.3485,140.7179,46.8609,170.3494
425.4876,140.6344,46.4991,168.7257
426.0146,139.9892,46.0924,168.4373
425.2683,138.5381,46.6545,170.2733
425.4271,138.8872,46.2461,170.2119
425.4210,138.8944,45.8380,169.8666
426.0723,138.9021,45.2329,168.2536
426.3766,140.0126,45.0201,166.8336
426.0650,139.6103,44.7151,167.5012
425.7907,138.6214,44.7591,168.1003
425.4440,138.6837,45.1967,168.1192
425.0352,139.1633,44.6691,167.8250
424.7790,137.6284,44.2502,167.4885
422.2872,139.1483,44.3760,166.6198
420.9013,140.8492,45.5075,164.3520
420.1464,138.6110,45.3488,163.8116
419.7399,137.9628,45.3544,164.6993
419.7253,135.9787,44.7425,166.1233
414.4078,133.2414,46.8052,168.1109
412.5741,131.0599,47.6572,170.5373
410.7942,131.9366,49.0265,170.5129
409.7382,133.4934,50.5140,170.3697
409.8761,132.2077,50.5889,169.8275
409.7815,130.9155,50.4542,170.0704
409.2269,129.0117,50.1054,171.7654
409.2275,125.1163,49.7449,174.4532
408.0603,121.3887,49.3849,177.9818
407.7305,119.8947,49.9056,179.6383
407.4571,115.4306,50.5637,182.4245
406.3656,111.6234,51.3672,185.0383
406.4738,110.9496,52.4876,186.0580
406.6307,106.2536,53.6748,188.7993
406.7585,105.8672,55.0916,189.4902
406.8918,103.3207,56.3076,191.5274
406.2818,97.4545,58.0637,195.0878
406.5285,91.9489,60.6959,198.5138
405.7778,89.7300,63.7919,200.7678
403.5702,89.6742,67.2298,201.7247
401.8344,90.7305,70.7390,202.9781
400.6764,90.0116,73.7053,205.0313
398.3916,89.7554,76.4071,206.6948
397.3969,89.9448,78.2153,208.7147
396.7148,87.5781,79.7289,211.4711
397.0824,84.9424,80.2207,214.4612
395.7283,83.5007,81.0727,216.8529
394.7083,84.5250,81.6597,218.0698
393.7330,85.5255,81.9426,218.6693
391.2319,88.4554,82.4452,218.0481
391.4764,89.6193,82.0507,217.7918
390.4746,91.5636,81.9215,216.9478
388.9287,95.5457,81.4773,215.6169
388.9900,94.0320,82.0125,215.1880
388.9894,93.4451,81.0485,213.7813
387.7555,95.1379,79.3850,213.2041
387.9503,95.3866,77.0177,212.9242
390.3107,95.2570,74.1332,213.9894
391.6010,95.8155,71.3532,213.0329
389.4713,99.0522,69.5029,209.7307
390.8332,101.6920,67.3021,208.0114
393.4777,103.2920,63.9884,206.1664
397.0617,107.5920,62.7018,202.3194
398.1631,112.4814,61.2038,197.6898
398.1501,118.5721,60.3044,193.4461
398.9675,119.8967,58.9261,188.4341
399.1077,122.4615,58.9631,184.1242
400.5504,127.5837,57.4165,181.5752
400.2763,128.9945,55.9766,179.3432
400.7589,126.5553,54.7330,177.7517
401.4274,124.3090,53.5862,176.3222
402.1547,124.8354,53.0832,174.9115
401.5476,124.0095,52.7287,174.3045
401.0382,122.9274,52.3827,174.2979
399.7993,122.2261,52.1137,173.3693
399.1047,124.3009,52.7408,172.6405
400.0132,123.7481,52.1714,172.1226
398.8106,123.3378,51.9273,171.2807
397.8026,122.4888,51.8876,170.7054
395.9827,121.3134,52.4437,169.5431
395.0260,120.6346,52.1577,168.9929
394.6999,119.8883,52.5720,168.8406
394.6609,119.4910,53.7874,170.6695
391.6995,116.8207,55.9713,170.6664
389.2784,116.8107,56.5979,170.1189
388.3138,116.6080,56.1548,169.9759
387.1104,115.4385,56.2524,169.5520
382.3604,117.7422,58.0856,169.4236
378.6251,117.5629,59.1482,169.0760
375.7710,117.2621,59.9255,168.0126
372.4386,119.2453,61.3590,165.6161
368.7301,117.8369,62.3408,164.6172
366.7633,119.6021,61.9765,163.6717
363.6982,121.0105,61.0953,162.5805
362.1396,120.0398,59.7540,161.9776
360.7875,118.2147,58.9336,162.5117
360.0338,117.4928,57.8465,162.6008
360.4906,118.5853,56.4772,161.7201
360.5735,118.4989,55.4136,162.2989
360.3533,119.9406,55.3242,161.8728
361.0773,121.5484,55.3952,162.2795
362.2458,123.9343,55.2560,161.9485
365.2250,124.0569,54.3795,164.1447
367.7633,125.4613,53.3385,164.9505
369.7646,126.7264,53.3168,165.7620
371.8966,128.4190,53.2443,165.9896
373.6611,129.6748,52.7326,167.2230
374.7804,129.9398,52.4577,168.2404
376.4354,129.7799,51.8494,169.0555
377.7288,131.3600,52.1218,169.4993
379.1608,134.8808,52.0315,168.7615
380.4845,136.7168,51.3554,167.8638
381.2420,141.0775,50.8042,165.7363
379.7305,143.3072,51.2067,164.0042
381.3476,144.8070,50.9338,163.7330
381.3548,147.5184,51.0172,162.6073
381.9736,149.8869,51.1562,162.0592
381.9973,148.6576,51.3896,162.3095
381.3269,150.6853,51.2034,162.5319
381.9181,152.8903,52.0510,161.0391
382.9949,152.8918,52.0642,160.6385
385.7758,152.5874,52.3729,160.7880
387.9108,157.0174,52.3280,159.2686
390.5830,155.5850,51.6154,160.4303
391.2492,161.5983,51.2682,158.3152
393.1360,162.8400,51.0179,156.9063
394.6125,166.5500,50.5452,155.2983
395.9086,169.5006,50.4116,153.1602
395.2045,173.0418,50.7540,150.1289
394.7231,177.6867,51.4211,146.6672
395.6782,181.0082,52.2188,143.3415
396.7652,184.9597,52.5380,140.8972
397.0531,182.7905,52.6615,140.1080
397.3425,181.9611,52.5136,139.6786
396.0862,182.5532,52.7816,139.4097
396.3105,179.8865,52.8176,139.4135
395.8055,181.1406,52.7963,139.2538
394.6089,181.6058,52.7973,139.3004
394.5259,182.6469,52.6265,138.7395
394.3512,180.6454,53.0189,139.5789
393.9879,183.4952,52.9950,139.7623
393.7171,180.6965,52.8647,141.3429
392.2042,180.1803,53.1209,141.7695
391.2826,180.5079,53.1306,141.4091
389.3167,180.6718,53.1784,141.1798
388.1945,180.9320,53.6105,141.2702
386.8691,179.4797,54.3607,141.0225
385.6141,180.0993,55.3977,140.0411
383.5188,180.3164,56.9595,138.8962
381.8719,180.0751,57.6022,137.3522
379.9985,176.5828,57.5734,136.6046
378.8302,176.7370,57.4655,135.9858
377.9252,175.5659,57.6503,134.5473
376.9752,169.9642,57.4078,134.8979
376.0829,169.1344,56.6315,133.5796
375.7377,166.4231,56.0716,133.6586
375.0098,164.7715,55.4827,132.5728
374.9150,160.9776,54.5425,133.3183
374.2789,158.1626,54.2002,134.0112
375.6187,156.0078,53.0612,134.0324
376.9255,153.9585,51.6862,133.9938
375.4830,151.4382,50.6478,135.3367
375.2579,145.5685,50.0266,136.6777
374.3684,146.0305,50.0680,136.8642
374.5247,142.4861,50.3147,137.9405
376.0097,139.9729,49.8740,137.9177
376.9366,141.1705,49.3589,137.2044
379.5522,140.5320,47.9913,136.0195
381.7433,140.9991,45.5699,133.7860
384.9468,142.9698,42.8725,131.1657
388.9461,142.5784,39.9238,128.8028
390.6770,145.4553,38.2582,125.1679
392.1476,145.5315,37.3824,122.3000
392.9597,151.7575,38.8001,119.1798
403.4738,166.8258,45.1774,112.3222
375.7270,136.7996,43.3398,113.8996
374.1620,136.3275,43.2599,113.9062
366.2354,138.0002,40.9390,114.4954
374.9803,136.1495,39.9442,114.3500
375.2843,135.1500,39.2957,114.4450
377.5786,134.1472,38.4030,115.4501
379.3126,128.8051,39.8471,117.2729
379.2109,125.0511,42.3467,119.6348
377.8674,125.9847,44.3313,122.8984
376.2489,127.6572,45.6835,125.9076
374.8638,131.9214,47.2254,125.5110
373.5684,133.9408,47.8365,124.4552
372.9399,134.6004,47.8461,123.6351
370.0637,135.5744,48.1953,122.5713
368.3051,134.4378,48.6380,122.2272
365.0323,133.5064,48.7338,122.4405
364.4467,134.6198,48.4641,122.8125
362.6024,133.9388,48.7978,122.8657
361.3470,133.6826,48.4842,124.2975
360.8772,132.3367,48.8756,126.1356
360.4041,132.9926,48.7149,127.4426
359.6859,132.8763,48.6751,128.5213
358.9343,136.4575,48.6448,127.6005
357.9765,135.6556,48.4557,128.0385
356.9181,136.9077,49.0617,128.7176
356.0021,137.7053,49.5901,129.1716
356.0196,141.5235,49.5415,129.6226
355.4803,142.6500,49.6563,130.2596
355.7368,143.1091,49.6996,131.3786
355.0507,145.3440,49.8129,131.5421
354.5606,144.6823,50.6548,131.5987
353.9238,147.5537,51.1063,131.0610
353.4641,148.5765,51.4538,130.6368
351.9044,150.8452,52.1106,128.7648
350.5636,151.7020,52.7527,128.2890
350.9504,157.1777,52.8880,126.7840
350.0785,158.5178,52.8813,126.0093
349.8424,160.2726,52.7007,126.6749
349.1777,162.2979,52.5488,125.7650
349.1757,161.2017,52.5345,126.9829
350.9900,162.0523,52.0678,127.5788
349.3109,164.7205,52.0953,126.8784
348.9292,164.3118,52.3361,126.8979
348.8536,165.8432,52.2032,127.1724
349.6624,164.3398,52.2810,127.6972
346.9873,167.8425,52.5468,125.8624
348.3283,166.4742,52.3174,126.8548
347.3695,169.9581,51.8329,126.8547
348.1086,169.4903,50.9009,127.7890
346.5055,169.4548,50.5894,128.6037
346.2137,170.0016,50.0821,129.4529
345.0425,169.2892,50.1051,129.5549
343.7062,167.6929,50.1775,129.1953
342.7305,169.3502,50.3140,129.1835
343.1628,169.7937,50.2382,129.0738
342.0381,171.0369,50.1245,128.5358
340.1283,172.4048,50.2891,128.3598
338.4936,174.0306,50.6213,128.5825
336.5396,173.8797,50.9695,129.5187
334.6629,175.7351,50.8952,129.3656
333.6111,177.0221,50.9142,128.9243
330.5146,177.3049,51.1153,128.4381
328.5400,177.8369,51.5216,128.0293
326.2186,179.0591,51.9842,128.3272
325.6149,177.4203,52.1576,128.8674
325.0476,179.5352,52.3277,128.6079
323.4054,180.3854,52.1584,129.1581
321.7835,182.1488,52.4029,129.3973
318.9288,182.2911,52.9563,128.6429
318.3427,184.1110,52.8024,128.7912
315.4789,183.9437,52.9679,128.4621
314.3956,184.7715,52.8534,128.4936
312.5315,184.5296,52.6413,127.9282
308.7623,186.0973,53.5931,127.5477
306.0804,187.0175,53.7897,127.3581
305.7507,185.3502,53.4528,127.9789
301.6569,189.3529,53.8406,128.0483
299.0450,187.7694,53.4712,128.1089
297.1377,187.7526,52.9992,128.3797
295.3144,187.8467,52.6544,128.7398
291.9889,185.9451,52.4581,128.6679
289.4097,188.3430,52.2421,128.9414
288.1953,187.4235,52.3778,129.1814
283.9539,187.5770,52.9891,128.1543
281.6071,189.7181,53.3563,128.2889
279.0188,188.1099,53.4400,128.1860
276.4232,189.7153,53.4531,128.1677
275.4670,187.2170,52.9707,128.6590
273.3763,188.8756,52.3830,128.2945
271.5699,187.4693,51.9027,128.0966
269.2553,187.5230,51.2889,127.2425
267.7988,191.0644,50.7066,125.8385
264.4303,191.8057,50.7367,125.2561
261.8158,192.1035,50.3234,124.7709
261.0456,193.0805,50.0985,124.1875
256.1915,192.0557,49.7272,124.1890
254.6443,195.9890,49.7562,122.4708
251.7386,194.4295,50.0235,122.5797
247.8234,196.9426,50.7258,121.3503
245.9815,197.9721,51.2571,120.5750
242.4445,198.7481,52.2407,120.0677
241.3620,199.4451,52.3916,120.0922
238.7296,200.1325,53.0982,120.2113
235.6607,201.5911,53.7058,119.8815
234.1006,200.8251,53.4004,119.6556
231.2182,202.0947,52.9879,118.9314
227.8111,200.2436,53.0397,119.7384
226.6794,201.5308,53.0473,119.7736
224.3589,201.1795,53.0470,119.3933
