1
535.3881,200.7413,22.9616,21.5497
534.2247,208.2447,24.0517,21.0897
531.5716,217.3714,24.2632,21.1526
530.1487,224.3638,24.1860,21.3209
528.6166,231.0654,24.2174,21.2858
526.8695,238.5772,24.1790,21.3690
526.5792,244.7863,24.0312,21.2096
528.1638,250.6099,24.2084,20.9877
530.4356,254.3587,24.1202,20.7791
532.3844,256.7685,23.8268,20.5788
537.6280,257.8878,23.1486,20.3340
546.1160,260.5216,22.7495,20.3565
553.9471,261.9479,22.1404,20.0108
561.5922,264.5330,21.3430,19.5505
571.8519,266.8058,20.5737,19.2543
584.2564,268.8036,20.0754,18.9153
595.5729,269.2558,19.8395,18.0725
607.0149,271.9004,19.4145,17.5478
615.9656,274.1243,18.9939,17.1409
626.6324,276.7904,19.0618,16.4260
633.3817,279.5608,18.7373,15.9295
640.5658,281.6843,18.3825,15.4153
649.0096,284.4326,18.5271,14.5966
655.1902,287.4239,18.3913,14.0380
665.7355,286.3165,18.4092,14.4516
668.8615,285.6317,17.7069,14.8777
670.1602,286.3207,18.0759,15.1871
675.6883,288.2208,18.1092,14.4075
679.6620,289.1574,17.8262,13.9946
683.6085,288.9751,17.4065,13.5029
687.3139,288.9222,17.0824,13.1502
691.0248,287.4229,16.7571,13.0001
702.9288,283.9310,17.0649,12.9990
701.4521,281.1635,16.8179,13.3045
704.3137,279.4687,16.7035,13.4569
708.4597,276.3859,16.7873,13.4763
714.7158,273.4366,16.4990,13.5629
721.2532,268.1107,16.5057,13.4367
728.9324,263.2218,16.3468,13.3858
738.4014,258.3548,15.9513,13.6196
748.6985,254.7151,16.3452,13.5491
759.7253,249.4635,16.2846,13.3924
772.2412,243.9852,16.3360,13.4244
786.1919,238.8014,16.1964,13.6640
799.7659,234.5005,16.1070,13.8616
814.6111,229.6547,16.2082,14.0424
829.4904,225.1545,16.3159,14.2658
844.0820,220.6539,16.4685,14.6555
861.1261,217.6564,16.6014,14.7813
875.8145,214.2284,16.8364,14.5668
889.5537,211.7056,17.3746,14.2216
903.5853,207.0481,17.5953,13.9824
919.4050,202.0356,17.8279,13.9875
930.8785,198.6542,19.0066,12.9899
948.9282,192.5283,19.0104,12.8724
959.3298,186.6266,19.2232,12.4610
973.9217,178.5382,18.7483,12.2539
986.6434,172.6555,17.9741,12.9278
997.7151,168.0113,17.6020,13.0394
1008.6973,165.3188,17.2856,13.2826
1020.5087,163.1812,17.0967,13.2243
1031.6724,161.3178,16.7340,13.3122
1041.2866,162.3775,16.5995,13.4664
1051.2506,168.6170,16.5256,13.5809
1058.7688,173.2873,16.3995,13.9367
1065.0360,172.5907,16.3095,14.1094
1070.0546,168.9754,16.3835,13.9180
1074.6459,161.0378,16.2598,14.0020
1077.5226,153.0377,16.1873,14.1793
1080.0853,144.9725,16.1197,14.4611
1082.6808,138.7174,16.1100,14.6176
1085.1189,133.1733,16.1712,14.7695
1087.2927,128.8169,15.9849,14.9445
1087.8448,122.7460,16.0350,14.9232
1089.2152,119.0951,16.2781,15.0587
1092.0116,117.6637,16.0814,15.0313
1094.6090,114.3599,15.7726,14.9273
1096.7550,108.8132,15.5961,14.6917
1098.7333,97.2617,15.3336,14.6394
1099.1832,84.0448,15.0485,14.6354
1102.2687,76.8250,14.8762,14.6827
1105.5195,74.4373,14.7361,14.6062
1110.3794,69.0787,14.6069,14.9029
1113.3187,62.4549,14.9066,14.7410
1120.3013,56.1976,15.0824,14.5723
1126.9507,51.4090,14.9576,14.7862
1131.7865,50.1488,14.7828,14.8827
1136.1548,46.9881,14.8382,14.8058
1142.3749,43.7285,15.0554,14.6321
1148.8229,42.8647,15.2623,14.2844
1153.9220,42.5816,15.4179,14.0644
1159.1038,41.8142,15.4333,13.9732
1166.8862,39.5425,15.1419,13.8802
1171.9551,38.1239,15.0227,13.9248
1179.1830,38.1830,15.1423,13.8769
1185.7615,40.1732,15.4756,13.6622
1192.3824,42.9215,15.4670,13.7006
1200.6735,47.3910,15.3838,13.7790
1205.1389,54.8653,15.4749,13.7133
1211.4683,65.0987,15.3123,13.7126
1217.4517,79.8546,15.2394,13.7956
1223.2220,94.4967,15.4010,13.6700
1229.1335,109.2522,15.6244,13.2170
1234.4067,125.3994,16.7602,12.1838
1240.1619,142.3752,18.2430,10.9869
1240.4973,159.3216,18.6328,10.4452
1244.3080,173.2805,18.5933,10.1670
1249.5344,190.1308,19.1458,10.0000
1252.0240,206.4079,19.5618,10.0000
1254.9943,226.6876,19.7185,10.0000
1257.9978,246.6284,20.3331,10.0000
1258.7271,263.7559,20.5380,10.0000
1257.4437,279.5325,20.3719,10.0000
1255.8864,290.0677,18.3971,11.0023
1256.3542,298.2156,17.3830,11.4636
1254.5071,304.7704,17.4642,11.0020
1254.2043,309.2545,17.9203,10.1284
1250.4510,311.7631,18.7235,10.0000
1246.5209,314.2518,19.1970,10.0000
1242.4410,318.3061,19.7971,10.0000
1235.8258,322.6890,19.9140,10.0000
1228.5222,328.6323,19.9694,10.0000
1221.0338,336.3300,19.9449,10.0420
1213.5116,345.7626,20.0158,10.0000
1204.1910,353.6938,20.2635,10.0000
1196.1041,363.8215,19.2402,10.8243
1185.5021,372.3676,19.3364,10.8445
1176.9459,381.1278,19.5539,10.8929
1167.8723,389.7060,19.6632,10.8370
1161.0110,401.6463,18.9680,11.3771
1150.4276,412.3918,18.2927,12.0154
1139.8032,425.6327,18.2768,12.0284
1133.0026,435.0440,18.2522,12.4153
1125.8285,441.8860,18.2144,12.3903
1121.8059,446.1382,19.1203,11.8527
1116.2218,450.8056,18.9744,12.4396
1110.0166,455.2545,19.0324,12.3336
1104.4508,459.8290,18.8087,12.1649
1100.8163,463.1352,19.0190,11.9288
1097.5637,466.0700,18.4294,12.5449
1095.6724,467.4743,18.3677,12.6831
1093.8728,466.4162,18.0795,13.1249
1093.1025,464.8180,18.1218,13.5062
1089.7982,459.4750,17.9112,13.3753
1089.2151,457.8228,17.7336,13.6143
1088.2915,453.5266,17.6992,13.6702
1085.4653,451.1559,17.9363,13.5966
1081.9795,447.9578,18.2413,14.0263
1075.7494,448.0497,18.5819,14.2081
1071.3900,446.9075,18.5891,13.8598
1066.0085,443.2522,18.5991,13.9979
1061.5948,443.7683,19.1508,14.6253
1059.2153,442.1020,18.7311,15.5836
1057.3878,439.0695,18.4323,15.8170
1043.6057,442.6997,18.6457,15.8579
1037.1588,442.1223,18.9185,15.3946
1030.2372,441.7246,18.7856,14.5928
1025.4954,438.8568,18.8517,14.2060
1018.4219,428.2114,18.1632,15.0538
1017.1323,428.0799,18.2448,14.9195
1015.5181,426.5378,18.0562,15.1444
1011.9172,422.3566,17.8852,15.8329
1004.4702,421.5744,18.8115,15.2867
998.6465,417.9506,19.1969,14.9259
994.3759,417.0890,19.4524,14.8093
988.3963,417.0023,19.7245,14.6786
983.6666,417.1953,19.2211,14.3946
978.3929,416.3701,18.9431,14.6981
975.3769,415.9679,18.5323,15.0188
971.2681,417.5127,18.9981,14.8387
968.2421,417.0392,19.0890,14.5689
962.1188,417.0075,20.5096,13.4208
959.3833,414.0745,21.0970,12.6761
954.4816,412.2364,23.0699,11.1895
951.1987,407.8339,23.2775,10.7865
949.2070,404.9263,23.3176,10.3962
947.3720,399.9681,24.2883,10.0000
943.6699,396.3323,24.5087,10.1835
942.9409,388.5885,24.3546,10.3080
941.3708,382.7962,23.8447,10.4563
940.5710,374.5750,23.1936,10.3544
937.1545,369.3222,22.9974,10.2866
934.6051,365.5736,22.9496,10.3852
934.4300,362.5363,23.5269,10.0000
934.7020,357.5290,24.2969,10.0000
934.1910,352.6680,24.4147,10.0000
929.2963,351.8059,24.1137,10.0000
922.8845,350.8481,23.1737,10.2132
919.0806,350.7883,22.9666,10.0960
915.3473,347.6133,22.5391,10.5408
914.5473,342.3037,21.8941,10.9746
912.4529,337.8487,21.5047,10.8691
908.5173,335.3481,21.4457,10.7383
901.0198,332.7941,20.7806,10.7884
900.0665,332.0167,20.6039,10.7971
892.8392,328.6358,18.7841,12.5165
890.3909,327.5203,17.8790,12.8086
885.6611,327.4914,19.1321,11.3977
890.9871,325.6836,17.7797,11.9621
860.8152,328.5745,19.6245,10.9029
855.0919,329.9151,20.3694,10.7056
852.1749,330.2003,20.5125,10.7743
846.1377,329.9020,20.3593,10.9388
839.7396,329.4877,20.4463,10.7080
830.8523,327.4452,20.8761,10.5108
823.0710,327.1712,21.1155,10.3461
815.0992,329.1114,20.9498,10.6209
806.9443,333.1425,20.9635,10.6727
795.1380,338.1703,21.8100,10.0934
793.7811,339.5667,21.6000,10.1263
785.8575,339.7744,21.3688,10.1631
776.7755,339.5294,21.4673,10.0000
770.1783,339.1305,21.5216,10.2627
769.9980,337.6758,19.6131,11.6273
759.4000,331.9200,20.7949,11.2036
753.0009,328.9936,21.5580,10.9153
750.0192,325.3715,21.0448,11.3512
746.3553,319.8740,21.6312,11.1029
741.5185,312.7564,21.8150,10.8391
735.2949,305.6181,22.6989,10.4997
730.1171,297.0914,22.8031,10.3800
724.7710,289.2998,22.6286,10.4607
720.6323,282.1736,22.3044,10.4168
714.9484,275.4272,22.3666,10.4501
711.1500,270.1229,22.0683,10.4803
707.5097,265.1967,21.6954,10.4316
706.6912,261.6744,20.0466,11.6375
703.3870,258.0258,18.7822,12.3169
701.9841,253.9244,17.4508,13.0558
697.7181,249.0185,16.7047,13.3806
694.2139,245.7671,16.6232,13.5629
690.1450,242.2180,16.8404,14.0082
685.9833,239.0702,16.9915,14.6230
682.4484,236.7972,17.7052,14.8030
681.4295,235.8961,17.5642,15.4357
678.3375,234.4661,17.3248,15.8743
672.8969,231.2875,17.7084,16.2024
668.2167,227.6990,18.1410,16.4577
663.1586,224.5813,18.4701,16.8249
658.6164,222.2330,19.3630,16.9467
654.5073,221.5724,19.6055,17.0688
647.5396,219.3487,19.7821,17.3718
641.4722,217.9122,19.7348,17.3899
634.7389,217.5341,20.1033,17.2898
627.7609,218.0012,20.1974,17.4649
620.4590,217.9778,20.2677,17.7236
613.3605,217.0418,20.3730,17.5396
605.7106,216.4547,20.6250,17.5849
597.2357,215.1228,20.5203,17.6329
589.0360,213.9720,20.6304,17.8713
580.7521,213.4277,20.9475,17.8944
572.4443,212.6566,20.6308,17.9716
564.1589,211.6113,20.7855,17.8549
556.8009,211.6482,20.7111,18.0715
549.3792,210.8654,21.1400,18.0405
542.0665,210.2262,21.3598,17.8832
535.6340,210.8596,20.9748,18.1125
528.6590,211.3607,20.7622,18.7686
522.6427,211.7518,20.5078,18.9937
517.6558,212.6858,20.3894,19.1654
512.2377,212.6596,20.5665,18.8997
507.4586,214.0671,20.0933,18.8634
503.5070,214.6183,19.5640,19.1900
499.2722,214.3353,19.6325,19.4063
496.0239,214.4019,18.9848,19.7664
492.3196,215.0948,19.0745,19.7034
489.2548,216.0917,18.9302,20.0696
485.8758,217.7008,18.8737,20.0680
482.5907,219.1207,18.9220,20.1920
479.6925,223.3674,18.9121,19.9079
484.6777,225.2092,19.4221,18.9090
476.1363,230.3320,18.9563,19.2167
472.3441,233.1407,18.7997,19.4148
469.0353,236.3395,18.8207,19.3074
467.2545,240.2395,18.9657,18.9705
465.3054,243.6589,18.7809,19.1747
463.7073,248.0116,18.5112,19.3895
462.1004,252.8664,18.5871,19.0679
460.7806,256.6612,18.7520,18.6962
460.3867,259.4893,18.7229,18.7647
459.7798,261.3977,18.9183,18.9169
459.1630,262.9984,19.1002,18.9123
458.0982,265.7129,19.3984,18.6080
457.6977,269.5352,19.6155,17.9300
457.8401,273.1755,19.7877,18.0050
458.8135,276.7585,19.9410,17.8401
459.9411,280.2468,20.0664,17.3834
461.4588,283.9882,19.8219,17.2335
463.0181,288.1156,20.0051,17.0926
463.6174,289.6871,20.1527,16.8308
465.5271,291.8434,20.1952,16.4737
466.7229,294.8769,20.2210,16.4972
469.0272,298.2674,20.1461,16.1354
471.0828,300.3497,19.8884,16.1001
473.2367,302.1940,19.6924,15.9766
474.9530,304.3614,19.6651,15.9257
475.4313,305.4168,19.7630,15.6484
479.1322,306.4907,19.0392,16.5895
479.4366,310.6439,19.5527,16.5538
478.8539,313.1460,19.5049,16.8605
474.5022,316.9879,19.4752,16.4531
481.8867,316.3543,18.6822,17.1512
491.6815,311.1263,17.0569,19.0106
2
0
0
0
0
1
465.0715,319.5656,19.4247,16.6990
472.1695,310.8552,18.8180,17.5274
2
0
0
0
0
1
442.9079,330.8310,19.1321,14.0027
2
0
0
0
0
1
447.7794,333.0687,15.7861,12.1446
450.0065,334.4141,15.6823,12.4035
450.7731,335.3426,15.7465,12.2362
451.2445,336.1034,15.9741,12.0426
451.5517,336.0448,15.9355,11.9674
450.9716,336.9808,16.1032,11.7916
449.9320,339.6860,16.1146,11.5622
447.7592,340.9662,16.2825,11.3665
443.6490,341.7273,16.2104,11.1369
439.5145,341.2577,15.9383,11.4296
434.5065,341.7572,16.1514,10.8142
427.6325,341.5898,16.4729,10.5522
423.4194,342.5497,16.2372,10.4853
417.3578,339.6156,16.3548,10.4218
411.4567,337.5884,16.1854,10.4410
405.4901,335.4565,16.7037,10.3946
399.6599,331.5762,16.8455,10.6777
393.2522,327.1991,17.0452,10.6707
386.3745,324.2415,17.3534,10.6771
380.8725,320.6901,17.4213,10.6803
376.1797,317.8388,17.3143,10.6558
372.1391,314.8381,17.0808,10.6846
368.5126,311.5030,16.9422,10.6607
365.8736,309.1782,16.6515,10.6333
363.2446,305.4095,16.5599,10.5645
360.9907,302.6267,16.4118,10.5025
359.5510,300.4656,16.0227,10.3594
357.8655,298.0172,15.9800,10.2586
355.3247,295.0420,16.1292,10.2441
354.2222,294.0173,15.9067,10.2666
