1
389.2939,472.7080,60.0146,64.7778
394.4880,466.8408,61.6944,66.0065
401.6291,459.7244,63.3490,66.6219
404.0859,455.9114,62.9952,67.8343
398.8714,456.7172,63.2780,68.8345
388.6550,459.2610,63.4386,69.6038
378.0849,463.6285,67.7285,67.5066
366.3894,472.2556,70.1421,64.5280
369.4283,490.7455,68.6393,65.9788
382.8643,503.8662,66.1158,67.1884
393.2599,505.3400,64.8139,67.1828
418.3663,494.6733,65.0391,67.1015
460.3647,473.8283,70.7867,61.0216
527.1553,462.8465,76.7344,56.3360
591.8458,451.4693,80.1608,53.6560
660.3724,441.7158,82.6972,51.0892
725.6843,427.3867,85.7809,48.5593
790.4103,413.1925,87.4536,47.4804
856.4208,399.0720,86.8572,46.4525
920.0017,385.1379,86.9317,44.9548
979.8645,376.5001,87.0524,43.9958
1039.3246,370.7931,85.5361,43.3151
1094.5077,360.9795,84.9251,42.3148
1147.8708,353.7236,85.2708,41.9189
1199.9128,344.8728,84.9893,41.2841
1252.4075,334.0042,84.1169,40.6166
1299.6167,325.9207,83.8265,39.7046
1346.8757,317.0614,82.5316,39.6230
1389.2133,308.1692,80.9917,39.0042
1425.6755,300.3598,80.1787,38.6045
1464.1749,293.9796,80.4751,37.8652
1495.5320,281.7405,78.6773,39.2284
1491.8234,285.4617,79.8508,39.0840
1496.8693,292.4174,82.3663,37.7073
1514.9934,290.9514,79.5698,37.5782
1528.3903,291.6230,79.8307,36.9491
1545.3856,299.3821,78.5714,37.1049
1559.8922,309.5210,75.3111,39.3999
1571.0386,320.2763,70.4371,45.0804
1586.6493,322.3274,67.7226,50.9345
1593.9374,320.2731,66.3267,55.9113
1598.0433,312.6290,65.4205,59.3362
1600.0615,304.5791,63.9394,60.0690
1600.5410,299.9702,62.9149,59.3126
1599.9631,292.6361,63.1698,57.9424
1599.7094,285.1362,63.1527,56.8516
1599.9017,279.2139,63.3155,55.1943
1598.8254,275.2409,64.3459,53.2405
1598.9407,269.0195,69.5857,48.5274
1594.9099,265.8691,75.0033,44.5627
1593.4491,260.5456,79.0665,42.6147
1590.5565,252.2061,82.6829,42.1808
1591.9502,246.8645,84.9342,43.0088
1591.6119,233.7023,85.5234,42.9661
1587.6853,229.1541,84.5635,44.5636
1579.3629,230.0134,79.0174,49.7689
1576.2452,223.2506,75.3423,53.9912
1572.3909,213.5031,71.6840,55.5685
1567.0671,211.1052,68.6357,56.9080
1562.2992,208.6173,67.0813,57.3596
1558.1938,204.1278,66.2281,58.4364
1554.1523,200.9201,66.7207,58.4656
1551.7212,195.4796,67.1765,57.3110
1546.2542,191.9837,69.9012,52.7679
1543.2012,194.2019,71.5744,50.6135
1533.8591,202.7101,69.9925,51.5025
1527.1233,206.8497,69.6651,51.7942
1512.5551,208.1204,68.9632,52.1357
1488.6144,208.3862,70.6176,53.9073
1451.0348,201.8141,70.3218,55.1923
1391.5461,211.3623,70.8671,55.5094
1332.4725,225.4771,71.1483,54.6975
1279.0363,236.8580,71.2221,54.3119
1225.7803,248.8866,71.8176,54.0605
1176.1692,259.9498,71.7749,53.7696
1129.2551,271.9312,71.5108,54.2723
1079.3430,281.3873,72.5352,53.8211
1032.9308,291.9860,73.6534,54.4716
983.0793,303.5927,73.6704,55.4068
933.0923,318.0442,75.1537,55.5514
888.9216,330.5280,75.6888,56.7990
839.2531,346.9758,76.5809,57.2532
793.0471,362.5540,77.7893,58.0058
743.3715,380.8268,79.4513,58.5098
696.9324,399.0518,80.9030,59.2297
651.9503,417.7219,81.4673,60.3269
610.1604,435.9992,82.8950,62.0565
564.4361,454.6299,83.6687,62.0311
521.7349,474.5685,84.7147,63.2517
472.8257,495.9652,85.8852,64.1784
437.9648,515.2069,83.2541,66.8935
428.4417,512.1933,84.3024,66.4984
414.0854,515.3621,83.5558,70.0535
411.9008,517.3786,79.3234,72.8988
410.7609,528.5656,76.3104,74.7605
408.4201,539.0793,73.5595,76.2143
408.0998,548.1685,70.2679,78.3274
407.3339,554.6608,66.2935,79.4662
405.9029,555.4774,61.9729,80.4034
405.3270,553.8384,56.2526,81.4452
394.3111,555.3169,54.0171,81.2466
383.8672,556.1746,54.8517,79.8653
391.0139,552.9478,52.2906,79.5563
397.7723,545.9175,51.8190,79.3530
402.4226,540.9994,54.1419,78.4665
410.5727,537.9406,56.7869,76.8785
415.5638,535.0412,58.7773,74.5818
420.1692,530.4099,62.5616,69.6934
424.1455,529.3162,62.7853,69.0893
424.1734,530.6973,62.4429,68.7116
422.1453,532.2952,61.7974,67.5091
424.3481,530.3071,60.8620,66.7649
422.0573,530.3436,60.1597,66.2740
417.0539,531.5089,63.5222,63.1889
414.8489,531.7744,66.2317,59.9217
413.6950,530.6086,67.3787,58.1313
416.1115,528.1771,65.0179,59.9850
417.7682,526.9282,61.5141,61.5979
419.6994,525.0895,61.3521,60.6546
416.7125,527.7819,61.2213,60.6963
419.3105,524.7764,61.1050,60.7365
421.6992,522.6074,60.7975,60.9424
409.7625,514.0070,60.8710,60.7377
414.5791,513.1328,59.9300,61.0946
417.1759,511.1371,58.5265,61.7485
427.8239,511.4173,58.0796,61.7037
436.4410,507.5787,58.7558,60.7253
448.6245,497.8452,59.0234,60.5511
471.7177,480.4235,59.0539,60.2317
505.4619,453.2845,63.7348,58.9990
571.5132,432.4332,71.1163,54.6775
2
0
0
0
0
1
1083.4773,360.2998,85.4960,43.5174
1152.2743,351.3561,86.2313,43.8115
1215.9941,345.8592,84.2772,43.0795
1276.7085,337.9260,83.5909,42.5432
1340.8632,325.8260,83.9995,42.4253
1401.0931,315.5029,82.5968,41.5767
1457.0753,306.2684,81.5770,41.1709
1510.4789,296.8108,81.3183,41.2408
1564.8442,289.0121,81.4997,39.9235
1588.0519,288.5731,82.3550,37.1074
1596.8667,283.1344,79.9726,38.5618
1598.3707,275.0631,76.8259,40.1263
1600.9122,274.4003,77.7391,38.1963
1604.7834,268.8595,79.3454,36.2101
1603.6017,263.2155,81.0142,33.4079
1596.5732,258.3411,80.1382,33.4570
1592.1206,268.4694,79.8136,32.2290
1590.6145,268.8990,79.6171,31.2346
1584.2877,271.8231,78.6179,30.9434
1580.5574,265.7021,77.4097,31.4495
1580.3245,260.0106,77.3358,31.2064
1581.4492,274.9896,77.6835,31.4621
1571.9093,270.4457,79.8517,30.3533
1562.3630,269.9370,81.9133,30.3116
1559.2980,264.6881,84.6393,30.0847
1564.2224,265.1720,87.6368,30.3936
1556.8298,262.3309,89.5664,31.5843
1544.7391,249.6880,86.3991,33.6057
1542.1849,239.5065,84.1663,34.6352
1538.7273,230.4153,78.7972,38.1901
1540.1547,223.9763,75.6522,41.6476
1541.2681,222.7546,73.8457,45.3130
1537.8833,225.9564,73.6055,47.2558
1535.4574,230.3622,73.4978,46.5975
1528.2743,236.5055,73.8364,44.6639
1520.8784,243.3959,73.1434,42.8358
1513.7043,250.6613,73.3013,41.9031
1501.6793,260.6123,72.1078,42.3697
1485.7646,270.1072,72.3151,42.3001
1460.1898,274.8377,75.7235,42.0680
1415.8511,281.5762,76.8482,42.0932
1357.3127,295.6448,77.0015,44.0208
1306.6923,307.4399,76.9256,44.5597
1255.8696,317.7419,77.3616,45.6482
1205.2640,327.0459,78.4578,45.6615
1158.8574,336.9861,78.0766,46.5470
1112.4196,346.7070,78.5382,47.2429
1066.3413,355.4258,78.6225,47.4932
1019.9692,366.7753,80.3739,47.8514
973.7031,374.8371,80.4023,47.7129
926.9699,385.0111,81.2984,47.5713
883.3346,395.9539,82.1887,47.4799
840.1912,404.9366,81.6887,47.5357
799.2262,415.6962,81.8339,47.7693
754.7879,425.1098,83.3792,48.4410
713.8322,434.0785,83.9039,48.3381
669.5289,443.9730,84.4281,49.1133
630.6269,452.0291,84.5534,48.7603
596.2438,461.3310,84.8701,47.3820
555.5422,467.2242,86.1973,47.7607
517.7554,476.8458,86.3500,47.7846
481.6333,486.1088,87.5151,46.3082
444.3050,492.3286,88.8860,46.4449
412.6283,497.8420,91.2281,45.3461
380.0804,502.5226,91.4694,43.8095
349.4277,505.0451,93.3438,44.2445
319.9869,505.6689,94.3806,44.6562
303.3557,502.2386,94.0813,45.6119
300.9675,500.1220,92.3963,47.9975
295.7843,495.5865,89.9230,49.2146
290.4462,494.3599,88.9950,49.1518
275.8347,495.7423,91.3208,48.7464
269.0576,495.3170,90.8988,49.7743
266.5241,495.0307,88.7923,50.8860
265.1422,500.0790,86.8768,51.2937
230.8825,509.7827,80.7133,55.8960
237.6641,508.4661,77.4785,57.0427
246.4489,508.7849,77.1332,55.9925
259.2661,514.5530,76.3893,59.2788
250.7362,501.1822,77.4829,54.7320
251.7224,503.6467,77.2842,51.5206
251.8559,513.6944,74.6978,53.3197
287.9316,561.8248,74.6485,51.1547
292.8502,582.7012,71.4245,53.3671
309.5566,592.4200,67.1615,56.9669
325.3733,588.8565,65.2687,58.2784
340.1696,583.7209,66.3368,59.2962
365.3958,562.3295,71.9201,55.1743
419.4403,545.8989,78.6280,50.1890
495.6356,534.3054,82.9604,48.8866
568.3397,526.3783,86.3238,48.2071
640.1671,520.5555,88.3946,48.6018
713.4899,513.4156,89.2691,48.6252
784.1172,508.4271,89.7044,48.2020
856.4506,503.3415,88.1746,47.5004
924.9425,498.3217,86.8277,46.9426
991.0112,496.5555,85.3230,46.2513
1054.6355,494.8608,85.1839,45.7232
1118.2856,492.6851,84.3092,45.2267
1178.9056,490.1376,84.1897,44.7058
1239.1193,485.2578,84.4755,44.7472
1297.6890,482.5386,83.3081,44.1321
1354.5154,480.4814,82.0979,43.3345
1406.7723,478.6490,81.4773,42.6989
1458.6232,476.2215,80.5751,42.0997
1506.8806,472.3645,79.8277,41.6132
1550.8679,471.0506,81.3481,39.4259
1551.3099,478.6311,79.7035,38.0093
1558.5945,486.4420,77.7799,37.0570
1586.6268,500.2559,72.6636,41.0234
