1
268.3655,87.1172,30.7898,46.7988
262.8646,85.5076,31.4653,47.4427
260.1447,82.4758,31.4653,47.4427
259.3664,83.5574,31.4764,47.4406
258.0595,86.2221,32.0364,47.4341
261.7874,85.2198,32.2703,47.2609
259.6626,84.3348,32.2703,47.2609
258.8856,82.3339,32.2703,47.2609
261.0386,77.5812,32.2703,47.2609
259.7561,76.2729,31.8828,48.8227
255.9433,73.8740,32.2309,50.4032
254.6657,73.3933,32.2373,50.4061
252.0402,73.7276,32.2460,50.4068
251.9603,72.3085,32.2471,50.4070
249.5984,76.8452,32.2471,50.4070
246.0374,77.8688,32.2470,50.4082
240.7640,81.0438,32.2408,50.4235
239.3690,83.3047,32.2408,50.4235
236.0867,84.1704,32.2408,50.4235
230.8584,85.4727,32.2411,50.4232
229.3262,84.5730,32.2411,50.4232
232.2841,85.8694,32.2411,50.4232
231.7784,86.7648,32.2411,50.4232
234.4421,87.9486,32.2411,50.4232
231.1481,86.8202,32.2411,50.4232
231.1715,86.9544,32.2411,50.4232
234.1848,81.1114,33.9994,50.1654
236.8745,78.0946,33.9994,50.1654
239.1372,78.9363,33.9994,50.1654
239.2193,79.5571,33.9994,50.1654
239.0846,82.4321,33.9994,50.1654
237.3386,84.6371,33.9994,50.1654
232.3681,84.6692,33.9994,50.1654
226.7029,82.4941,33.9994,50.1654
2
0
0
0
0
1
225.6275,68.6146,29.1915,49.6969
225.1854,72.4797,29.1544,51.4311
223.5726,71.8577,29.2486,51.3920
218.4995,71.0236,29.2486,51.3920
213.0180,74.1924,29.2486,51.3920
215.9451,74.0204,29.2486,51.3920
214.6486,74.2960,29.2486,51.3920
231.9279,80.9570,29.3255,51.9634
229.8906,80.6620,29.3255,51.9634
235.0783,82.4179,29.1285,52.4635
238.0406,83.6919,28.0719,54.1245
234.3369,85.7373,28.3826,54.4912
235.7211,82.0053,29.2658,53.3982
230.5236,81.0306,29.9556,54.2438
222.7528,83.1477,29.8797,55.3541
218.9285,80.8585,30.9252,56.1109
210.7195,75.8941,35.0590,53.3264
205.1494,80.3221,35.0590,53.3264
202.5009,81.8049,35.0590,53.3264
208.5044,75.1796,36.1879,53.9468
209.4392,70.8331,36.6826,54.8756
208.3953,71.0225,36.6826,54.8756
211.3977,73.2016,36.5657,54.9856
214.0203,76.0959,35.3154,56.8354
219.0081,74.2424,33.6073,62.5383
219.3978,76.4387,33.6074,62.5385
224.4152,72.5943,34.2302,63.3818
222.1300,74.7752,34.4186,62.6135
222.1769,77.7538,34.1979,62.5163
215.0853,73.8517,35.0492,59.5729
209.9827,70.6146,35.0495,59.5723
209.1811,71.0865,35.0495,59.5723
211.9573,69.1793,35.0495,59.5723
202.6178,68.3321,35.0495,59.5723
2
0
0
0
0
1
244.6326,81.5963,34.3618,77.3577
239.9415,83.0225,36.0970,75.5012
239.2639,85.7435,37.6824,77.8712
231.9789,83.7619,39.9715,76.9405
232.2310,87.6544,42.2765,74.9826
227.3960,84.9309,44.3090,74.1409
227.1185,82.6557,45.5966,71.0913
225.2982,81.8120,44.9113,72.0772
217.2414,85.9389,45.4346,75.3545
219.0908,78.2682,43.5391,77.8306
220.5672,76.7119,43.6636,82.6415
216.9849,76.9725,46.6700,83.2852
216.1517,76.9097,49.1146,81.7936
222.0813,78.0291,49.8588,82.0052
220.1154,76.5999,50.9573,83.2380
226.3733,80.1944,46.9175,90.5944
221.2802,82.0647,50.1840,95.2446
231.7125,78.9853,52.5037,94.2161
230.4232,77.6638,53.0396,94.5272
232.8563,77.3066,54.7579,94.7574
238.7940,75.1037,54.1932,91.7250
239.9253,76.1737,51.5380,91.1309
246.6473,76.8539,49.7491,92.6218
248.9633,62.6530,48.9175,92.8447
237.3121,64.0693,50.0121,92.3183
221.3846,68.5329,51.4445,95.0505
211.6914,64.8222,51.9258,96.1388
200.7383,71.2892,53.2879,97.2370
193.2505,71.2055,54.0198,103.5196
189.4898,64.0486,54.8131,105.6945
195.5030,54.5642,57.2639,103.7490
193.8233,45.6091,57.6002,107.0317
199.5222,51.1624,59.3250,100.6608
201.0214,58.9952,56.2682,101.0854
201.1973,56.5196,55.7426,100.7610
201.3740,59.3155,56.9965,105.1537
217.5183,61.5425,55.6581,104.6145
218.1017,59.4684,55.1401,103.6030
220.6806,59.6987,55.5461,99.8861
229.9929,63.8114,53.8784,103.6223
229.7847,73.0302,54.4450,101.8782
248.7616,64.2319,53.2940,101.9509
240.2094,70.7020,52.6628,103.7784
249.5310,64.5899,54.9544,100.1238
250.7222,68.0023,55.3369,101.1848
258.5663,68.4161,56.8961,94.5542
267.6001,64.1645,56.2202,91.4142
268.9848,73.0541,52.5085,92.9248
274.5240,80.2694,51.4885,93.5389
278.4910,79.6846,51.3712,98.4686
283.3680,80.2024,52.0872,98.1575
289.5008,80.3250,51.3808,96.4507
294.5817,77.9215,53.6503,94.8565
296.2137,78.1476,53.6036,93.1198
302.7498,77.7930,49.9985,92.2664
299.2963,78.7130,49.7511,88.8529
293.0043,82.9313,49.1164,86.9863
295.1927,82.3860,47.5786,85.7819
292.0918,80.0529,47.4082,84.9481
287.5355,79.9197,45.6368,85.6403
284.6198,77.5270,44.4841,87.8337
277.4483,80.7284,42.2520,91.2120
272.4578,83.1528,42.4643,95.2388
267.7256,69.4617,43.1658,93.4069
270.4034,67.2572,42.8526,93.5749
271.3810,64.7347,42.9358,90.6265
271.4357,66.9628,42.9190,91.8568
263.3926,72.9724,43.7095,91.6431
260.9946,67.5172,44.0260,98.7919
256.9073,68.9645,48.4052,97.6618
254.2164,68.3548,50.4862,96.1182
266.5005,62.4493,50.6902,95.1317
267.6274,70.1415,50.6902,95.1317
269.8137,58.7087,50.3398,95.7702
274.0667,70.6785,48.4290,95.8466
280.4712,69.1047,48.4290,95.8466
281.0681,51.1984,47.6968,98.2253
270.3766,53.9905,53.1712,97.0626
277.3900,65.6046,54.4659,90.3437
286.1083,72.0582,53.4275,85.9660
285.1804,71.5985,50.4007,85.3418
288.2303,68.4687,49.8516,84.6099
282.5494,72.2873,46.2887,82.1166
279.9884,72.8428,46.1945,81.8063
282.9972,72.4817,47.4052,78.3743
284.3280,76.1249,48.0608,75.7761
288.0161,76.2122,48.1797,74.8871
286.2079,76.3440,46.9828,75.5368
284.0566,82.9875,44.6897,76.8845
283.9642,73.9165,47.0707,77.6256
285.8525,76.9976,48.3046,77.0301
289.4508,73.1453,50.4423,74.7477
293.2572,69.4546,50.1323,74.3589
294.8871,69.0210,50.0976,74.8475
291.4605,69.9029,50.6400,72.4533
287.3920,72.9512,50.0068,72.9471
284.4980,72.9408,50.1189,74.1492
289.9650,71.0081,51.0420,73.2977
290.8657,68.4382,52.6396,70.5996
293.2105,66.8794,52.7252,71.3672
295.7981,61.8689,51.9365,72.8428
291.4131,61.0798,54.3926,71.6129
289.9805,60.6065,53.4226,68.9190
296.3238,60.4462,53.7849,66.7274
293.9177,65.6897,56.0169,66.1037
298.4996,66.5467,56.7361,66.5751
306.7677,68.6882,59.5323,65.2609
299.3569,70.5357,63.5315,64.4479
293.9638,69.0244,62.7321,64.1908
296.9225,67.5056,62.6763,64.1752
297.4262,71.1407,62.4764,66.8164
291.5159,62.8951,60.6000,70.8902
302.0941,69.0284,60.6851,70.6968
291.4163,59.5551,59.3426,71.1689
287.0016,54.2257,58.3860,70.8216
295.9794,57.2955,57.4792,69.0320
296.5092,58.1842,58.0007,66.6714
310.9506,68.8871,60.3201,65.6763
321.8073,72.5726,60.8531,67.2902
331.7581,76.3317,60.8144,68.4057
303.5018,71.1102,66.3959,67.2478
298.5699,70.6603,66.0756,65.7887
2
0
0
0
0
1
333.7400,90.3336,22.6666,59.8024
329.8849,96.1788,23.4966,61.9343
329.1851,92.5655,26.8852,60.2872
324.1338,95.6698,33.6231,56.5862
323.3136,95.8072,38.2127,54.1261
325.4845,95.6451,39.3425,53.2128
324.0981,95.3825,38.1863,54.1182
324.0510,100.8481,34.2059,61.1236
325.7687,100.7771,33.0639,65.5654
328.2113,97.1473,34.9909,63.7500
329.0416,95.6362,38.2255,62.0666
333.6116,95.5720,38.2914,60.7548
335.2435,97.1494,39.0789,58.7809
334.4641,95.3442,38.8211,59.8527
334.5277,101.7632,35.3913,66.1700
340.1198,97.1876,31.8987,70.9787
345.1497,92.6162,35.3907,68.4404
338.0198,94.3495,41.0450,64.9297
341.9995,91.3370,43.3782,63.0012
341.7480,100.5998,43.3396,63.1769
344.8970,96.9998,42.4042,64.4650
339.9190,99.3683,37.7403,68.7367
338.1595,99.8657,37.1586,68.9383
341.0784,94.2259,37.2100,67.6277
338.2911,96.5514,38.7597,64.3871
337.6034,99.0192,41.0129,60.1096
338.0378,97.8200,42.8660,58.6675
340.5331,101.1213,41.7445,60.1311
341.1864,97.7199,41.7442,60.1314
342.5250,103.7775,39.7526,63.2044
345.6167,100.6060,39.7627,63.1982
344.4140,101.2164,44.2014,59.4258
348.4240,99.8200,45.1144,55.3470
353.2459,101.7194,44.4263,55.4260
354.5258,103.1095,42.5856,56.9134
352.0936,105.8093,38.1499,59.6675
357.9145,98.1297,38.1499,59.6675
364.4044,100.0004,38.1971,59.2036
361.4734,102.9097,39.2365,57.8501
358.8627,103.6839,39.7577,57.4181
358.8417,105.2561,40.8461,56.2728
355.9535,105.1937,39.5114,57.8209
353.8766,103.6614,35.9888,62.5461
358.0612,101.2994,33.7081,63.9562
356.6047,101.1427,36.5867,62.2436
353.7928,100.3145,41.3542,57.5224
355.7398,100.9081,43.6324,54.5890
358.9864,100.5814,42.1385,54.6053
353.6406,101.1105,43.5491,55.1925
349.1049,102.3228,39.3029,59.5489
348.1439,99.6647,36.0421,61.6046
349.4322,96.8969,36.0007,60.9764
345.0808,99.1572,39.8434,58.3649
342.8575,98.5657,40.8239,55.9025
342.4674,98.7890,42.4358,54.3309
337.8230,98.1073,41.2984,56.8124
334.0410,96.9648,39.2618,59.4280
335.9107,97.1240,35.1895,63.0160
334.6176,97.1514,36.1254,64.9329
332.1568,95.5462,41.8733,62.5431
329.8384,92.9714,46.0470,59.9665
332.6608,90.7630,46.6797,59.5945
340.4460,93.4236,45.0073,60.1554
336.4142,97.6321,44.5595,61.2669
336.6860,102.3482,44.5587,61.2675
343.8981,103.0090,38.3916,64.8345
339.7223,105.9944,39.6657,64.7886
339.4987,106.6132,44.9534,60.2901
337.1841,107.0634,49.2004,56.0662
348.7701,106.9817,49.3704,56.0638
347.0899,105.5562,48.8444,58.7594
345.4220,103.5811,43.2538,64.6475
346.8435,104.2623,41.1237,66.3405
349.6215,106.6150,40.2548,66.5791
347.9836,105.5917,42.5631,65.7569
348.4602,107.4322,48.3662,61.9577
350.4067,109.3912,52.0220,57.9731
350.8110,111.1195,52.2691,56.9440
351.3610,108.7440,50.6860,58.7768
353.7621,109.9158,50.4707,58.9193
357.6045,109.5459,50.4700,58.9198
362.7220,114.1321,50.4201,58.8747
367.6862,108.4977,51.5827,58.1771
371.1802,103.6994,56.0374,57.2091
