1
276.2576,66.9535,21.2095,63.9042
276.9564,65.4219,21.1416,64.2823
277.3684,65.7998,21.2170,64.2001
277.3685,67.1462,21.8085,65.0453
276.4141,67.2121,22.0011,64.6355
275.5222,66.0106,22.4118,64.9987
275.5389,65.4585,22.5641,64.9914
275.0035,64.5406,23.2749,65.7055
274.9499,64.0592,23.9716,65.4467
275.2944,64.9856,24.4012,65.0651
275.9281,65.4085,24.6585,65.0861
275.4153,66.2951,24.4282,65.7535
275.4777,64.6148,24.1760,66.2700
275.8735,63.3219,23.9429,66.2396
275.8948,63.9831,23.9534,65.6544
274.7108,65.0551,24.7847,65.7999
274.1450,65.5165,24.6825,65.4661
273.6142,65.2619,24.4499,66.3455
273.4591,64.6632,24.2672,66.8644
274.1253,64.2532,24.4353,66.8483
273.9512,64.1905,24.8090,66.8465
275.4423,64.3071,25.6242,66.3277
275.5878,64.0857,26.3931,65.8763
274.9693,64.1678,25.9520,66.7551
275.4658,62.1801,25.4576,66.6928
275.7902,61.9263,25.3414,66.7381
276.0516,62.5390,25.2938,66.6696
275.3656,62.5565,26.0298,66.3425
275.1996,62.4208,26.2944,66.4249
274.1256,63.0271,26.1892,67.3581
274.0865,61.4449,25.7590,67.3266
273.9992,60.0739,26.3477,67.0120
274.0178,60.8068,26.1607,66.4958
275.2237,60.5462,25.9617,66.0413
275.3997,61.5223,26.0492,66.4734
275.8521,61.1928,25.5357,67.6239
276.3135,59.7113,25.1276,67.9147
277.6193,60.4702,24.8871,67.7559
276.0609,61.4474,25.4630,67.8099
275.7661,61.3085,25.7860,67.2043
275.3086,62.2581,25.8262,67.4527
274.4039,62.8528,25.2385,68.6328
274.1910,61.7543,24.9934,68.9673
273.2040,60.8232,25.8006,67.9010
272.6922,60.5431,26.4439,67.1695
273.9019,62.3384,26.9940,65.8821
274.0190,62.9645,27.1904,66.0618
273.5647,62.8933,26.9098,67.4433
273.9541,61.5373,26.3167,67.8187
274.2193,61.6203,26.3439,66.3216
273.6186,62.5376,27.0823,65.4594
272.4331,62.1025,27.5284,64.8271
271.7113,62.1284,27.1953,66.1050
272.4118,62.4220,26.5554,67.8677
271.8369,61.7643,26.4484,67.3812
271.3868,61.1737,27.5180,66.7585
270.7850,60.4115,28.3293,66.2516
272.2888,61.5776,29.2402,65.4011
272.2769,62.3459,29.3849,65.5841
271.1491,62.9670,30.2506,65.1454
270.4528,62.8551,31.0276,64.9354
270.4029,61.6544,31.1330,64.1321
270.4932,62.0540,30.9072,64.6285
270.0759,63.0668,31.1109,65.0547
269.5343,63.8693,32.1595,65.4850
268.7440,63.9193,32.8617,65.8539
268.0770,62.9361,33.6803,65.4899
266.5724,61.8335,33.8694,65.6388
266.5564,61.8489,33.4881,64.9739
267.7453,63.3132,33.8059,64.9664
266.4201,64.7259,34.3969,66.3117
266.3261,65.1530,35.3792,66.6609
264.5780,64.5696,36.3397,66.9563
263.7874,63.5771,37.7837,65.6440
262.9186,64.1415,39.0393,66.0300
263.1594,66.3616,39.3177,68.3458
263.5001,67.8938,39.5211,69.4713
263.0440,66.5322,39.4365,69.7736
261.5803,66.2311,40.0051,70.6408
260.4295,64.5976,41.4122,69.6342
258.7710,64.2538,42.7398,69.3920
257.4440,64.7634,43.2673,70.1258
256.4079,65.5423,42.9404,72.6345
256.8788,65.9085,42.6344,74.7804
257.5565,64.7694,42.6814,75.8264
256.7641,66.6644,43.6784,77.7445
256.1635,67.4096,44.6892,78.5670
255.7282,67.2135,45.0820,80.0534
255.6403,66.5374,45.3247,80.7153
255.7590,66.0905,45.0175,81.5225
255.0306,66.5525,44.6848,82.4858
255.2346,67.4341,44.6873,83.2299
255.5472,68.4439,45.3051,83.6304
255.2518,69.7385,45.1267,84.3473
254.7532,71.1854,44.3977,84.1202
254.4375,71.7035,43.4699,83.6260
254.0885,71.5495,43.2794,82.7162
254.7323,72.2633,42.7075,82.6806
256.2250,73.0334,42.5277,82.4799
258.1901,73.2365,42.3305,82.9171
258.0879,72.1630,42.0112,82.8962
258.5948,71.5390,41.1481,81.8020
257.5771,71.3346,41.0299,80.7875
257.5818,71.6351,40.3235,81.3399
255.7631,72.3581,40.7310,80.4081
255.3631,72.2334,40.8880,80.7297
254.6035,70.1600,40.5080,80.3620
254.4695,70.7862,40.1415,80.2997
255.1927,70.6471,40.1390,80.1165
255.7400,71.2737,40.8132,80.2517
255.1062,70.9247,41.8283,79.8364
255.3228,71.0158,41.9379,79.7408
256.5668,70.3751,41.6161,79.4358
257.2378,70.2227,41.3531,79.2203
257.6280,70.8581,41.2770,79.0023
258.3835,71.4432,40.7893,78.1642
258.1017,71.7782,40.7317,77.9197
259.7253,70.5858,40.4287,79.0372
260.0036,69.2902,40.4083,79.2891
261.4352,68.3205,40.2877,78.9176
264.3687,69.1192,40.9275,79.5927
265.4603,70.5451,41.9209,79.5870
266.4167,71.6538,42.2552,79.6192
267.5329,70.3135,42.1700,79.1455
268.8850,68.5505,42.4956,79.9576
269.5415,67.9890,42.3990,79.7132
269.7729,69.6324,42.7587,79.0400
268.9062,70.1359,43.2777,78.8443
267.9821,70.3005,43.8724,78.8307
269.0540,70.0247,43.3386,79.5060
269.5529,69.4768,43.1548,80.1378
270.7224,68.7054,43.4317,80.6018
271.4665,69.1751,44.1960,80.6260
271.4561,70.3860,44.5821,81.3403
271.0327,69.8570,45.0140,81.5502
270.1288,67.9754,45.0635,82.8190
270.3070,66.1075,45.0531,83.0324
271.2233,65.1200,45.0452,84.2838
270.9561,66.3952,44.8167,84.9023
271.6959,66.2304,45.8363,85.3913
271.8530,65.8437,45.9545,86.8028
271.9702,65.2370,46.1684,86.7892
271.6486,64.5788,45.9621,86.1422
271.9922,65.4473,46.8299,86.5429
273.4906,65.8485,46.5067,86.4813
273.9811,66.7161,45.9383,85.8367
273.4665,66.9019,45.6909,85.4409
273.3763,66.7853,45.8555,85.4503
274.7017,65.8636,45.7451,85.8310
274.1325,66.6016,45.5675,85.2680
274.8075,67.1901,45.5548,84.6350
274.1030,68.3577,45.6778,84.4978
273.8142,67.6887,46.0142,85.0245
273.5736,66.3454,46.2296,85.8418
274.4197,65.2603,45.7680,85.4591
275.0655,65.7975,45.4841,84.8914
275.2053,65.5667,45.8362,84.5057
276.1484,64.5797,46.2700,85.4909
276.6288,63.0106,45.9913,85.7773
277.3017,60.7190,45.7348,86.8492
277.3558,58.8810,45.8325,87.4237
277.7581,58.1265,46.2904,88.2477
277.8873,58.7207,46.6876,89.7443
277.7639,57.3537,47.6534,90.3389
276.2344,56.4608,47.4848,91.1340
276.4387,55.1745,47.2233,90.6531
277.3027,54.6269,48.0903,91.9416
276.3717,55.8188,48.1619,92.3709
277.5825,56.2617,48.4907,94.2782
277.0053,56.7740,49.2377,94.1116
277.6682,56.3647,49.4939,94.2262
277.2625,54.9769,50.0023,93.9544
276.9119,54.4364,49.9473,94.5417
275.9108,56.0801,50.8321,95.1103
276.4700,56.8999,50.6655,95.0966
276.7230,57.2606,50.6350,95.3819
276.9969,56.1688,50.2290,95.5735
277.3329,53.9572,49.9357,94.9263
278.1414,53.1108,49.9040,94.3738
279.6011,54.7798,49.8250,95.2410
280.7928,56.3670,50.2774,94.4066
280.1952,56.1295,50.4842,93.7439
281.8209,55.0239,49.9826,94.5753
282.1025,53.7135,49.8612,94.0508
279.7075,54.1144,50.7789,94.2121
279.9149,54.9125,51.1196,94.8549
279.8250,56.9087,51.5082,94.5254
280.2794,56.8876,51.3013,94.5090
282.7104,55.8421,50.2261,94.8791
282.0240,53.9136,49.5673,93.5493
281.3378,52.6884,49.6361,92.1781
282.2541,55.4384,49.7690,92.9923
282.8505,57.7687,50.5798,93.3608
282.9235,58.5197,50.8952,92.6402
285.6689,57.5508,50.0189,92.2596
284.5811,56.2916,49.9450,91.1336
283.5308,55.8018,49.6937,91.4220
284.1658,57.0507,49.8929,91.8537
283.8575,59.4236,50.5814,92.0463
282.2850,59.7658,50.4047,92.5659
281.7065,57.9857,50.2099,93.2548
281.4452,56.1241,49.5922,92.7748
281.4087,54.7622,49.1684,91.9950
282.1616,54.3850,48.8346,91.2153
281.9862,57.6357,49.4516,92.0514
282.7585,59.0018,49.8429,93.0243
284.8373,59.3380,49.8152,93.8110
284.0943,57.8771,49.4864,92.3828
283.8696,56.8199,49.6989,92.7489
284.7408,57.5920,49.4258,93.0820
283.7848,59.9068,50.2285,93.3773
282.3504,60.5800,50.9045,93.3424
282.9396,61.2275,51.1151,94.0094
283.3345,59.5756,50.7481,93.3972
282.9706,57.5416,50.6416,92.5090
280.8311,56.1295,50.7279,91.2590
280.4120,58.3381,50.4716,91.3899
282.4963,59.9811,49.8932,92.6869
284.7848,61.0854,49.2465,93.8161
285.3633,60.1928,49.1767,92.0202
285.8355,59.2553,49.0861,90.9549
286.2040,59.9310,49.7105,90.9425
285.7880,61.7062,50.5296,91.4113
283.7021,62.8715,52.0079,90.8134
283.7839,61.5664,52.2373,92.2432
281.9762,58.4852,52.0726,92.0148
280.7448,56.4802,52.2774,90.5847
280.1696,55.2286,52.2378,90.1502
281.0319,56.6595,51.8474,89.6443
280.5811,58.9719,52.7425,91.1840
282.6057,60.5605,52.4692,93.6841
283.9230,60.0052,52.9243,94.0606
283.6796,59.8523,53.7769,92.5814
283.1836,61.4935,54.7346,94.1166
283.8275,62.3715,54.7309,93.7198
284.4367,63.6283,55.5147,94.8333
286.3675,63.0727,55.4869,94.2694
287.5211,60.4517,56.0373,92.8973
286.6496,58.9920,56.6991,90.3755
287.5858,59.5651,57.5970,88.0284
290.5044,59.6804,57.3478,86.3325
291.1945,60.5458,57.5376,85.9308
292.7233,61.1627,57.4326,85.6667
293.8504,61.5011,57.2004,84.2372
295.3260,60.4775,56.7960,83.6030
293.4707,61.2594,57.4199,82.4657
292.3916,61.1539,57.9707,81.4314
290.4810,60.7936,59.3667,80.7628
288.3714,59.6806,60.7988,78.7373
288.8129,58.5836,59.8856,78.2177
288.8287,58.5920,59.3981,77.0380
289.6049,61.8372,58.5839,76.7486
293.2229,63.0758,55.9716,77.9256
293.7995,66.0527,55.9410,78.7037
293.5817,65.4343,57.4038,78.1814
292.7692,63.0885,58.6453,77.2588
290.5122,61.3707,60.0962,75.8001
291.2179,60.5315,60.2702,75.6062
291.1284,60.3378,59.8045,76.2169
291.4185,60.3835,59.0082,76.6156
291.8022,58.9941,58.2903,77.0101
290.5089,57.0876,58.4315,76.4743
290.4646,58.7602,58.5183,73.4592
290.7891,61.5077,59.3141,71.3542
291.8941,62.8363,57.9276,72.2352
292.7399,62.7711,56.7998,72.4309
292.6353,61.8481,57.2863,71.1000
293.0435,59.4517,57.1033,70.5339
294.1222,58.0495,56.8344,69.7728
294.5112,56.6133,56.7213,69.6331
294.1435,56.0688,56.4740,69.5363
293.7895,54.2368,56.6933,67.4857
293.5494,52.5738,56.2889,65.5116
293.5542,52.8587,56.1173,64.5036
294.9429,53.0956,54.9727,63.9608
296.2320,55.2870,53.4902,64.4417
296.6983,56.4343,52.2611,65.5181
296.1819,56.4466,52.7752,65.7764
296.0895,55.6250,53.1761,64.4018
297.2554,55.7826,52.2918,64.1897
297.1084,55.3969,52.1526,64.7962
296.1136,56.6731,52.5367,65.2635
297.1185,57.2104,52.4708,64.8269
295.9077,55.3904,53.4347,62.7614
294.0778,53.0351,54.4310,61.6114
294.6229,52.1951,54.4416,60.3813
294.8072,51.4105,54.3496,59.7767
295.6856,53.9451,53.7188,60.4635
295.3773,56.4682,54.1327,61.3583
294.8068,56.2992,54.5412,60.6699
294.0881,54.7768,55.0156,59.9883
293.3488,55.6390,54.7819,60.0258
293.6799,56.4008,54.2255,61.1164
293.3794,58.8166,54.1572,62.2445
295.5221,60.2445,53.7885,62.4424
294.0709,59.9017,55.1767,61.9297
291.9158,58.2787,55.9344,60.8120
292.5938,57.4326,56.1473,61.0195
293.8599,57.3943,55.6464,62.1923
294.5111,58.3155,54.5287,63.9252
294.2408,59.8942,53.8834,64.1772
293.5140,58.6671,54.9397,62.3480
291.4793,56.6951,54.0536,61.3218
288.9932,55.9712,53.9306,61.6455
284.4238,56.2475,53.7718,61.3990
281.1540,57.0444,52.3554,62.3879
278.2167,57.4539,52.4620,62.9140
276.3529,56.9516,52.6720,62.7175
276.2596,56.3018,51.9635,62.1091
276.9706,56.4570,51.3770,62.6670
277.5727,56.2727,49.9232,63.1456
277.8251,57.1604,49.4065,64.4019
277.2537,58.6026,49.6703,65.4013
275.4731,60.1635,49.7853,66.1312
274.3251,60.8310,50.0428,66.7528
273.3680,61.1404,50.5895,68.2639
271.1011,61.2766,51.6679,69.3146
269.6024,62.9392,52.2392,70.9879
268.1755,64.2579,53.5017,72.4324
268.4785,63.7662,54.1837,72.9392
267.3258,61.2155,55.2438,73.1884
267.0084,58.8363,55.8377,74.0568
265.5578,58.7385,57.2770,75.2386
263.6411,60.2234,58.8913,77.4221
261.0435,60.0538,60.6439,77.7236
259.5026,59.6928,62.0306,76.5337
263.2898,56.6842,61.2409,76.7776
262.6475,55.1287,61.7717,76.8353
264.2114,54.4532,61.2041,77.3615
262.7659,55.1547,61.5470,79.0686
262.2208,56.0148,61.4351,81.8670
264.4360,57.5575,61.2653,84.2003
262.9494,58.0640,62.3781,84.5169
260.0744,56.9250,63.3342,83.0995
257.5450,57.7521,63.1823,82.8722
259.0541,59.0104,62.4619,84.3356
257.8084,60.3125,61.6161,84.7710
257.2213,61.6225,61.6989,86.6545
256.0348,59.6815,62.9162,86.9503
255.5510,55.8664,63.8237,88.5768
254.3820,54.5464,65.9935,88.9539
249.9055,54.9759,68.9265,90.3727
247.4641,55.1415,70.6818,92.4425
247.3304,54.1684,72.1254,93.6933
246.8049,52.7158,73.1087,93.4649
246.3793,51.1551,72.7517,93.8083
245.9804,52.1497,71.7086,95.1856
248.7640,54.2151,69.1512,98.3754
249.6411,56.3390,68.6767,100.7273
250.2336,59.5648,68.8187,102.6917
249.4725,59.9745,68.7783,105.9413
250.4989,56.9981,69.4994,109.9150
250.3769,54.9659,71.6083,110.6936
247.6998,54.1569,74.3235,112.5912
241.8292,55.8765,77.5471,115.1951
239.5938,58.5746,79.7128,115.0267
241.2749,59.8203,79.4269,117.9191
243.9612,57.1030,78.7074,123.5620
245.3303,55.8725,77.6660,127.8554
247.8604,57.5936,76.4725,132.3212
250.8307,62.0048,75.9985,136.6176
251.9258,66.8452,77.2420,140.0755
254.4362,68.1422,77.8700,141.2628
254.4999,66.0128,78.6641,143.3839
252.9183,61.5706,79.7803,145.6215
253.2542,60.0040,80.0521,146.7169
251.4395,59.9112,80.6946,148.7301
251.6146,60.9945,82.4466,150.6575
252.6220,62.5259,83.1591,152.5685
252.1327,62.6570,84.1782,153.5730
253.1683,59.8468,84.9852,154.6737
254.5238,54.6915,85.2862,156.0994
255.3685,55.9223,85.9892,158.9271
258.8156,59.2705,86.4623,160.8862
260.4132,61.9205,87.0974,159.7178
260.7007,62.0447,87.6350,161.2874
262.8517,59.4049,88.8793,162.1581
260.7773,55.5085,88.4455,161.0762
259.0627,56.1940,88.8677,161.1224
260.9766,57.9281,89.7607,161.6962
261.9612,60.8879,91.1395,161.2604
261.5926,61.6945,92.2480,162.5835
261.6477,60.1301,93.1545,165.0961
263.5260,56.2751,92.6109,165.0133
264.2082,53.7133,92.0390,165.8365
265.6054,57.1040,91.7314,165.8450
267.3921,61.1882,91.6118,164.8429
267.4996,63.1322,92.5093,165.5791
268.8048,61.0397,91.9117,166.6008
269.4695,57.3230,91.6528,168.2206
270.5867,52.9122,91.3238,168.1972
272.4380,53.3334,92.2971,172.1912
272.2113,54.7395,96.4881,172.0302
272.1441,55.3270,97.3947,173.1399
272.4653,54.1396,98.6596,175.2655
272.9670,51.5621,98.2134,178.4699
272.1447,48.2519,96.3570,178.5795
273.1817,47.5503,95.9264,178.1187
277.2276,49.7894,95.2305,175.2729
278.3728,54.4495,95.6956,174.1974
278.8917,55.6871,96.2879,174.4367
278.9189,54.1544,95.2534,173.9437
278.5562,52.2915,94.6695,174.5672
275.4493,49.4381,95.6527,175.3599
275.8506,49.7693,97.9494,176.2788
272.2149,49.8643,100.3411,177.9621
272.8648,51.1175,101.6807,181.1918
272.5443,50.4348,102.0804,184.3031
268.5843,46.7573,101.8868,185.8102
266.5161,45.4288,101.0722,187.0950
268.9857,46.5369,100.1157,186.1073
269.6227,48.0996,100.5376,185.6580
273.4354,51.4621,100.8849,185.5344
271.2774,51.4963,101.3677,184.9965
268.2756,47.4353,101.3065,184.9598
266.2779,44.2283,102.0569,187.8508
263.4871,42.1712,103.2983,190.2701
266.1285,41.0916,103.8746,191.0764
265.1923,43.8417,105.3824,191.4558
265.5782,44.5482,107.5951,192.8680
264.8744,43.4033,108.6318,195.1900
263.1154,42.8178,108.5311,195.6549
262.7257,41.7256,108.6979,196.1798
266.8145,41.0494,107.4117,194.9308
266.8722,41.6514,106.3696,194.2178
266.3621,44.6820,106.5693,194.1912
268.4090,41.6217,105.3385,193.4431
267.4624,39.7952,105.8746,194.8965
266.5739,36.7483,107.0624,199.2098
261.9193,34.7566,108.6995,200.8198
266.0490,34.8877,109.5124,198.9450
265.1629,36.2235,110.4648,199.0915
267.0119,37.9596,110.0264,200.9743
265.0330,37.3797,111.6462,201.5523
264.7583,35.9975,111.8593,202.3240
265.0302,35.8511,112.3828,202.1779
268.0255,35.8675,111.7559,201.4874
269.9714,40.8860,111.4397,199.3890
270.9866,42.6073,112.2539,198.4157
269.5518,39.5163,111.9258,199.2697
268.2799,35.8541,112.4212,202.2076
270.3174,32.9831,112.0828,205.8401
271.2661,29.3607,112.2681,205.2787
272.3054,29.6881,111.4921,206.0508
272.9880,34.3607,111.8235,204.4167
271.8719,35.1118,110.8029,203.1628
268.9184,34.2766,111.1171,204.3728
270.3248,34.2812,111.7160,204.7867
271.1065,32.8136,112.8472,206.9128
274.0181,31.0231,111.6468,206.3696
276.5315,34.3389,111.0075,205.4638
278.4384,36.8096,111.8564,204.2031
277.3006,38.3525,112.6952,203.0671
277.4256,32.7157,114.0456,204.1022
284.4225,30.5518,112.1330,206.5115
287.0097,29.1892,113.1995,209.6624
286.8178,28.0805,113.8467,212.1083
292.0534,27.5626,113.3195,212.7101
291.4514,29.7076,111.7989,211.0527
292.2715,29.8408,111.7101,209.0620
292.6068,27.7576,110.4774,209.4434
294.7510,26.8703,109.7162,211.8305
296.1587,28.4934,112.1124,213.4124
296.3771,33.8450,113.5010,212.5295
295.5441,34.8667,113.5652,210.4387
293.1571,33.5087,113.5555,208.8380
297.5857,32.9452,114.2743,210.0542
296.1706,30.9488,113.9036,208.6823
295.9051,30.7832,114.9968,210.1840
296.7780,27.0373,113.6914,211.5617
296.3495,30.4895,113.0789,211.3815
295.8773,34.2521,112.5852,210.6663
295.3996,29.0414,111.5059,210.0428
292.3943,29.1099,111.8368,210.5638
287.2126,28.1676,112.5330,212.5018
283.9489,27.2268,112.9692,214.9598
281.0660,30.7910,111.7729,214.2886
277.5717,33.5846,112.4487,211.1086
276.8481,33.4474,111.7103,210.2849
275.8763,29.6148,112.4477,210.5283
278.0512,29.3098,113.1669,211.2286
278.7556,30.9356,114.2312,212.0513
278.4769,30.8063,115.3978,210.5978
276.5478,33.5845,116.3258,209.2691
277.3292,35.6787,117.8511,208.9481
279.3237,32.4573,118.3119,209.4598
282.1521,29.9366,117.1177,208.8129
281.2095,26.6536,117.3423,210.0411
278.9916,26.0183,117.5773,213.0350
276.7163,27.8722,118.0136,215.0438
276.4619,31.1175,119.2895,213.6143
273.6435,33.8571,119.2959,210.7661
273.8530,30.7976,119.9051,211.5032
276.8234,27.9027,119.9839,211.7419
279.8324,25.8967,120.9300,213.4602
281.9571,23.7122,121.2065,214.4215
282.0257,25.8348,123.1476,216.5595
283.6837,28.0781,125.2902,216.2321
282.6924,29.1794,125.8748,216.1616
285.1155,27.4132,124.4119,215.4170
284.0963,22.6838,124.0484,215.7681
280.8745,20.5830,124.6622,219.5352
279.0365,21.5685,125.1038,221.8767
278.4462,22.4449,125.4815,221.0166
276.6767,27.5622,125.5998,217.4542
272.6733,27.8732,127.0131,217.2415
267.7766,24.8614,127.2797,216.7452
268.9104,23.9071,126.4349,214.9673
267.4458,22.7785,126.6789,216.4456
267.9052,22.0160,126.3519,216.1332
267.0812,23.2155,127.0737,217.8957
265.3262,20.8420,127.5154,220.0826
263.3370,18.5743,126.5075,222.4080
259.5091,15.9264,124.4773,224.1350
254.6640,12.4482,123.1522,229.0946
246.1717,11.1673,122.4728,234.7968
231.9287,13.3667,123.1973,233.8951
219.8786,18.0412,123.8306,228.6765
213.0762,29.6289,123.4647,221.7614
206.6259,34.3030,120.0072,215.9589
206.1208,38.1898,116.9496,210.5523
203.6577,39.3806,117.3195,207.6527
201.6756,43.5643,120.1093,205.5361
200.3259,48.8986,119.3319,201.1789
203.8807,53.5478,127.2025,192.4289
212.0803,55.4589,136.8062,187.3892
223.7634,55.0123,143.1756,185.9119
236.6776,58.6960,146.7263,183.5901
250.1025,60.2456,149.4353,181.6796
256.8453,64.0767,149.5957,179.2479
263.8536,70.3390,143.9011,175.0895
262.4615,69.3638,135.4237,174.6196
257.9629,71.2226,132.1286,172.3386
251.9552,72.6170,131.7597,170.0742
254.8751,74.7450,128.6510,166.9997
248.5107,74.0665,124.4833,168.4527
242.8194,79.0255,121.2557,165.6170
245.1519,82.4478,122.9735,162.0068
252.1198,82.1114,125.5925,158.1318
252.0859,78.4323,127.0733,159.1342
251.1331,79.2749,125.4360,159.5967
249.4525,82.6881,120.1208,158.1568
252.8709,84.5814,113.9302,156.7673
260.3396,90.4960,108.7749,153.9486
267.8025,92.1072,106.9295,151.0974
274.2803,92.5355,104.3424,150.9133
283.1292,93.6350,102.7883,150.9291
289.7324,94.3401,103.5210,148.0933
298.0880,97.4171,100.2095,144.4875
305.6868,100.9508,99.2670,140.1289
310.3092,103.9944,96.9213,136.1985
305.0734,102.8132,96.5835,135.6760
302.3519,106.0536,96.9625,134.1767
307.8071,108.3427,96.9670,134.3089
314.8519,108.0682,97.4787,133.8405
318.8054,109.4307,97.5150,132.0121
319.5468,111.8538,97.4245,129.9356
309.9741,111.8790,96.7941,128.3374
300.4438,113.6687,95.8802,127.2539
299.7404,117.5947,95.3721,126.3668
300.7044,121.1039,94.1641,123.6039
305.4248,122.3496,92.9079,119.1167
300.7358,121.9030,91.6740,117.8287
296.4659,125.1241,87.3517,115.9540
284.4825,123.6811,84.3866,117.8069
280.2936,120.9340,82.3208,118.7501
281.2068,122.4961,82.7142,118.5389
280.3136,124.7022,84.1769,117.0643
278.1198,126.5727,85.0307,113.8150
280.6788,127.5797,82.5649,112.2448
274.8705,129.1942,79.0876,112.5722
266.5958,127.7855,77.4878,112.4297
264.2806,131.7895,76.3069,110.1695
269.2511,133.1731,75.2137,107.3823
272.7719,134.8243,73.3137,103.9514
272.6566,138.2199,73.1143,101.3056
272.1728,138.5990,68.4359,101.8332
272.4487,139.3511,64.2034,101.1077
271.8069,140.8983,62.5770,100.0883
275.1882,140.9111,62.1441,99.1643
279.2571,140.7807,61.4645,99.3025
282.7032,143.7228,60.4444,96.8882
286.4888,145.4548,58.0879,94.0513
288.1282,148.3717,56.0989,91.5639
286.3965,150.8111,55.0418,89.0794
287.1221,152.8351,54.1921,87.6001
290.4920,152.9933,52.3960,86.5006
294.1661,153.8182,51.4548,85.1281
297.3778,154.9884,50.5429,83.3240
298.1824,156.7600,48.8735,81.3422
296.2848,159.5210,47.6660,79.3613
296.8810,161.5344,45.9155,77.5821
297.9154,162.0691,45.4434,76.1752
298.3647,161.8757,45.5940,76.0710
297.3647,162.9312,45.8915,75.4342
297.1801,163.7478,45.1679,73.5486
294.7090,164.8206,44.8670,72.2489
292.8511,166.5770,43.9288,71.4788
291.0063,166.2457,42.2266,70.4781
288.5693,167.7218,41.7513,69.2681
288.2748,167.8304,41.3605,67.6823
286.1562,167.3595,40.0726,66.2328
284.2185,167.5345,39.0400,65.3734
283.8872,167.3119,38.1389,64.2000
282.6882,167.2578,37.8853,63.2316
283.0104,166.6234,37.1982,63.4559
284.0371,166.8726,36.8226,62.9610
286.1645,166.9321,36.6991,61.7251
288.9710,166.3714,36.5606,61.0694
290.6385,164.7343,37.0450,60.4065
292.0760,163.7487,36.7688,60.6407
293.7537,162.6039,37.1498,60.3881
295.3252,162.6574,36.3287,60.4853
297.2673,162.8679,35.8709,59.8972
297.1020,163.8685,35.2107,59.1614
295.2199,163.9832,34.5819,58.2444
293.1979,163.3272,33.6198,57.1467
292.1654,162.9417,33.2561,55.6203
291.2476,162.7800,32.7248,54.1416
290.6068,162.8204,31.6304,53.5911
290.2122,162.3523,31.4462,52.8386
290.7466,161.8411,30.8958,52.0051
292.6751,160.1762,30.9401,51.1969
292.3586,160.6811,30.9728,51.0504
291.2250,160.7106,30.6812,50.7994
291.6257,160.1651,30.8944,49.9228
291.1861,159.5729,30.9382,49.3390
290.2675,158.1254,31.9439,47.6239
290.1693,158.4652,33.5250,46.1016
290.0763,156.5117,34.6685,44.8323
290.1381,155.1886,34.8348,45.0340
289.4978,154.3977,34.6893,45.4989
288.2111,154.1816,34.5461,45.7358
288.1168,153.7874,34.7487,46.1578
286.8329,153.7661,34.9888,46.8153
285.0414,153.2970,35.7202,47.1985
283.4586,153.7790,36.5031,47.3850
281.3894,153.3156,36.3543,47.8396
278.1688,153.6103,36.5315,47.9438
275.4756,153.0720,36.3264,47.8164
273.3700,153.4228,35.5402,47.7580
272.7478,154.1566,34.1785,47.0105
271.5764,154.7096,33.2605,46.7040
271.1316,155.2793,32.4326,46.3642
270.0226,155.6355,31.5334,46.0270
268.2818,155.9254,30.9039,45.8781
265.7313,156.8751,30.4689,45.4525
263.4965,157.8172,30.0646,45.1812
260.9926,159.1470,29.9821,44.4627
257.9062,161.2194,30.1058,43.3244
254.8305,162.0536,30.4713,42.3287
251.5403,162.2401,31.1827,41.7612
248.7804,161.1504,31.6623,41.7692
246.5580,161.1365,31.6663,41.3816
244.6347,161.7762,31.7055,40.9647
241.4804,161.2057,31.4666,40.5496
239.6794,161.1536,30.6883,40.2407
237.2070,161.3512,30.4047,39.3658
234.7181,160.9079,30.8663,38.7988
233.0545,161.9457,31.2607,38.2658
231.9082,162.2148,30.9715,38.8626
230.0800,162.3831,30.6729,38.9166
227.9415,162.1778,30.0952,38.7497
225.6150,162.8769,29.8857,38.3897
222.7678,163.2892,29.6099,37.7696
220.6565,164.1798,28.8832,36.9964
219.2454,164.0328,28.1125,37.1739
217.9896,162.7272,26.9061,37.7058
216.9217,162.2638,25.4702,38.1464
214.8659,162.7619,24.2849,38.0011
212.3311,163.7098,23.8214,37.3049
209.8525,165.9637,23.7323,35.8341
207.9421,166.8974,23.6886,34.4339
205.8579,167.6480,23.5433,33.5458
203.9904,168.2046,23.4080,32.6261
201.6387,168.2894,23.7280,32.3876
198.5644,167.8275,24.2465,31.9337
196.7825,167.5614,23.6415,31.6300
195.6366,168.4215,23.3432,31.3193
193.9665,168.5579,23.5694,31.3365
192.6171,167.3102,23.7616,32.0283
190.6816,166.6346,23.8903,32.8293
190.6769,166.0323,24.7230,33.0606
188.2428,165.8577,25.0965,33.7305
186.9337,166.2097,24.9001,34.0600
184.5305,165.6792,24.7374,33.8520
182.1789,166.0616,24.7556,33.7033
179.1484,166.3733,24.5356,33.9423
177.5561,166.5711,24.2863,33.8257
176.5863,166.4598,23.8867,33.3968
175.7784,167.1035,23.7395,32.3177
174.8493,167.5726,23.8717,31.9710
172.8510,167.9576,24.2828,31.5331
170.7228,167.9055,24.0507,31.3916
168.5974,167.8094,24.0092,31.2191
167.1125,167.9490,23.1720,31.1769
166.1828,167.5830,22.4936,31.0721
166.2352,166.6632,21.5855,31.9217
166.3552,165.7383,20.8266,32.4703
167.3015,166.3536,20.4257,32.5808
167.1061,166.8214,20.9583,32.1343
166.9576,167.3241,21.7698,32.1557
166.4700,168.1806,22.2903,31.3870
165.8696,168.2204,22.0006,31.4954
164.9722,167.8002,21.7435,31.6541
163.7064,167.4746,21.4007,31.7654
162.3998,167.0186,21.6371,31.9297
161.5220,166.9198,21.7236,32.3852
160.0717,167.0582,21.9400,32.4812
159.3618,167.3366,22.0318,32.3746
159.7620,166.9752,21.8028,32.2305
159.5217,166.6192,21.6107,32.2539
159.6251,166.6402,21.4962,32.4329
159.5322,166.9975,21.6291,32.4556
160.1642,167.0524,21.3054,32.0786
160.4839,166.7988,21.2352,32.1530
161.5759,166.8448,21.0038,32.2030
161.0490,167.7872,21.2220,32.0132
161.7254,167.6590,21.0525,32.3642
162.4103,167.2228,20.9949,32.3190
163.1095,166.8315,20.7704,32.2838
162.8065,167.6277,20.8038,32.0481
162.7457,167.7524,21.2584,31.5899
163.0128,167.9373,21.3635,31.3779
163.4544,167.2378,21.2975,31.8265
163.0223,166.7414,21.1497,32.1031
163.9625,166.9829,21.0738,32.5771
164.4454,166.6522,20.8002,32.6715
164.4171,166.3018,20.4657,33.0446
164.0604,166.5375,20.3864,32.6787
163.6847,167.1472,20.4152,32.6089
164.1831,166.7217,20.6031,32.6688
164.0096,165.9952,20.3860,32.8082
163.7215,165.6999,20.1366,33.2006
164.4451,165.7793,20.1745,33.1911
164.3566,166.2769,20.3205,32.8983
163.9097,167.1111,20.4423,32.3448
163.6093,167.2123,20.7182,32.2104
163.8881,166.7543,21.1808,31.9044
163.2471,167.1971,21.1350,31.8559
163.0381,166.7060,21.4108,31.9398
161.9878,167.1575,21.5283,31.9567
161.6913,167.2769,21.2736,32.0007
160.7937,167.7088,21.3752,31.7362
161.1170,168.3991,21.3248,31.5147
161.8235,167.9125,21.1845,31.3247
161.7721,168.3987,20.8422,30.8218
161.9305,169.4259,20.7391,30.2376
162.3438,170.5908,20.5521,29.7386
163.1957,171.5703,20.2609,29.3131
163.8788,171.4305,20.3562,29.0147
165.0080,171.0400,20.3746,28.9854
167.3397,170.4250,20.3271,29.4015
169.3966,170.1821,20.3724,29.5608
171.0434,170.3620,20.3292,29.5989
172.0737,170.3095,19.7886,28.9217
173.9766,170.4428,19.9152,28.5500
175.6840,170.6319,19.7649,28.6087
177.6689,170.0315,19.9292,29.3339
180.2318,170.2099,20.2494,29.5381
181.4345,170.0455,20.1436,29.5068
183.3150,169.4734,19.9092,29.4921
185.1850,169.4314,19.4442,29.4307
187.8850,168.7170,18.8567,30.2212
189.4073,169.4866,18.7037,30.0677
190.9449,169.0339,18.5141,29.9356
192.8929,169.1682,18.5446,30.1686
194.3715,169.3712,18.6810,30.3672
196.5381,168.5456,19.1114,30.2159
198.0400,168.9510,19.4920,29.8508
200.7661,168.5990,19.6921,30.1394
203.3244,168.2571,19.7248,30.5566
206.0627,167.4924,19.2674,31.3575
207.5328,167.3421,18.5538,31.4045
209.0099,167.4260,18.3480,31.0540
210.3795,168.2297,18.5559,30.8416
213.3666,167.8966,18.3797,31.3430
215.9410,166.3609,18.0207,32.1429
218.4474,165.8754,18.1545,32.5934
220.6881,165.6472,18.2139,32.9273
223.5355,164.2518,18.5623,33.1250
226.0838,165.2867,18.5042,33.6135
228.4792,165.2085,19.0153,34.2010
231.3579,165.5736,19.2929,34.3760
233.7534,165.4249,19.5960,34.5280
236.4234,165.4653,19.5701,34.4843
239.6140,165.1217,19.9163,34.1193
242.4441,165.7330,19.6992,33.6088
244.0297,166.7433,19.4478,33.0378
246.5031,166.4120,19.7498,33.6447
248.8273,165.8839,19.9983,33.9942
251.3737,164.6607,20.6510,35.0615
253.8978,164.9922,20.7222,35.4443
256.8369,164.5598,20.2142,35.5929
260.0587,164.9170,19.7498,36.0348
262.3640,164.3073,19.8177,35.9113
264.8393,164.0749,20.7201,36.0046
267.9661,163.7678,20.7561,36.7757
271.2000,162.6522,20.8522,37.1062
274.4760,163.3622,21.0369,37.0178
277.2353,163.6439,21.2127,36.7737
280.4952,164.1667,21.3840,36.5919
282.8973,164.8966,20.9478,35.7012
285.8118,165.0804,21.6834,35.2677
288.6044,165.3337,22.4409,34.8006
292.0126,164.9003,22.4085,35.4329
295.5319,164.2254,22.3516,35.3578
298.6756,163.4789,22.7911,36.0823
301.2467,164.2225,23.0854,35.9523
303.1437,164.4213,23.8932,35.6593
303.8097,164.5628,25.2387,35.5920
304.4063,163.2220,25.9354,35.8286
304.5346,162.5328,26.6893,35.7287
304.4992,162.2617,27.6276,35.4709
304.1150,162.3131,28.6124,36.0382
303.8803,160.6308,29.4896,36.9189
2
0
0
0
0
1
348.7444,171.2752,17.9903,26.9822
350.3514,171.5634,18.3115,27.1500
351.5795,171.8811,18.5533,27.3644
352.6580,171.7091,18.4544,27.5837
353.3815,171.5615,18.6365,28.0372
354.3915,171.0995,18.3373,28.5440
355.3252,170.5735,18.4318,29.0040
355.4206,170.2866,18.1253,29.6248
354.9590,170.1014,18.4239,29.7140
354.4117,170.0323,18.9446,29.6087
353.1808,169.5846,19.6132,29.4613
352.8655,168.9117,20.2508,28.9845
352.8157,168.8311,20.5087,28.8203
352.3349,169.1513,20.7911,28.9641
351.8397,169.4031,21.1552,28.8175
351.0921,169.8391,21.3778,28.6236
2
0
0
0
0
