1
287.4538,76.1634,63.1541,226.1466
286.4268,77.5927,65.0866,225.8678
282.8679,78.9763,66.8968,222.6791
277.4007,79.7818,67.5018,219.2150
278.0231,80.8690,68.4525,217.0864
273.6081,82.9397,68.9117,216.3707
271.6517,83.2274,70.0117,217.8045
270.1786,83.3593,70.0314,217.8299
267.7366,83.9897,70.3905,217.4716
263.6106,87.3725,71.1152,215.6132
263.3968,87.7834,71.4009,214.9872
259.2605,90.1806,71.8380,212.7659
255.1202,93.5248,72.4910,208.2408
254.8519,95.1410,72.6166,204.6888
254.0796,98.2176,72.9528,202.0887
251.8273,99.1861,73.2508,200.6843
252.5351,99.4540,72.6276,200.9178
250.3917,102.0628,72.4523,200.1252
247.1770,106.8852,73.7880,197.7307
244.3928,111.0171,75.4352,193.9799
240.7402,115.3417,81.5644,187.8088
237.1202,118.2034,85.2846,184.7431
227.8774,127.3038,95.8537,173.8209
229.2723,127.9639,103.9897,167.0814
241.2670,115.2059,100.3702,174.4050
244.7295,114.4581,106.5299,168.4329
230.2134,126.7529,111.3160,163.2240
230.4057,124.3249,115.4937,159.9987
230.9260,116.0565,106.1535,170.1949
228.1278,119.5319,100.2272,175.0092
227.7173,119.0187,96.2181,180.0657
251.5251,100.6370,91.3152,185.3381
256.7039,100.9250,88.5063,188.3845
257.8956,100.2181,87.3515,190.7456
260.1952,109.7770,99.5480,179.8498
250.8436,118.0680,107.6013,172.7576
243.1573,126.5461,112.2222,169.0082
231.3693,137.9252,118.3199,166.9729
237.0368,135.2260,121.4099,166.9230
242.3187,133.0274,126.0709,166.1901
256.5505,126.0014,130.0170,165.3428
238.9863,137.2229,134.7951,164.7414
260.3151,118.1885,127.4137,172.3847
283.5174,103.6095,117.4932,183.2080
294.7740,98.1341,110.9944,191.0343
291.0993,93.5843,106.3588,196.4017
284.7094,84.7090,101.9521,203.6030
292.9949,80.0336,100.7523,208.9249
284.1667,78.0389,98.9334,212.9436
274.2676,78.2379,98.3674,214.3559
274.2523,79.0947,97.9380,215.5763
273.7960,79.7983,96.1525,215.0781
271.1584,84.1078,94.3332,212.5421
272.7889,85.7118,93.3983,210.6166
271.5278,88.7717,92.8617,208.9878
268.7724,95.1577,93.1958,205.5458
268.7943,97.1437,93.2249,202.9449
267.3318,100.1357,93.9264,200.4447
266.1235,104.5478,94.5454,195.8091
266.2804,106.4231,94.9952,191.8788
264.0567,108.9334,96.4599,189.0787
274.6376,112.8636,107.3177,178.7389
269.6299,115.7611,115.0299,172.2051
270.9366,115.7957,121.8164,169.5942
263.8153,120.0634,128.5620,164.1659
270.7453,118.1266,132.7489,160.6377
270.7456,119.5753,137.2586,158.0770
265.7444,123.4881,140.2555,153.9380
263.2928,125.7579,143.1219,150.8891
255.0071,127.2856,149.2917,147.3673
266.6561,119.6399,144.6958,151.8161
265.4097,118.0203,143.8261,153.5326
288.1537,108.3916,126.9494,168.5672
289.8787,99.8855,113.9323,178.5928
292.9564,97.2845,105.7159,185.7406
292.1302,94.9202,99.1745,189.7138
288.7918,95.4019,97.3541,189.6616
286.0444,91.9679,94.5834,191.2093
279.6493,99.8126,95.9102,187.5720
275.8512,97.1985,95.3668,186.7671
274.9300,95.7231,95.2131,186.1871
280.9626,94.1934,91.5191,189.6615
290.2014,90.9176,84.1323,193.0167
293.5881,90.0966,80.0420,195.1706
295.0665,89.3591,77.1450,196.9760
301.6965,92.8808,76.1685,194.8211
299.2865,93.9854,74.2512,193.5628
305.3528,95.4897,75.7084,194.2330
307.1285,92.3516,74.8986,192.3347
307.1940,92.0848,74.1053,191.4834
309.8389,91.3139,74.2158,192.5283
310.5832,89.3492,74.6754,192.0983
310.5640,89.5987,75.3487,190.6084
311.0506,86.2895,76.3004,188.0975
309.1032,80.9955,76.7032,190.2894
309.5710,80.3291,76.6266,190.6914
308.1412,79.7045,76.4926,192.7560
302.1718,76.6981,74.9641,196.5835
303.3174,76.4782,74.5352,197.9686
299.7699,74.8949,74.5399,199.4015
309.2066,74.5280,74.2199,205.8744
308.3710,70.5704,73.8170,210.6462
301.7353,69.4069,74.5166,214.5901
292.2491,69.1579,76.0302,214.9033
291.2532,67.2067,76.7359,216.1286
284.5992,66.3240,76.0885,217.8298
263.7694,70.4347,82.1415,212.1919
264.6820,73.4554,85.7892,208.4570
259.5332,78.5338,91.5275,205.1704
271.7261,69.9147,92.3643,206.1469
268.4136,72.2760,94.0860,207.5885
263.3550,73.1228,95.2156,208.1802
276.1489,71.9912,94.6472,209.0120
254.9597,74.3681,96.6449,208.7086
238.4311,96.3693,110.8700,197.9469
227.5251,88.1952,121.8514,189.4458
226.3905,96.1938,130.8299,183.3690
219.8647,101.4566,134.8428,181.7237
238.6649,87.8396,122.9306,192.9471
245.6310,81.3725,116.1829,197.6515
256.6028,75.1136,108.3017,203.9862
266.4746,73.3169,101.6119,209.7708
270.6209,65.2678,96.9665,214.4362
275.5090,67.6063,94.3409,220.9802
278.6168,58.3977,91.9264,222.5964
280.1513,59.4272,89.4987,224.4889
286.1005,58.2927,87.8670,224.4660
287.5939,59.9793,85.8597,224.0799
300.3311,62.0157,85.9335,221.7689
298.7831,64.0431,85.3264,221.3795
295.7654,70.2288,84.9267,218.8652
293.5663,69.8156,83.9810,217.0993
291.7518,75.6212,84.7529,215.3783
289.9914,84.6712,86.3587,212.2399
290.4248,86.9011,87.4607,210.0855
286.1043,82.8793,88.3960,209.9521
284.8988,93.2458,88.6221,207.1557
281.8213,88.7968,89.4310,205.2746
282.0239,95.6597,89.3830,203.3873
282.8137,101.7211,88.6617,201.9581
279.1258,94.0184,89.0887,199.5732
282.2236,102.3137,88.7985,197.2826
279.9916,97.0657,89.3926,195.1338
282.7410,102.8360,89.4728,193.3034
278.6999,95.9015,90.3534,189.9170
270.5898,92.4000,90.4590,188.6037
273.5471,92.6133,90.7026,187.0779
275.1786,90.9964,91.4732,185.7170
289.5524,108.7224,99.0567,177.1114
287.3487,110.7265,104.0477,171.3360
267.5030,92.8605,102.6616,171.5228
265.6353,91.1103,98.8219,172.9070
265.4425,91.3856,96.7838,172.5631
261.0991,86.8941,94.1384,172.5175
262.3714,83.5375,90.0875,175.6776
262.9205,80.9665,87.6646,175.5855
259.1532,76.2549,85.6772,178.3489
256.2822,74.3896,82.9093,183.7986
260.0393,76.4589,81.7562,186.3739
259.3840,76.8439,80.5144,188.5502
256.8736,76.2337,80.0919,191.6254
258.2668,76.2476,80.5766,193.3081
257.2564,75.7040,81.3572,197.8577
255.7335,84.7263,81.2096,199.0321
256.1899,83.4788,82.5615,198.7065
256.3026,82.5584,81.7820,200.9740
251.6741,80.5819,79.8538,202.3207
249.3610,77.1056,76.7285,203.6805
248.3901,76.3748,74.4138,204.8716
246.1481,83.6762,72.2340,202.7391
244.9688,80.8664,70.3020,203.5763
242.8375,85.3996,68.5608,202.6533
238.7938,83.1937,68.4446,199.7129
236.8517,82.3623,68.1248,198.6820
235.8528,79.7936,67.9443,198.8724
239.0990,85.0494,66.7249,198.5931
238.0998,81.9356,67.0989,197.7007
242.6853,86.3714,66.0613,196.5030
255.1982,85.6254,67.3790,197.2302
252.8711,85.0399,68.6454,197.6815
252.7294,86.2274,67.7379,199.5393
254.2732,77.5802,66.0702,204.3998
255.3842,74.4003,64.7672,208.2525
258.0188,71.8962,64.5602,211.2772
262.7607,70.1261,64.2104,214.0885
262.5103,69.4879,64.1281,216.2509
264.1466,68.9918,64.8150,218.8435
267.6479,72.6427,66.0828,219.5949
268.7628,71.9192,67.3814,219.6755
269.6947,75.0789,67.9741,217.3391
273.1018,78.8493,66.7225,212.1651
273.9935,81.0905,66.0203,208.3235
278.0377,86.0066,64.9573,205.8288
280.8117,95.0978,64.0635,206.3669
281.1814,95.6840,64.7796,204.1211
284.4228,96.9969,64.2042,205.0494
288.7211,99.5509,63.9787,204.6284
288.1750,98.0713,63.4453,205.7596
291.0014,99.1834,62.2924,206.4508
297.2675,96.6786,61.8563,205.6392
298.3524,97.0264,61.6487,206.0669
299.7501,96.1555,62.5657,208.5879
298.3558,84.4654,62.3364,213.9218
299.5947,82.5723,62.8574,217.8542
297.3597,77.2005,63.0959,219.3067
293.9505,75.2552,64.2332,218.8546
294.4286,75.4673,65.7350,218.7739
291.8207,76.4237,67.7748,220.1459
281.1429,75.4073,71.1447,219.3973
279.4431,74.3549,72.3444,218.1355
275.3735,75.1808,73.6166,217.8264
267.1192,75.5099,75.2719,216.8188
263.2912,77.3957,74.7516,216.0642
263.3215,79.1832,74.0700,216.0271
272.2367,76.6054,73.0373,215.6759
274.4344,76.1629,72.9774,215.1688
279.4182,75.8797,73.5497,214.5388
280.8393,73.3679,73.5961,214.6286
279.8452,74.9985,74.1669,214.1190
279.7772,71.7940,73.7996,215.6294
280.7067,65.4709,73.3615,216.8031
281.0246,65.6771,72.7051,215.5132
280.0970,64.8040,72.8247,216.0119
281.7520,70.3861,73.3389,212.2381
281.2130,70.7161,73.4036,210.1750
284.0164,70.3559,73.8410,208.9467
288.8264,72.5795,74.4674,206.5657
287.6007,72.4364,73.7050,205.2550
290.8185,73.2838,74.0496,204.1439
293.8466,78.4061,73.2280,200.6791
293.5120,79.6895,72.6930,199.4209
294.5445,81.6607,73.4761,198.2606
300.1972,81.6581,73.2290,195.5681
300.4361,83.9524,74.1215,193.1878
301.3471,84.5815,74.6116,191.5847
307.2320,83.7075,73.9984,188.6827
306.7681,84.7027,73.7273,186.5144
307.7613,83.2044,73.4134,185.0470
310.8647,81.1396,71.8959,185.0088
310.3069,82.1647,70.9113,184.2523
310.3298,80.6517,69.1571,185.8522
315.6721,73.7313,67.0106,189.4922
315.9559,72.0464,65.8662,192.2157
318.5084,68.5242,66.3763,194.6066
315.5778,61.5774,66.5597,198.4430
314.8902,59.2613,66.3869,202.0338
317.1866,57.5725,67.2536,203.9688
323.8271,59.4557,68.2453,200.2918
324.7830,60.1743,69.1588,196.5423
325.2274,62.8626,69.3442,192.9941
327.8983,67.8032,68.2929,191.0640
326.9071,72.5416,68.2497,189.4652
327.1411,72.8234,68.2226,187.6866
330.8868,69.6213,67.4215,187.5000
329.7696,70.9712,67.1961,186.8847
329.6557,71.2198,66.6745,184.2600
326.7844,69.6572,67.8558,182.6034
326.6549,70.7753,68.9362,181.8783
324.2079,70.8952,69.9299,180.6896
323.5370,70.7779,70.6421,180.2640
324.9525,71.0916,71.8035,181.2761
322.4736,72.8097,72.3971,180.5387
318.7364,69.4667,73.4761,180.1440
316.7271,68.5296,73.2978,180.6302
317.5142,68.1457,72.5762,180.4799
320.1234,70.9076,71.3057,180.3920
320.8422,69.5847,70.5376,180.5823
325.5344,70.2900,69.2527,180.6927
326.6769,73.8144,69.6661,178.6804
328.2652,75.1173,68.6245,176.6782
329.4468,77.5312,69.0747,175.4178
328.5123,77.6965,69.9272,174.8133
330.2211,75.4312,69.2022,175.3957
330.6394,75.1887,69.5030,175.9926
329.3436,72.6860,69.4649,176.4948
325.0086,70.9562,68.2209,176.3343
323.7071,70.7018,66.5328,176.9701
319.9602,71.7062,67.0736,175.6432
314.6431,73.8202,72.1842,172.1851
310.3063,75.5278,77.5641,170.2666
305.8079,76.0166,82.6102,168.3177
302.5817,80.3667,85.0029,164.1885
298.6848,81.5302,88.2879,160.8179
311.5636,82.3919,83.5512,159.2493
321.7943,81.4167,79.0291,157.1388
319.8669,83.3199,74.5495,155.8879
315.7605,85.5679,71.3910,155.2341
316.2468,85.3474,70.4207,154.3556
311.8003,86.6061,68.5440,153.3197
315.0269,87.0501,69.3543,153.5787
307.1600,83.9330,67.3407,153.5364
318.3829,83.2295,65.2280,154.3295
312.3644,83.7332,64.4076,154.6193
302.8841,78.0515,62.8881,155.1279
299.7550,77.7599,62.4256,155.8160
291.8703,74.5785,64.1662,156.9409
281.7091,76.1869,61.1318,160.0858
290.9833,70.9651,60.3108,162.9003
285.4088,67.4531,60.9993,165.7836
274.5319,75.0739,59.8076,166.1937
275.1881,73.7519,57.7700,166.3689
273.7898,75.2552,57.2741,165.8070
269.3187,76.7277,57.0576,164.6152
268.9087,76.8682,56.9620,163.1033
270.5818,77.2318,56.4048,162.1514
272.4770,78.4016,54.9143,160.5633
272.6996,78.7773,54.0320,159.8237
271.2344,80.8495,54.0059,159.1616
270.0828,77.1309,52.3516,158.8569
270.7809,76.5110,51.3969,159.1881
271.1460,76.0220,50.6113,159.6683
272.7369,75.1778,49.3743,159.2583
272.2118,72.6272,49.0907,162.4478
273.4232,75.6748,49.0074,161.1596
276.0257,72.1168,48.3473,162.3499
275.9170,71.6472,48.0910,163.5847
276.9147,70.5599,48.1513,164.8754
273.5044,69.5448,48.6450,164.1011
274.0833,73.1819,49.4749,163.0931
275.6405,76.6909,50.8558,162.0019
278.8745,72.6453,52.0267,159.6082
278.1534,75.8274,53.2710,158.0785
279.8412,73.0814,52.3974,159.5984
280.8601,79.5400,52.7630,157.7780
279.5244,85.2866,52.9606,157.0774
280.0027,83.4676,53.4168,156.5254
279.1332,86.9819,53.5956,155.0036
278.9985,88.0639,54.1296,153.9973
278.3088,89.4756,54.2942,153.0113
286.2171,85.3219,54.8152,151.7547
283.1432,89.9325,54.5667,150.5187
283.2686,89.0207,54.2645,148.4191
281.1994,92.8928,57.3628,146.0238
278.5253,95.3854,58.5782,145.5621
278.1024,93.7328,59.6412,145.6104
281.0840,94.5220,61.6610,144.7194
280.6220,95.2114,62.4838,143.8892
280.9163,93.7123,64.6924,143.5262
283.4459,93.3591,67.8888,142.0186
283.7040,95.5169,69.2953,140.7637
284.6099,93.2658,71.8598,140.3998
291.5445,92.9053,72.2748,139.7859
291.9637,94.0277,73.2161,139.5006
294.8010,92.1042,72.7986,140.9028
301.1794,92.3245,69.6591,142.4419
301.1620,92.1062,67.4168,143.0070
308.2448,92.1763,67.0663,144.3087
304.1503,92.6576,62.9342,144.1705
302.5624,97.2383,60.5123,142.1921
302.2171,94.2089,57.5697,141.5867
300.2490,89.4382,53.9889,145.2678
300.5653,86.9986,50.8567,147.7599
296.3439,87.7847,49.8908,147.8717
291.1354,87.6291,50.3557,150.1211
289.9427,87.7916,50.4653,151.3217
288.4434,85.1738,51.3534,152.7806
292.9392,86.9004,52.7370,153.2235
290.5350,86.6867,53.4217,152.8998
286.6020,89.2911,55.0897,153.9079
284.5204,87.4147,54.8170,154.8387
284.5655,86.8296,54.5846,155.6661
283.4464,82.5466,53.9840,158.0119
279.5433,82.0312,53.0809,157.9287
277.4225,83.3313,52.3662,157.3814
275.3449,85.7656,52.7720,156.7831
274.2679,90.1957,53.8882,154.2477
273.4649,90.9878,54.6117,152.7449
268.4076,89.2607,57.2238,153.0563
269.4654,86.6421,57.3105,155.5608
266.4663,85.3498,57.5269,156.7865
270.4517,84.6052,58.2901,158.4656
278.1549,86.7435,57.6966,159.1133
277.9512,86.5528,56.8035,159.7013
283.7397,89.1640,57.5544,159.8365
292.3435,94.0643,58.2958,157.0589
292.0393,95.6025,58.7734,154.4265
294.9412,93.6328,58.6386,152.3409
298.6920,94.8772,58.4049,153.1439
297.7701,94.9911,58.8120,153.4277
298.2749,93.1154,58.6697,154.2794
299.2112,94.8235,60.5964,153.6452
298.4261,95.6219,61.9127,153.6062
300.2886,97.4893,63.7919,152.4891
301.6376,100.3209,63.7991,151.2133
301.2727,101.3554,64.1248,150.2227
302.2203,101.2197,63.5949,150.1798
305.3047,102.1671,63.4345,150.2724
306.2803,101.1915,63.2421,150.8628
308.2034,102.1444,63.3017,151.6811
311.4437,103.9752,63.2507,150.5193
310.8698,103.6212,62.6872,149.9265
315.0682,104.9401,61.9483,149.0706
304.0664,104.9398,61.9950,149.4860
303.2881,102.7135,62.1599,149.5234
299.3750,103.7653,62.9501,148.3965
288.8424,96.2311,64.2313,149.4963
285.5900,94.2542,65.3536,150.5947
317.5441,117.5616,74.8791,139.4371
336.1965,121.2962,69.6032,138.8373
340.2355,120.1141,64.5600,139.6959
336.4806,120.6643,61.4560,139.3246
344.6881,128.2618,60.7988,138.0809
340.4683,125.1302,59.7826,137.2164
344.0493,126.0109,59.1242,137.1853
336.6174,126.8818,60.0581,133.8162
337.9578,126.8883,61.0467,132.2228
334.0273,127.2792,62.1447,131.4084
325.4534,127.8410,63.1574,130.0896
324.0199,128.2642,63.2039,128.9721
319.9212,127.3372,64.8494,129.3869
312.6186,125.6676,64.7621,130.4155
311.6630,125.9993,64.2750,131.3190
308.5493,125.0191,64.2084,132.6934
305.2234,121.6112,64.0272,133.3100
305.6698,121.2588,63.9448,133.6205
305.4847,119.7264,63.8890,135.1544
302.8373,111.4515,62.1368,138.2205
254.4950,102.9960,58.1603,144.0882
259.4241,98.5581,54.4083,150.3191
265.7062,101.5520,54.1159,150.7768
265.2369,101.9206,54.1998,152.0902
266.4741,107.6134,56.0522,150.1852
281.1866,107.9356,58.5391,149.4564
290.3685,109.8003,59.6203,148.7567
284.7895,113.1298,62.4316,148.2577
283.0502,115.1661,65.3437,146.8248
279.7288,115.6729,68.1866,145.8541
284.0009,115.0197,68.1878,147.4064
274.9363,116.5200,68.9782,145.7488
268.5775,118.9201,71.4769,143.7364
278.2078,111.1559,68.6977,145.3319
275.2385,114.3457,66.2115,144.6373
274.0808,117.0819,64.9200,143.3339
271.7368,118.1822,64.7369,142.5451
268.5561,115.2629,62.2218,142.7045
267.2283,114.6660,60.4460,143.0580
267.7809,112.2869,59.5774,144.2898
264.0433,106.4359,58.9428,147.5567
264.3444,105.3242,58.5956,149.8313
265.8878,102.4423,57.1734,151.6465
267.9383,93.8224,54.2835,154.5658
268.0318,91.4383,54.0426,156.4527
269.6971,88.0239,53.6919,156.6875
275.3502,91.6367,52.0190,157.5237
277.3055,93.5459,50.9135,158.5057
280.0629,95.6890,51.6614,159.3879
286.7212,101.4651,53.3774,159.3444
285.4021,100.1245,54.7961,159.0251
287.7504,103.9466,56.8311,158.0880
289.7788,109.6811,57.4254,153.9318
290.9174,111.4992,58.0958,150.9387
289.1939,115.9007,57.5954,148.9156
285.3582,121.2359,59.0832,144.6369
289.2363,123.3983,60.1120,142.1230
285.2823,126.5715,63.0116,140.0966
279.2342,124.8594,64.1302,140.6835
273.2297,124.6976,64.2518,141.4567
273.0464,124.4693,65.3007,142.9475
256.7566,123.4835,65.7905,144.9017
261.1046,121.5175,67.3421,147.2947
251.0023,121.1001,67.7132,148.2267
247.6489,118.6406,69.7795,149.4980
243.0722,117.0640,71.1980,150.1437
248.0195,118.7893,80.9846,144.8175
246.1643,117.4276,90.3037,140.3629
239.5526,120.3231,96.1205,138.6149
239.4702,117.7453,102.0573,138.6450
235.3619,117.4488,102.2016,142.2729
233.1397,116.1958,102.2933,145.4875
240.3787,113.4155,105.9164,146.1017
240.8044,110.3861,107.2607,145.7549
241.2913,109.3750,106.9384,147.8645
245.0514,112.8537,107.4726,148.5865
246.9782,111.9117,107.9499,150.8383
247.7813,111.1194,108.2003,152.3193
245.4001,111.6321,109.3054,152.7569
243.5049,116.4858,111.4056,149.0724
242.3208,118.1174,113.5327,147.3298
242.4615,117.9897,115.0574,146.4637
242.5466,119.2324,115.4116,146.3129
242.7697,120.6675,116.2002,145.3909
242.7953,120.1263,116.4263,145.2585
248.6899,113.5761,108.5373,149.8151
253.2797,108.3718,102.1516,153.6944
254.4323,107.5118,95.5823,156.8918
258.4891,101.6190,88.9075,162.6655
261.5232,97.3361,83.9771,167.3636
264.3640,93.7908,79.1758,171.6520
269.4015,89.8087,73.1296,175.5337
273.6034,89.0922,69.2845,178.7506
277.3402,90.1934,66.2800,180.2677
278.3204,91.2094,63.6636,179.6187
279.2916,92.5696,61.9495,178.7008
280.8875,94.2110,61.6570,177.0852
281.4496,93.9380,61.0358,175.3771
282.7708,94.2526,60.3962,173.0585
283.8409,93.5536,60.6290,172.1859
287.6570,94.1140,59.1054,172.0481
290.6525,93.1236,58.5996,172.9747
293.4035,93.3798,58.3113,173.5543
295.6630,94.2202,58.3223,175.0266
295.2093,94.4402,58.1593,175.6094
295.0546,96.2453,58.7439,176.4846
296.3618,92.8314,56.0604,181.8550
299.5541,96.4389,55.1170,184.1202
299.5564,99.1519,55.7445,184.4970
299.1835,97.5108,55.5282,185.8240
300.5371,102.2475,55.2064,185.4287
298.7395,98.3739,55.1230,186.5158
296.9458,108.8575,59.9445,179.0885
295.3931,113.9855,64.1522,172.2936
291.7434,116.1031,66.2121,169.9907
282.7036,114.4579,66.6970,168.8445
284.0690,116.2426,67.2893,168.0417
281.5603,118.3323,68.8124,165.3404
277.4803,116.3263,68.0085,165.8878
278.5289,116.1774,67.2267,166.4724
277.5629,115.2069,66.2002,169.2589
276.3300,112.8170,65.3230,171.3624
273.6276,109.3933,66.8312,174.5686
272.0949,107.2560,68.1683,176.9523
269.7932,107.7198,69.8575,178.7872
270.6579,104.1738,71.4331,179.7269
267.5086,104.1631,72.7668,181.2130
265.3710,103.9538,74.4014,183.1498
264.4217,110.8844,75.1880,182.6351
261.2039,111.9202,76.4942,181.3858
270.0553,111.6049,77.9664,181.0039
265.7100,116.8143,78.5793,179.4218
263.2913,118.1413,78.8531,178.3683
261.9350,119.3011,78.7984,177.4308
260.5670,117.2316,78.0777,178.5183
267.6869,116.5215,78.4140,179.5517
262.4252,111.9493,78.5666,181.7878
258.8155,105.6855,76.4578,183.9964
258.8519,105.2274,75.2642,185.4110
256.3088,105.9566,75.5714,186.1194
256.4254,101.1626,74.9104,188.1176
258.5268,101.7264,74.3036,189.1607
258.4419,99.3024,74.2966,191.3320
227.5046,85.7456,69.1594,197.3186
227.8091,82.1388,65.6247,201.1997
228.8905,77.6258,62.7930,205.6994
235.3021,75.3377,60.6504,210.7427
234.3549,70.8032,59.0947,213.9659
238.5536,69.2677,59.3501,217.4128
248.8783,79.8930,61.8098,216.0401
256.0161,86.8795,67.7460,210.6342
247.5958,88.0372,68.9278,209.7885
245.2199,85.3025,73.0863,208.3521
245.9977,85.1656,77.4385,207.8365
248.2618,86.9110,82.7987,207.0463
252.2240,87.2304,88.0375,205.3068
248.5855,85.7692,91.6487,205.1835
250.6161,85.8900,94.9270,206.2007
259.5192,86.0278,96.5627,206.4196
258.9045,85.4846,97.9483,206.9903
249.6201,99.5995,103.0416,203.2654
265.8916,96.5636,103.5598,203.7035
265.2074,94.1250,102.9343,204.7789
268.8463,89.9905,103.2543,207.3175
266.2101,90.6846,100.2203,209.0925
267.0968,90.3255,98.5782,209.9288
271.3356,86.4827,97.7449,212.1495
270.6797,84.8791,96.7870,213.2784
257.0509,71.2942,93.1654,215.9043
258.7182,70.2804,90.1677,219.3695
260.3550,71.4458,90.0983,220.1794
262.9219,70.6362,89.3756,220.6391
264.0124,75.4496,88.6645,220.2262
261.6390,80.2040,85.9867,218.5062
258.3806,81.9312,85.5231,216.5607
260.2137,84.2077,86.5874,211.2492
256.0605,87.8564,87.5561,209.3968
256.0874,89.6149,88.3051,208.4930
252.5852,91.7489,89.1420,207.5153
248.3490,90.2732,90.2942,206.8978
247.3634,89.7441,91.6293,206.6627
252.2580,86.0147,90.5876,208.6336
260.0043,77.6608,86.4379,212.0968
259.4511,75.4354,83.7828,214.1363
265.0327,72.0818,83.9862,215.8080
280.5445,72.3750,86.4464,214.8829
279.6321,72.4228,87.9880,214.9585
282.3897,74.7593,91.1498,215.0958
292.0224,73.2840,91.8614,217.2037
290.0403,74.4539,92.2696,217.4275
292.2204,73.5325,93.3199,217.6060
285.6943,70.0072,93.0958,217.3191
283.9286,69.8109,93.3703,216.2476
285.4206,67.6163,94.7270,216.5596
272.4246,59.9428,88.4996,221.9771
271.3686,52.9900,80.4638,228.7408
272.4139,49.0260,80.8670,229.5594
263.7533,55.3722,80.9235,227.7457
2
0
0
0
0
1
374.5952,77.4661,85.5998,188.0599
379.2604,77.2205,85.2413,193.8080
383.6656,77.4113,84.8118,198.0504
386.8330,74.6704,85.2564,201.8083
399.8038,78.4423,84.8743,202.2764
401.6053,76.3776,84.1945,202.8077
405.6583,78.0196,83.8345,204.6653
408.4549,83.0196,84.3343,202.0976
407.6718,83.5241,84.2646,200.5547
408.9185,87.7071,85.2641,196.7220
408.8501,92.9448,88.0531,194.3943
410.5931,95.0988,90.6100,192.0449
411.4987,97.5944,94.3637,190.0923
396.6335,101.4872,99.7047,183.2192
400.1194,103.8555,105.8704,177.6931
400.5020,107.1928,111.1059,173.8064
395.3118,113.0721,117.7953,165.1651
391.8510,116.2214,122.7344,159.4132
393.3301,119.2626,124.8072,155.5657
381.2988,113.7970,122.2553,156.5413
384.2745,111.3427,119.9731,157.8409
372.7122,108.1195,117.4704,157.7107
376.8052,106.1191,112.7073,156.2879
377.5499,114.0179,109.8632,152.7510
370.7232,107.2217,105.1530,153.6479
379.1509,91.8458,89.4512,172.4748
384.4679,84.9151,79.3985,185.7043
388.5732,82.2900,73.0458,194.2569
392.2636,83.3748,70.0220,196.1328
392.9619,82.5008,68.0443,198.0850
394.2787,84.8394,67.9172,197.3291
394.5671,90.2094,68.3492,195.0931
394.3059,90.4022,68.5168,194.5347
393.1443,92.2137,68.8225,194.4622
390.6715,89.8053,69.0573,194.5301
390.7288,89.1877,69.0305,194.1603
388.6187,86.3434,67.4668,196.3459
383.2710,76.3673,63.3003,201.5135
383.0840,76.1772,60.7564,204.2323
382.7859,77.8560,59.9390,205.0494
382.2676,87.4019,60.6302,203.4812
381.3451,90.0315,61.3918,200.4873
379.6476,94.1242,62.4881,198.9388
377.5939,98.8379,63.0700,196.1450
378.1409,99.2783,62.9405,194.2172
376.0721,101.4138,63.6206,193.2033
376.3588,101.9208,64.5779,189.2149
376.7579,103.3759,64.7371,186.3907
375.9637,107.3054,66.1254,182.4341
373.9494,106.9224,66.5940,181.7698
374.9926,108.6230,67.3614,180.8335
374.4077,108.0602,67.3977,180.7613
373.8922,104.0733,67.1705,181.2449
374.3053,101.0161,66.3021,182.7719
372.7965,102.9004,66.6919,183.8367
369.4844,97.9436,67.3671,184.9916
368.7292,96.5922,67.8669,188.4526
366.3162,93.4773,68.1555,190.9957
364.0318,92.9155,68.9583,190.4179
363.3992,92.5427,69.4995,190.1726
362.7296,95.5660,69.2396,191.1992
357.6970,99.7419,71.7742,187.9709
356.9031,102.4158,73.9723,184.5746
353.0585,104.3696,74.8017,180.7305
348.9224,107.9147,74.0226,176.8774
350.1944,108.9737,72.3571,174.6745
346.6848,109.4620,71.5296,171.9327
339.2899,114.1319,70.0494,167.3884
341.7546,114.8130,68.3638,165.0473
337.8679,115.3625,67.1289,165.3513
333.4562,116.1750,66.3792,163.7592
333.4579,116.8753,66.0001,162.5163
331.1287,117.7447,65.3653,161.8969
325.1269,120.4577,65.3702,161.0532
323.6863,122.8531,66.2113,158.9791
319.5146,125.5525,66.7050,157.4297
314.5335,128.3513,65.9761,156.8821
313.2766,129.1167,65.4555,155.3134
312.1386,130.4137,64.5587,155.8052
309.4709,128.5788,64.4853,153.9546
309.8825,129.6703,64.1619,153.3395
308.9226,127.8060,62.5538,154.1516
304.9878,123.9883,60.1450,154.9766
305.0286,126.9071,58.6774,154.9676
302.8843,124.5909,57.3848,155.5784
303.4579,123.8556,57.7180,157.5288
301.3025,123.8818,58.5824,159.1315
301.0144,123.5497,58.9165,161.5641
299.0876,120.6005,59.2757,165.9268
297.2669,117.3106,59.8090,168.8137
299.1208,115.4961,60.0092,171.0082
304.7091,105.6612,60.5879,173.1434
305.2873,106.0735,61.2038,174.9336
308.5934,105.6495,61.2515,178.7362
312.2730,109.6555,59.9515,184.6331
314.1520,108.2669,59.0906,189.2061
317.2282,104.2815,58.4323,191.0875
318.5217,108.7090,56.9244,194.0921
320.6619,108.9344,55.8900,194.3282
321.1721,112.5044,55.9843,194.9670
325.2381,117.8748,56.7687,192.5724
325.2335,120.2844,57.6687,189.9539
326.9255,117.7834,57.7370,190.2689
328.0478,118.8976,59.0690,189.9851
328.3175,115.2811,59.1953,190.7121
