1
535.3881,200.7413,22.9616,21.5497
532.4908,206.2768,24.1806,21.3621
529.6780,213.3598,24.4915,20.8450
528.0819,219.8466,24.7757,20.7176
526.6279,226.6153,24.8490,21.0381
525.1107,233.3369,25.2578,21.1985
524.7133,239.8109,25.1389,20.8298
525.6425,245.9095,24.9886,20.1500
527.1359,249.4983,24.0734,19.8546
530.3614,254.4159,23.8163,19.4175
536.0021,256.5848,23.0933,19.4401
542.1913,258.4599,22.2446,19.3521
551.2877,261.6496,21.8791,19.5748
559.4044,263.9654,21.2754,19.0640
569.8923,266.0249,20.9865,18.5868
580.1960,267.5638,20.8386,18.1261
590.2435,268.8329,20.7773,17.9564
598.0690,270.0055,20.3345,17.7307
605.4666,270.7818,20.0400,17.7761
611.4408,271.2204,20.0197,17.9789
619.7582,273.8742,20.0188,18.1371
622.7809,273.3972,19.4879,18.9259
2
0
0
0
0
1
681.8866,290.9462,25.8929,10.5570
685.5352,290.6639,26.0189,10.7727
689.1373,289.9232,26.4322,10.9957
691.9194,288.4074,26.3871,11.1438
694.6058,287.5721,26.3700,11.0248
697.7378,284.6342,26.5998,11.1702
700.5278,281.6326,26.3162,11.4290
704.4942,278.3408,25.7669,11.7354
710.0692,273.8535,24.3168,13.0234
716.4471,268.9324,22.9128,14.5914
724.0469,264.8412,23.1610,14.8452
731.3887,261.2568,23.8473,15.3442
737.6558,259.2537,22.4370,17.0828
745.3979,257.3493,20.8103,18.5023
2
0
0
0
0
1
860.0843,220.7418,16.9895,13.4012
872.6260,218.0536,17.2859,13.2758
886.4970,214.7108,18.2640,11.9855
900.7908,210.9943,18.6617,11.1811
913.9901,206.6086,18.4153,10.8197
927.4094,201.0662,18.4665,10.5183
939.9725,195.7639,18.6358,10.0000
951.1003,190.0804,19.1094,10.0000
960.2424,182.8003,19.4924,10.0000
975.5582,177.0521,19.6652,10.0000
987.2172,173.1787,19.4962,10.0085
999.7447,170.1619,17.7795,11.5720
1010.6669,167.3374,16.4928,12.3264
1022.3252,165.3022,15.8644,13.0675
1031.9845,165.7761,15.3483,13.3716
1040.1875,169.0967,14.9693,13.6229
1048.4340,174.8995,14.7416,13.6478
1055.9156,175.2846,14.4836,13.6792
1061.6853,172.7704,14.3761,13.8799
1065.6290,166.2552,14.4963,14.1050
1069.4668,159.5726,14.4064,14.5068
1073.2302,153.1394,14.5381,14.8579
1073.5403,144.6461,14.6556,15.1196
1074.2139,141.8780,14.8670,15.2992
1074.6875,139.2767,15.2362,15.3912
1075.0339,136.1819,15.4474,15.2923
2
0
0
0
0
1
1104.7213,80.3312,10.2935,11.6171
1107.3911,79.2831,10.5030,11.2295
1108.4487,76.5049,10.8359,11.0532
1111.5460,69.9186,11.0150,10.7156
1111.1608,68.2037,11.2441,10.5693
2
0
0
0
0
1
1163.3640,44.7590,10.0000,10.0000
1167.4546,43.1141,10.1035,10.0000
1168.1276,42.8024,10.1760,10.0000
1172.3744,44.2408,10.1029,10.1432
1180.0034,45.7496,10.3396,10.2197
1186.5996,48.8567,10.2870,10.6165
1192.8402,53.2778,10.0660,10.7142
1197.4161,58.5578,10.1254,10.7598
1204.5410,69.5491,10.2007,11.1055
1212.2672,83.9586,10.3793,11.7447
1217.8457,96.2120,10.7114,11.9868
1222.4843,108.6592,10.7541,12.1084
1229.4241,123.9741,10.8166,12.3987
1233.8125,139.7881,11.2244,12.5211
1237.8229,155.8054,11.7556,12.5213
1241.1805,170.5726,12.1780,12.4725
1246.0424,185.6134,12.6048,12.7224
1248.9753,202.2086,13.1436,12.8142
1252.6461,222.3083,13.4962,12.8388
2
0
0
0
0
1
1256.2881,309.0425,17.1274,10.0000
1254.9180,310.8160,16.9718,10.3761
1251.1824,313.0405,16.9945,10.7828
1247.3075,317.3232,17.0503,11.1321
1242.6768,321.7378,17.6811,10.6957
1236.4709,328.0581,16.7995,11.3779
1230.0425,334.6811,16.1496,12.4152
1222.7391,343.1016,16.0061,12.7769
1216.3583,349.8970,15.6671,13.5501
1208.0808,359.5902,15.5335,13.9939
1200.2655,367.7469,15.0767,14.6929
2
0
0
0
0
1
1127.6588,442.3875,16.9156,13.2201
1123.5570,445.6040,17.9117,13.3560
1117.2229,450.2038,18.3163,13.8191
1113.5006,454.0201,18.0136,14.3982
1108.0537,458.3214,18.2851,14.4878
1104.1522,461.8648,18.4597,14.6434
1100.5376,463.7711,18.4418,15.1869
1097.6814,465.1111,18.9805,15.4141
1096.1990,464.0870,18.5610,15.3174
1095.3383,462.3967,18.3867,15.6951
1094.7025,460.4203,19.0014,15.7106
1094.2900,458.3111,19.1252,15.5269
1093.6978,454.5381,18.5490,16.0024
1092.3623,453.2792,18.5694,15.4092
1092.6790,451.8098,18.3655,15.4651
1092.7625,450.2271,18.3581,15.5195
2
0
0
0
0
1
1043.6677,446.4331,14.1753,12.5271
1040.1675,446.1253,14.3228,12.0336
1037.0275,443.9051,14.4394,11.8186
1035.2688,439.3607,13.9196,11.6025
1033.5031,436.6312,13.5016,11.5519
1031.3636,434.6871,13.3119,11.6717
2
0
0
0
0
1
982.4741,422.6710,16.9284,10.0000
980.5233,423.1217,17.0367,10.0000
976.3890,422.5424,16.5255,10.0000
973.6661,422.0272,16.3582,10.0000
969.7056,421.2488,16.2387,10.0000
967.6255,418.7956,16.1683,10.0000
965.2521,415.7433,16.3800,10.0000
963.2016,412.8917,16.0745,10.0000
961.0339,410.2395,16.0551,10.0000
960.7444,407.5887,16.4881,10.0000
956.1924,402.5557,16.8319,10.0000
956.6315,396.7038,16.9190,10.0552
956.6694,390.9739,16.9857,10.1534
957.0045,383.9326,15.7693,11.2838
957.5486,379.5370,15.0443,11.9164
2
0
0
0
0
1
918.9537,348.7000,22.3436,10.9926
918.5174,345.1919,22.5230,11.0366
919.9138,341.7434,22.4760,11.3869
921.3664,337.9230,22.2615,11.4930
2
0
0
0
0
1
870.9052,326.9137,24.3708,10.0000
864.5473,328.9974,24.6050,10.0639
858.7400,329.4730,24.2434,10.5172
852.7256,329.6054,24.2856,10.9169
846.6164,329.3899,24.1511,11.2043
840.1681,329.0461,24.1758,11.2063
834.1971,328.4396,23.3369,11.7343
828.1808,328.0309,23.0324,12.0363
820.6816,330.1802,22.8231,11.8310
813.4307,332.8897,22.4280,12.0703
806.7383,336.0004,22.3940,12.2855
799.4570,338.5420,21.8350,12.2360
792.8203,339.4037,20.9030,12.0809
787.6353,339.3220,20.5324,11.8831
781.1224,339.3363,20.3825,11.7699
776.4343,338.7760,20.3010,11.5739
778.0175,334.7374,21.5086,11.1403
2
0
0
0
0
1
730.8957,290.1544,20.3422,12.8460
725.4489,284.2061,20.4634,12.8783
721.1302,277.5376,20.0710,12.6190
718.2067,271.5706,18.8666,13.4747
715.1045,267.7449,17.6315,14.0932
711.8423,263.7853,16.8746,14.7273
708.7689,260.0275,16.1822,15.1818
706.0411,256.9239,15.5317,15.1485
703.5641,253.9823,15.8512,14.7016
701.3717,251.5640,16.1756,14.7880
697.9044,249.3705,15.8383,14.7743
695.4192,248.2862,15.6031,14.9950
693.0040,246.2168,15.7042,15.3659
690.5313,245.4330,15.8556,15.1796
687.2045,243.0636,16.1847,15.4849
684.5403,242.0746,16.0334,15.4469
682.4205,240.1189,16.7352,15.2992
682.9445,239.0350,16.8162,15.2559
2
0
0
0
0
1
619.8310,219.0319,22.3451,15.8794
614.2258,219.2598,22.5861,15.2619
608.8681,216.9148,22.5745,15.0136
601.7532,215.5592,22.9487,14.3603
594.9808,213.9588,23.7438,14.0208
590.4675,214.2218,23.6339,13.5950
591.9969,212.0696,23.3648,13.4176
2
0
0
0
0
1
525.6697,211.1093,19.5992,19.8301
522.0717,212.2465,19.3165,20.0677
517.8153,213.3272,19.7056,19.6532
514.0960,214.0023,20.5166,19.2623
509.7237,214.3736,20.4695,19.9298
507.8949,214.5956,20.7698,19.7282
506.9924,214.1371,21.5725,19.4146
504.9437,216.2959,22.0321,19.2984
496.2646,217.9844,21.5106,20.1157
496.0466,218.7728,21.0250,19.8811
500.1664,216.0027,21.6730,19.7592
2
0
0
0
0
1
467.3339,243.5460,18.1442,18.9246
465.2744,246.6287,18.3606,19.0809
463.7581,250.0025,18.7722,18.9015
462.3915,253.3179,18.9758,18.5609
460.7704,255.6448,20.0899,18.2754
458.9778,256.8589,20.6523,18.0198
457.8708,259.0707,20.9422,18.0398
456.8767,260.9877,21.2281,17.9678
457.2137,264.3811,21.1402,17.9097
457.5578,266.6021,21.3527,18.2216
458.5138,268.7361,21.6389,18.5919
459.2234,271.9846,22.0536,19.4772
459.9048,275.8022,22.1557,19.4538
461.1551,279.9297,22.1589,19.4023
462.4008,281.3401,21.6717,20.0202
463.2678,283.4580,21.6114,20.3504
464.3023,286.3163,22.1102,20.6028
465.6628,289.0628,21.8201,20.7817
467.7287,291.3383,21.5810,20.8230
469.3788,293.3400,21.7352,20.5903
471.5904,294.9034,21.8092,20.4240
473.0967,297.5882,21.7378,19.8929
474.2771,299.7466,22.1397,20.2465
475.5980,302.2309,22.4899,20.4101
476.7709,303.8760,22.8771,20.6366
481.4248,303.4518,22.9475,20.6831
485.9815,302.0594,23.1249,20.9571
2
0
0
0
0
1
460.2490,320.1952,22.5197,17.5359
460.5354,319.1648,21.2073,18.5794
459.6110,318.4809,20.1520,19.4239
457.6494,317.6761,19.0822,20.2579
455.5563,319.9033,18.5031,20.2370
453.2276,322.6557,18.6018,19.9281
450.9744,323.2505,19.0737,19.9834
448.6491,323.5479,19.2898,19.6932
446.4992,324.2794,19.1288,19.7191
444.7000,324.4742,18.9318,20.0888
442.7771,325.4207,18.8899,19.9491
441.5580,325.2938,18.5883,20.2786
441.6367,325.1892,18.7951,20.5515
441.5608,325.1903,18.7485,20.4655
441.8880,326.3875,18.7992,20.2344
442.7131,327.3068,18.6825,20.2983
444.6832,327.7563,18.5182,20.5082
447.2595,328.4289,18.5697,20.7992
448.4727,329.8103,18.3678,20.3059
449.6134,330.7784,18.4064,20.3279
449.9116,331.1932,18.2736,20.2717
449.3689,332.4337,18.2867,20.2097
447.4788,333.7795,18.1732,20.0368
445.9157,334.8743,18.3878,20.0986
442.9675,335.5830,18.8094,19.0984
439.3252,335.7760,19.4670,18.4397
434.4149,335.5347,19.7417,18.1458
431.5830,334.3781,19.9165,18.1286
427.3464,333.8479,19.9857,18.3890
424.8820,333.4101,19.9139,18.5928
423.0424,331.2408,19.6311,18.8719
421.8118,329.4574,19.6664,18.7769
2
0
0
0
0
1
371.4989,311.8400,13.8221,11.0823
367.8082,308.9528,13.8676,11.2063
365.6046,306.0436,13.9454,11.5225
364.1509,303.1843,13.2434,12.0267
362.4347,300.7454,12.9304,11.9654
361.4563,298.6292,13.0759,12.1150
359.3368,296.0020,13.0728,11.8207
358.2074,294.5404,12.8126,11.7536
