1
759.0674,238.7634,155.6999,95.0547
754.5175,241.3180,159.9817,95.7782
755.3710,243.5228,162.2665,96.0069
755.1165,244.1696,163.7880,96.3363
755.6520,245.3349,164.2243,96.4367
759.9265,245.4129,166.8221,97.8541
759.0004,245.3998,168.2522,98.5933
758.2142,244.2348,169.7395,98.7856
760.8642,242.9495,171.8885,99.0250
762.2949,242.8097,172.3451,100.0476
766.5123,242.7442,171.6177,100.7116
768.0896,240.0924,171.6182,98.9575
768.4697,240.6206,171.2360,100.0023
770.8126,239.5502,168.7718,100.0640
773.3043,237.9419,166.0569,100.2584
771.7610,237.1969,165.7500,101.5637
771.5131,236.5234,166.6776,102.0303
772.8990,234.9077,167.7813,102.9290
774.3669,232.3794,168.8357,104.7003
773.2077,230.1800,170.4460,107.2892
777.2672,226.0360,172.0625,108.4497
778.3276,223.1060,173.6345,108.7639
778.7685,221.3446,174.4984,108.1432
781.9666,218.6774,174.0796,107.1205
788.0243,219.6923,170.8886,107.1595
794.4122,218.6364,167.0665,107.5375
797.0425,216.6614,164.5598,107.7451
798.9778,215.6410,162.4391,108.5947
804.4803,216.2056,158.6209,110.5619
809.3653,215.1026,154.9057,113.1591
815.9199,213.9159,150.3967,114.4925
816.7780,215.5221,148.9521,115.6430
819.9970,217.2595,146.5815,116.6913
823.1694,217.8683,143.8822,115.9008
824.6008,217.2687,142.1210,114.2715
827.8672,215.5574,140.7277,112.0288
827.6504,214.1304,139.7915,110.1101
828.3828,214.5864,138.4878,108.3243
830.8842,213.7248,137.1673,106.1669
832.9330,214.1514,135.3954,104.9169
839.3995,215.6065,129.1739,105.0229
842.5906,214.3896,124.8539,105.8672
847.9717,214.4481,119.5695,105.7947
849.3277,212.8974,116.9946,105.2685
850.0137,211.9102,115.1687,104.4636
854.0495,210.9616,111.1656,106.1206
857.6151,208.9109,107.5174,107.5396
857.9116,209.5548,105.1029,108.6207
859.1868,207.0365,103.9058,109.3874
862.9663,207.8979,100.8617,111.7350
865.0243,204.7187,99.4497,110.8004
869.3113,204.0268,96.4364,110.9995
873.9904,203.8708,92.6883,110.6449
875.8391,202.4725,89.7076,110.9787
877.1227,202.0817,87.9096,111.3365
880.4020,200.6602,86.0306,110.7735
882.7907,199.9140,83.1894,109.6558
885.8353,202.8548,79.9038,110.5689
886.3604,200.6354,77.8420,110.4750
889.2645,201.8610,76.4118,111.8972
888.6843,200.9467,75.2993,112.2219
890.3470,201.8354,74.5317,113.3669
888.9304,200.2983,73.7044,114.9076
890.2202,202.6626,73.4873,115.6170
891.0071,203.7962,72.6724,117.4884
891.5898,200.4688,72.4384,117.3367
892.7407,202.8762,72.1911,116.8807
891.5747,201.8968,71.1254,114.6926
895.0446,203.8496,70.1276,113.1407
895.5764,205.2270,68.8229,111.2322
896.6575,206.1600,67.6599,110.0578
897.9630,206.0297,66.4630,108.7326
897.5222,208.0539,65.4513,107.3296
898.2344,211.3434,64.3386,107.2818
898.2618,212.3574,63.5464,107.3360
897.6829,209.7803,63.1374,107.7960
897.9437,208.4279,63.9498,108.2259
897.2005,207.9164,64.4735,108.6126
897.9706,209.9533,65.2076,107.8542
896.3812,210.5397,64.5741,107.2464
895.0580,207.9281,64.7005,108.2244
893.6744,205.3945,64.9681,108.9973
893.2263,205.9308,65.3952,109.3828
893.9966,205.1697,65.6570,110.7762
892.7057,205.5461,66.3936,111.2593
892.6149,206.7042,67.2572,112.2407
892.3025,205.4193,68.8222,113.2823
892.7659,205.2412,68.9455,114.6998
892.6200,206.3547,68.9920,113.3844
892.4282,206.5725,68.9352,114.8775
892.7902,207.8059,68.0674,116.1731
893.1049,204.3005,68.8528,117.4915
891.4689,208.4454,68.0588,116.4011
893.2833,206.0555,68.0229,114.5309
893.3392,207.4781,67.2441,113.9606
892.8846,207.6351,66.8440,114.0091
892.7544,207.0665,67.0964,112.7204
892.6336,205.1105,67.4225,111.9079
895.5214,203.0140,67.2552,111.4119
893.1739,204.6502,66.3194,110.1172
892.9158,204.4129,66.4447,109.5296
894.4943,203.6443,64.9904,109.0117
894.9198,204.0464,63.9141,108.3968
895.7022,205.8750,62.8870,107.3896
896.1363,206.5988,62.3242,107.0071
897.1299,207.0869,61.7338,106.6206
897.0441,207.1886,61.4034,106.5570
897.3265,205.9887,61.4627,107.5583
897.5551,206.5065,61.0406,107.8270
897.5722,204.7619,61.0902,106.9449
897.1248,205.3665,61.2841,105.8376
898.0206,205.7202,60.8093,105.2691
897.4894,206.3024,60.7636,105.6383
897.7737,206.9168,60.5581,105.2808
897.8620,207.2543,60.1766,105.6697
896.4993,208.2739,63.1229,102.6553
892.8685,211.8731,65.7927,100.2593
892.1774,213.8291,67.4544,99.4564
891.6944,214.6103,68.1570,99.2116
890.6876,215.5197,68.9853,99.1457
890.0400,215.0645,69.3474,98.7287
890.1770,215.6120,70.0002,99.1557
889.3265,215.7120,70.3616,99.6954
888.9318,216.4742,71.6824,100.1567
888.9670,217.9086,71.8671,100.3063
885.5718,216.0527,74.2718,100.6056
878.5781,212.0948,79.1354,100.2880
880.1833,211.9601,81.1345,102.4320
882.2671,209.2640,79.3808,106.4401
884.1195,206.8852,77.9389,109.7660
885.8173,204.5102,76.5698,111.3845
887.0301,204.2891,75.9453,109.8643
887.5378,204.4394,75.2957,109.3054
887.9743,204.3554,74.8880,108.7593
887.9920,204.5186,74.6413,108.1986
887.4843,204.7971,74.5401,107.5817
877.8290,206.9237,79.9155,105.2662
877.7980,207.0112,82.1198,104.3131
863.0508,205.6488,90.3679,102.3867
852.0337,203.9692,99.5567,99.9024
845.8182,204.0486,105.6745,97.3927
842.7286,204.4692,109.5903,95.1966
840.3163,205.0924,111.7489,94.3898
840.4586,204.9686,113.1805,93.9281
839.5263,204.8610,114.8135,93.1166
838.6826,205.7819,115.8731,92.3902
842.5869,205.4682,115.5639,92.7662
845.0233,203.9057,114.2115,94.0695
844.8691,202.3873,113.3713,96.2044
844.3097,199.8248,113.4954,98.0021
840.9716,198.7742,114.8059,99.4584
833.3105,191.0754,117.1885,99.7033
835.6146,194.4375,119.6059,102.7944
837.0282,196.3227,121.4346,105.2220
836.7397,196.6618,122.6313,108.0830
832.4649,193.8232,123.9347,108.3982
833.7516,193.3594,126.0851,109.7888
828.2092,184.9763,126.8203,108.8812
825.3206,188.1641,125.6754,108.9594
830.1375,189.8215,126.6724,110.9690
828.5797,189.1402,126.2499,111.4121
827.6367,190.4446,128.7942,112.4805
826.4594,191.2379,130.5038,113.4242
824.8413,187.5981,130.8196,112.5283
826.4630,188.4370,131.5408,111.9922
825.6316,189.3338,132.7427,111.7087
824.7972,188.2622,132.1536,110.3180
830.6329,190.9504,130.3247,108.3959
835.4079,196.7033,130.0533,104.9251
834.3548,203.6192,130.4880,101.8032
833.0234,207.6078,130.7404,101.4174
832.2634,210.2975,130.7543,99.8879
830.9112,211.1264,130.9131,99.1356
829.7151,210.0178,131.1237,97.5135
829.7726,211.0525,131.4605,96.7298
828.7271,212.2504,131.8115,96.1998
828.8760,212.0807,131.4684,97.0481
829.2186,211.6817,131.3562,97.6706
829.4724,211.4691,131.2144,98.3489
829.0909,213.5761,131.4275,99.1691
827.3734,211.7860,132.4328,98.2120
819.4247,212.6996,136.1303,97.5211
813.4969,213.6927,139.3440,97.1304
807.7349,215.5463,143.2598,97.6375
802.4275,216.3314,147.3983,97.9642
801.5926,216.6165,149.7675,98.7579
801.1782,218.1646,150.8638,99.8582
800.9631,217.4189,151.5709,100.5090
801.6637,217.1295,152.8124,101.3449
800.5111,217.5029,154.3645,102.2313
798.6815,217.1530,156.3832,102.7501
790.4739,218.2552,161.8192,103.6331
777.2518,219.7425,172.1656,101.8562
766.7170,221.3812,183.2021,100.3408
761.8046,221.6228,190.7021,100.4779
758.3923,223.3439,197.3788,100.1950
753.8452,224.3470,202.7150,100.7834
751.1248,223.3010,207.3542,100.7990
750.9237,223.6617,211.4115,101.0732
748.2585,223.9487,214.0271,101.6790
747.1909,223.3976,216.2536,101.8611
747.8837,222.4820,217.6153,102.9958
748.7413,223.3742,218.8278,101.9402
755.2277,223.3988,216.7829,100.5374
753.7697,222.9290,215.1562,99.8559
757.6886,222.3431,212.8620,99.7490
758.4141,223.0826,210.8081,99.3606
760.1888,223.1183,208.6916,98.6950
759.4910,223.8939,207.2859,98.4243
762.1164,221.9352,205.1727,97.9216
760.8354,223.4124,204.4877,97.2900
762.4688,223.4609,203.1731,96.9038
763.4858,223.6542,202.3399,96.7053
762.6021,223.9075,202.2512,96.8452
760.7725,223.7159,202.9901,96.9358
759.3538,224.0248,204.1687,96.8259
753.6863,224.6138,205.7709,97.9838
748.7151,224.2100,209.1715,99.5707
747.7076,225.4448,210.3841,99.8155
748.6097,225.6867,211.1644,100.1133
743.9704,226.1485,214.3958,98.8921
743.7599,230.9701,215.3350,97.2424
741.9595,233.4244,217.7188,96.0429
741.3199,234.5164,219.8553,95.1287
744.5485,232.6138,218.4272,94.9765
746.4174,230.9421,216.4512,94.5024
745.2064,229.2263,215.1282,94.4065
744.7921,229.9538,215.5890,94.1826
743.4572,229.7640,216.0825,94.7487
741.1976,229.1123,216.3853,95.3738
740.1156,228.6446,216.5042,95.3596
732.9119,229.7185,218.2246,94.4629
730.6937,230.3508,220.5273,93.3697
731.4481,230.7266,221.6647,93.3554
730.4569,231.3479,221.0602,93.1555
723.0084,229.9528,220.2315,92.5358
716.2488,232.2351,220.5494,90.0934
715.9738,231.9001,220.4009,88.3988
714.8881,233.0288,220.0689,87.5436
715.6075,234.9246,218.4646,86.0178
715.8499,237.2937,217.2943,85.2830
717.0057,235.7997,214.8896,85.0274
751.3495,254.3852,214.2104,84.7246
760.8192,257.3344,210.8948,84.2605
756.4215,259.9567,210.7237,84.1686
764.5161,256.9926,209.8947,84.0036
2
0
0
0
0
1
440.3958,197.4873,125.0009,100.3000
432.9801,197.6481,128.6865,99.6431
427.3572,197.4756,130.4104,99.3135
426.7751,197.0863,131.3299,98.8391
424.7061,196.1229,131.7991,98.4688
424.5926,194.9706,131.9405,98.8688
426.4501,193.6561,131.2886,99.4553
424.3487,194.3073,132.5643,99.8338
424.9193,194.4838,133.8388,100.1630
424.0780,193.6558,135.3463,101.2260
424.0722,195.3425,137.0737,101.1046
423.8844,196.8657,138.1215,98.9173
424.5449,196.8121,138.0903,98.4639
422.6723,197.5575,139.2347,97.5354
421.1913,198.3984,139.9027,96.8431
415.3060,200.8622,143.6754,95.9026
414.2495,202.3636,151.7364,92.4033
410.6028,202.0707,157.6096,91.8635
407.3168,204.2547,159.9796,90.2486
405.1635,203.5101,162.3240,89.3601
402.9979,203.1691,163.6779,88.2110
401.5155,202.7511,164.4078,87.7086
400.1497,202.3434,164.2430,87.6664
398.9806,201.8914,164.5459,87.9197
394.4973,203.4713,166.2562,87.6100
393.0400,200.4206,166.5328,89.5505
392.2655,197.4852,166.1325,91.0394
391.9423,198.0870,167.5030,91.9419
390.6226,198.2060,166.2063,93.6301
390.6935,197.1851,165.5913,94.5302
392.6574,196.8386,159.7702,99.1566
395.8635,197.1188,152.2929,106.2690
396.7643,198.3057,147.0877,109.4525
396.4255,189.8188,143.5545,110.9028
400.6231,201.9096,139.1304,115.7522
403.0378,199.8407,136.3076,120.1173
403.5005,199.3335,133.6835,123.8301
404.5511,198.0931,131.6676,126.6907
404.7053,197.4001,130.9658,127.2486
403.5558,197.4032,131.3858,126.3096
403.8538,202.4399,130.2623,126.0371
402.9936,205.1606,129.6586,125.3304
402.0394,206.9496,128.5450,125.8514
401.9861,208.0273,127.2877,127.0061
400.3750,208.7968,126.9521,126.0374
398.8195,211.9250,125.4812,126.6277
395.2735,212.7445,124.2185,126.5345
396.0091,212.7175,121.9396,128.8388
392.0914,212.9624,121.8306,127.4870
389.3867,211.0009,121.1485,125.9785
389.7368,208.5068,120.4200,126.1133
386.8915,209.5941,121.1164,123.7836
387.3326,211.0846,121.7160,120.9859
385.9698,213.2794,121.9118,117.9694
386.0049,215.3078,121.0820,115.3810
385.2767,215.1779,120.2311,113.8507
385.2474,216.6999,119.7740,111.5044
383.3934,216.0991,120.7485,108.6691
384.2589,215.7410,120.2862,106.8343
382.4181,216.7260,120.9916,105.6792
380.4615,217.4387,121.4911,103.3955
380.3441,218.9606,120.8786,102.9431
380.0204,218.3058,120.3453,102.0870
377.9789,218.6385,119.6249,101.8209
378.5441,220.3909,118.8678,103.1102
377.4177,220.4473,118.3515,105.3164
376.3427,218.3134,117.8194,107.8160
377.1478,217.3085,117.0286,109.7627
375.1859,217.3944,116.9832,110.0151
375.7191,216.7857,116.3432,110.9380
378.3594,214.4368,115.5887,114.2223
378.4439,214.3159,114.9565,116.9846
378.6170,215.5638,115.8789,116.7092
378.3122,214.8020,116.4112,117.3227
378.3338,212.8880,117.2897,115.9364
372.6337,211.8099,122.7350,111.4777
370.7098,214.5810,126.6172,106.6475
368.7477,216.8809,130.8319,102.9897
365.4687,217.5556,134.5783,101.0578
362.7832,216.5279,136.9484,100.0369
356.4062,216.8142,139.1757,100.5695
356.9652,216.1216,140.1920,101.8141
357.4198,215.5835,139.9667,102.1270
357.4048,215.3260,140.3441,102.3146
355.3181,215.2127,141.6482,102.5432
360.2553,216.1198,138.8878,102.3146
362.7215,215.3447,136.1958,99.9817
362.0881,215.4047,135.1565,98.4921
362.4571,214.4014,135.5458,96.7680
363.3524,213.9273,135.5970,95.3747
351.8618,214.0719,142.8718,90.6098
353.6406,214.5877,145.3338,88.1553
354.5066,213.7505,147.1750,86.2545
352.0015,213.8863,148.1751,85.6813
349.6165,213.7291,149.2814,84.7756
342.5748,213.1319,152.6017,84.9207
341.7232,213.2872,155.0544,84.8660
342.1178,213.0709,155.7182,84.2604
339.2018,213.4264,158.3906,83.5981
335.5439,213.0358,160.1879,83.2421
332.6049,210.7226,161.3295,83.2991
331.4181,211.7657,161.5254,83.9973
330.1851,211.0507,163.1922,84.1009
330.5532,209.2668,165.4143,84.4503
324.3449,210.9977,168.9590,85.4479
322.8545,208.3813,169.4626,86.8039
321.9191,207.9819,170.6622,87.3779
320.5214,206.6971,170.7567,87.2654
320.0573,206.7733,171.3930,87.8114
318.3866,207.9256,171.2872,89.4538
320.9045,207.5352,174.7599,88.7048
319.0383,211.1378,179.8000,87.1355
314.4948,211.7397,181.7066,86.7620
309.5022,214.9216,183.1480,86.5608
304.2019,214.8456,184.3608,86.7948
299.3827,216.0650,184.4172,87.1539
296.8346,216.7344,184.0875,86.7888
290.7784,218.1255,184.6766,88.1604
283.2349,217.1915,186.7519,87.9608
278.3558,217.9433,187.0350,88.1859
265.4731,220.3377,188.0432,88.5368
259.7765,221.2862,187.0025,89.6002
255.4544,237.4411,180.7231,95.3053
262.4865,220.7107,181.0634,94.1535
254.4370,239.2992,167.1489,103.1502
258.5754,222.5589,169.2657,100.2452
259.5396,222.7892,170.1095,98.1175
257.9244,221.4376,170.6919,96.3258
257.5093,221.3373,171.1262,95.0060
259.8452,211.9024,177.5973,87.1620
249.9434,211.8862,177.8554,84.4895
249.9159,213.8575,181.5325,80.0041
247.7707,214.8691,183.0565,76.7058
248.4672,216.9056,183.4264,73.8033
245.4981,218.2150,183.7516,72.3872
237.3550,219.8588,187.5783,68.9055
233.7791,221.0447,191.6635,66.9758
231.9410,222.5532,193.5835,66.8567
234.2388,223.3490,194.3002,67.2045
232.4988,224.6566,193.8772,67.3385
223.3448,226.4199,194.8477,66.2453
211.8566,227.2306,199.1397,64.3698
227.0115,237.7856,191.2923,69.9725
223.7432,234.5162,185.2881,74.4431
222.4344,232.3776,183.1015,75.6374
130.8536,240.9928,182.1866,76.5000
128.8846,251.5449,175.9159,77.9035
136.5677,243.6798,171.3935,79.0499
132.0663,238.8098,168.9166,79.4160
138.8531,244.5159,165.9021,80.2760
113.9027,239.9576,167.6288,79.4963
104.4290,252.1756,166.6286,79.1444
103.0535,246.8033,169.9734,78.2765
95.8723,245.7322,174.7422,76.9574
95.7970,242.3001,177.2553,76.7656
102.2161,237.6245,178.0916,77.6002
102.6308,244.4119,178.2583,78.5771
193.7901,258.8897,160.5421,93.7888
216.7307,249.6042,147.4058,103.7264
217.6243,240.2218,138.6907,112.3717
221.5343,248.7056,131.1098,116.3988
220.7506,240.6867,126.2128,121.8629
218.5132,235.3805,124.1661,124.6939
215.8050,240.9895,124.0074,125.2259
211.7006,234.5344,124.9567,126.9692
222.7578,240.1621,121.6086,127.7230
220.9405,232.3327,120.6176,130.2636
218.6519,227.4714,120.0103,132.0623
230.5016,236.9602,116.4820,130.9110
227.2653,231.7845,115.2156,131.9589
225.0261,240.3193,114.9236,129.4634
221.4247,234.0869,115.7922,128.7966
217.2970,229.4373,117.8888,127.6656
227.2963,235.6419,116.4214,128.6595
221.5520,229.4483,118.1872,130.8272
217.4305,236.4370,120.6673,129.7386
229.3379,230.9816,118.2544,131.8443
223.7702,240.5936,117.7172,130.9064
220.1420,235.4137,119.3493,129.0980
217.9493,230.2135,120.0544,130.4386
229.6270,238.0824,119.0292,129.1908
226.9752,232.1335,117.0990,130.8406
225.0606,244.2586,116.3124,127.5743
225.1336,240.9203,115.0619,125.2437
226.8126,237.3307,113.1930,125.6384
227.2151,247.1285,112.1102,123.2005
230.6304,241.9032,110.0382,123.7543
231.6193,237.1160,109.2824,124.6549
233.0678,246.3734,108.2968,121.9410
235.4534,243.1294,105.5362,121.2857
238.1254,248.4320,103.5559,118.9847
235.4865,247.5558,101.6034,118.5382
232.1268,249.3727,101.8990,117.3690
230.7221,249.2302,101.2250,117.0454
230.9863,248.7993,99.9716,117.1483
231.8350,248.4443,98.8014,117.0072
230.8900,249.9948,99.2093,115.9589
232.8688,249.7135,97.8921,116.1146
238.0602,246.3723,95.3678,116.4853
241.4238,250.1085,93.7272,115.9814
242.7113,250.2780,92.3887,116.0518
244.2009,246.7241,91.6895,115.4724
245.9332,250.5227,90.4233,115.1619
248.2384,249.8543,88.4933,115.1654
249.5668,246.7906,86.9654,114.7816
250.5470,248.5930,85.4440,115.3453
251.6056,248.1833,84.6632,115.3302
254.0303,249.0946,83.5695,115.7468
247.0140,247.4876,84.1769,115.7697
251.0462,248.1149,83.3377,115.6786
2
0
0
0
0
1
75.7442,232.1542,161.0281,99.7781
74.7224,232.3562,163.6774,100.6645
73.1025,231.9662,163.6633,100.6498
72.9161,232.3597,165.3717,100.5866
66.7403,232.6154,169.6551,100.2308
47.5998,232.2774,178.4442,99.4440
40.3227,232.6926,185.8861,98.7407
36.4943,232.2459,193.2671,99.0104
30.8779,231.0386,198.2305,99.3315
26.0624,229.9008,202.8336,100.2720
21.1698,229.5851,206.3803,100.7976
22.1817,229.0917,208.6526,101.3874
19.2193,228.5015,210.2032,101.5508
18.7513,227.1853,210.4755,101.3458
21.3985,227.4998,210.0324,101.6806
17.2486,226.1261,210.0043,101.4844
17.1300,225.0368,209.0982,101.6570
17.7476,224.7554,208.1509,101.5329
19.2520,224.8649,205.8359,101.2687
19.6050,226.7156,204.3485,101.1689
19.2616,224.4528,203.7875,101.8563
18.0733,222.8655,203.8382,103.4334
15.0580,220.6375,205.0998,105.4679
14.5376,219.8430,207.3087,105.0532
12.5895,221.1844,207.5737,104.9915
11.7307,222.1601,207.5385,105.4340
10.2541,222.6736,206.8748,105.6142
10.8283,222.6464,207.3207,105.5988
11.0327,221.8232,206.8249,105.5371
10.9147,221.4296,205.7925,105.2721
11.3777,222.0425,204.9389,105.3865
11.1706,221.9869,204.1992,105.4949
12.2922,222.8676,203.6594,105.5674
12.3039,220.4855,204.5498,105.9944
14.4125,219.5970,204.9537,106.5605
10.1271,218.6652,206.6336,107.3390
8.0211,218.8861,208.5299,107.9295
2.1697,219.5994,212.5742,109.5028
3.1810,220.9260,214.0085,110.0468
4.2550,223.0429,216.5686,109.8250
2.1480,223.4834,218.1538,109.0913
2.1817,223.2985,219.9400,109.5626
2.6317,222.8667,219.7945,109.1883
1.9259,224.0880,219.8955,108.2048
2.6135,223.3792,220.4847,108.1463
3.3578,221.2827,219.0152,108.5044
3.9386,218.3669,218.4719,109.3881
4.6494,215.0275,216.5752,110.4400
7.5377,211.8381,214.8852,111.4827
10.2497,211.2358,213.3960,111.7509
7.0208,210.9958,212.7982,111.8112
5.9631,210.8254,213.1448,112.3988
7.2714,209.8502,213.6707,113.0023
6.4544,209.4431,213.1593,113.2358
7.1481,209.5574,213.1163,113.4376
8.0782,209.1573,213.1651,113.8522
7.2332,208.2957,214.7558,114.3838
5.8410,208.3906,214.9965,114.9641
6.5758,207.6752,214.6367,115.0350
5.3516,207.3384,214.9855,115.2754
5.3605,208.3789,214.8410,115.0958
7.5774,207.4247,214.5095,115.1055
5.6862,207.5612,214.3338,115.0363
4.8388,208.1739,214.1559,114.9204
6.4285,208.4174,213.9209,114.8878
7.1015,208.2593,213.1924,114.7955
6.1468,208.6968,213.0342,114.3625
5.3956,209.2237,212.5160,114.1321
8.0883,209.5927,212.0396,114.2429
9.5641,208.3647,211.6189,114.1505
12.2365,207.8623,209.6034,113.2249
14.7773,207.2964,208.4019,112.7786
16.2784,208.4729,206.8172,111.8484
15.5893,207.7501,206.0185,111.3000
17.2356,207.7854,204.7681,110.7920
15.0695,207.9352,203.5142,110.2247
16.0461,208.1319,202.7494,109.9769
15.9099,207.8599,202.4041,110.1435
15.7378,207.2424,201.9994,110.0341
15.5573,206.5925,201.6402,109.9351
15.4235,199.3709,196.3178,118.3319
14.6088,195.9994,193.3740,123.5393
15.9227,194.9168,191.3746,127.1868
15.9226,193.4261,190.1057,129.2409
17.1162,192.8109,189.4706,130.6020
17.7457,192.1454,188.8365,131.6736
18.3636,191.7880,188.2640,132.5658
16.8627,191.1096,187.7525,132.9487
17.6123,191.9153,186.7061,134.0052
23.0684,193.9992,184.3714,133.7758
39.0949,203.6740,178.0129,128.9869
41.6309,211.4393,173.3773,122.7768
46.9936,218.4599,167.6805,117.3132
51.1503,221.4157,162.2369,112.8907
53.7966,222.9194,157.6533,109.5112
55.3469,224.6571,153.3710,106.7640
55.4466,224.7109,149.2383,105.1317
58.7912,225.9106,145.6664,103.5672
58.5357,226.4337,143.3499,102.2337
64.3452,226.6444,141.0725,101.1638
61.3508,227.7817,139.0718,101.7314
62.4245,227.9874,137.2729,101.2234
62.3044,228.3085,136.1344,100.0816
62.4551,227.7836,133.5533,99.8994
62.2232,227.8657,129.7245,100.1434
64.2921,227.2949,125.1143,100.0838
64.8286,227.4874,121.6875,99.8693
67.3993,226.9211,118.0393,99.8299
67.9156,226.7999,115.3697,99.2872
68.9149,227.2274,112.9538,99.2491
71.8263,226.1659,111.1355,98.0817
72.2194,225.8481,109.8943,98.6230
72.1771,225.2096,109.2036,99.0349
72.1983,224.5424,109.4053,99.5684
74.6978,223.0480,112.6871,101.4816
76.2890,224.4655,117.1415,104.3869
80.3691,225.4631,124.9141,105.3999
79.0084,225.8875,131.8583,104.3071
77.0012,225.4252,137.5033,101.6681
73.6795,226.5200,141.0707,100.4879
74.3678,225.3494,143.8100,99.5293
73.0749,225.5008,145.2606,98.5753
71.2591,225.9749,146.8178,98.2084
69.2758,227.6512,148.6591,99.3334
63.8510,228.6744,152.3297,100.1154
61.1373,229.2431,154.4406,101.1228
58.5553,229.8837,156.6433,102.6637
56.5801,228.7474,158.3849,103.5246
53.7722,228.4039,160.1155,103.7732
54.5743,228.9661,161.9984,104.2749
57.3926,230.6077,164.6037,105.5121
61.7847,232.3038,168.6718,106.8512
58.5297,232.9165,173.6290,109.8753
60.6511,234.2195,177.2286,112.2108
58.3566,234.0007,181.5938,114.0877
58.4339,233.1225,183.4226,115.5426
56.4910,234.1279,184.9589,116.9147
57.1244,233.8026,186.0111,118.0145
55.5316,234.1383,186.8181,118.3663
55.0529,234.0338,187.1402,118.4230
55.7094,233.1693,188.0319,117.8645
55.4784,233.2779,187.8623,117.8554
56.8045,232.8834,187.2096,117.9765
56.1629,233.1132,187.6624,117.7097
55.1157,233.1547,188.2875,117.6258
54.3572,232.9350,188.4284,117.9117
53.8156,232.5852,189.0800,118.1042
54.5947,232.5492,189.0593,118.4609
57.1006,230.8386,189.4418,117.3257
57.4145,231.9478,187.8448,117.9283
55.0166,231.4934,189.0232,118.2165
53.7043,231.9057,189.0564,118.2941
55.7213,231.6489,188.3677,118.1794
55.5390,232.3815,188.1497,118.0798
55.3912,233.1764,186.9365,118.1774
57.3612,231.0473,186.7594,117.5361
55.9350,231.3563,187.6310,117.3410
56.2674,230.7517,187.0179,117.1975
55.6351,232.4247,187.5888,117.1255
54.2564,231.8638,187.4398,117.2747
55.7214,232.0338,187.2306,117.8073
56.7701,231.9630,186.0268,118.0415
56.6645,230.9101,185.4330,118.1239
60.9121,232.0878,186.4241,118.0221
63.0041,231.2359,187.8033,117.7746
63.2023,230.4145,189.6351,116.8597
68.2202,232.0798,191.6734,114.8298
61.3863,232.3321,193.7648,113.8755
64.3961,226.3102,196.6946,112.9156
60.1149,228.9993,201.9927,113.3513
58.1833,228.3845,205.4362,112.7977
49.0022,227.8950,206.5988,115.1930
46.4285,227.5535,206.3215,116.2088
46.2826,226.5223,206.2526,117.8639
47.9744,227.2081,206.7536,119.4049
44.6632,225.4576,208.6815,119.9975
46.4450,226.0785,208.1734,121.0465
45.6051,224.8084,209.6135,121.7485
41.2898,225.9921,214.8250,122.0609
39.3864,225.3974,218.7115,122.1722
37.7552,225.3878,220.8131,121.5899
38.2030,232.2500,230.7426,113.9493
36.5516,234.3941,226.8203,116.1614
43.1703,232.6253,226.3043,117.3984
45.9415,236.0228,226.8266,119.6915
47.5288,234.1600,227.0479,120.9533
45.4525,234.6711,229.8620,121.9025
45.8548,234.4902,231.6526,123.5930
43.4764,235.0190,232.0572,124.1322
40.8467,236.7963,232.2869,124.5797
44.6675,235.6658,230.5845,125.5024
39.3700,236.9254,232.8061,125.2418
43.2143,237.4741,232.3170,125.4042
39.9079,235.5895,232.6015,125.9302
40.4934,235.8780,231.8042,125.7634
41.0891,235.7074,231.4245,125.2473
42.2737,236.5379,231.1001,124.8329
40.6416,235.1709,229.4398,123.9904
40.8957,233.7696,227.9570,123.3961
43.4789,233.1545,225.8233,122.7859
45.7227,234.1322,234.0785,116.7308
45.7187,234.3798,239.5411,113.2353
51.4259,233.9455,248.0511,110.8252
51.3616,236.0667,255.9946,110.9474
50.6099,233.0345,264.2185,112.0310
50.9636,231.8107,271.5966,111.4190
48.5608,231.7210,274.8992,111.0309
48.5819,231.7159,277.9999,111.5748
46.7370,231.0424,280.8560,112.5818
47.8543,230.0884,283.2537,114.0616
46.8135,230.1826,287.3923,115.7135
45.8122,226.8519,288.8228,115.8936
42.0311,225.0239,290.5958,115.5523
46.9631,224.6534,291.3639,114.2280
42.0168,227.4129,291.2115,114.3300
51.6555,225.0747,290.7241,114.1340
54.5435,225.5480,292.8694,114.1219
54.8004,225.3295,295.7490,113.4080
50.3248,224.4309,298.5578,111.9166
50.9477,226.2499,297.8954,112.2720
53.7074,226.7712,293.7077,113.5622
54.8397,227.8582,288.8795,114.5558
71.6070,228.6533,283.8189,114.5932
86.1790,230.1631,274.7227,115.5068
99.7495,229.0811,269.1863,115.4798
104.8223,229.7057,262.3948,115.5558
114.4024,228.2325,259.3236,115.7029
122.3061,226.5723,255.9575,115.4544
124.1199,228.2867,253.3002,115.7639
124.7873,227.9087,251.0018,115.4543
128.1760,226.7627,248.5538,114.5285
127.7981,226.3506,246.5261,114.8506
131.6842,227.1004,246.3915,115.0121
133.4247,227.1235,246.4875,114.8488
136.4479,226.1703,249.1054,116.3386
136.6284,224.6348,248.7989,116.3232
147.7730,223.5191,259.9625,114.8962
144.7469,223.6225,270.2160,113.3651
148.5237,223.6315,275.8204,111.8080
147.2076,222.7952,280.2987,111.6673
147.3468,224.1433,283.4450,112.5629
148.5980,224.5170,285.6530,113.1897
147.6931,223.2380,286.8293,113.9373
152.0904,222.1315,285.7483,114.9607
147.8351,221.0630,286.2357,113.7278
154.4337,221.2909,284.2695,114.3742
152.7501,223.1193,281.9122,115.1148
155.8891,222.8746,280.1529,116.2856
157.4048,221.2325,279.2309,117.8296
161.1477,219.0086,279.5537,117.2277
162.9820,216.6564,278.7595,114.6299
159.7764,219.7958,277.6154,113.5727
164.8824,219.3988,277.1639,113.7421
166.2700,220.1799,276.8108,116.6631
171.2331,214.0138,274.6129,118.3195
171.8667,215.1950,275.4677,119.3480
177.1556,211.9998,275.6329,119.7672
179.9964,213.4434,275.4118,119.3136
188.0841,213.3079,271.5133,121.0973
193.3052,211.4907,268.1313,119.6806
190.3990,209.6883,265.3370,118.4175
194.2292,208.2734,260.9011,115.7299
195.2404,209.3762,258.3302,112.8012
199.2970,210.5236,257.0488,111.4328
200.1606,211.6655,256.1006,110.8982
199.2521,210.9987,255.2803,111.7209
202.6886,207.3591,258.9646,110.3079
209.6899,209.7831,260.9979,108.6722
203.1009,210.0597,262.9518,109.2347
207.9818,211.3982,262.7023,109.3509
210.9106,210.2390,262.7455,108.6271
211.8880,209.6187,261.9921,109.6127
212.8223,208.4750,261.7828,110.2621
207.8160,208.3377,262.2564,110.8404
213.7807,210.4066,262.5220,110.7532
206.6069,208.9422,263.3515,110.4045
213.2994,207.9696,262.5846,110.2847
211.3951,207.8204,261.7981,110.3459
216.0887,209.6790,259.1479,110.0434
213.6644,209.1894,258.3424,111.0780
218.4621,209.3154,259.1670,110.8320
212.6423,207.8928,258.1245,110.6512
219.8758,208.0220,259.1725,110.8419
214.7692,208.1686,258.3753,111.2593
219.4574,207.6620,257.0614,111.3055
216.3807,209.7308,256.1892,112.7328
220.6726,209.5324,254.5222,114.5943
218.6506,207.4103,253.8609,115.7574
216.9431,205.8277,255.0470,116.7146
220.1368,206.7018,255.5287,116.8510
216.6729,206.0160,255.3898,116.9720
216.7602,207.1904,255.3941,117.7332
218.6648,205.9297,255.3042,119.0990
221.2605,206.6746,257.2317,118.9190
216.5786,203.3069,258.5227,119.3322
220.8882,205.7911,260.0031,119.9718
219.5646,203.2964,260.3132,120.9806
217.6411,203.3877,260.7098,121.7675
217.4583,205.1079,261.4250,123.0154
212.5903,200.7931,263.1464,123.5864
218.2302,203.8504,263.5597,123.9062
213.8792,201.8571,263.6492,125.3884
211.3073,202.5943,264.9963,126.5547
213.6352,203.5035,265.3244,127.2514
210.2711,200.5007,264.9605,127.3564
217.0396,202.7537,262.2470,129.8664
215.8075,201.0348,261.0932,130.6505
214.4805,199.2201,260.9329,131.4380
215.4997,199.0818,259.2378,132.9705
215.1425,199.3240,258.8802,134.8930
217.9904,199.4541,257.4348,135.6304
214.9881,196.3390,259.9240,135.0152
212.8297,196.8339,259.7350,134.9297
212.3708,196.0746,260.7820,133.9408
214.7227,197.0338,261.6264,133.5716
210.8604,195.4431,263.2005,132.0485
216.0821,197.5820,262.7366,130.6484
214.1736,200.3809,263.3073,130.7729
211.6787,198.7113,265.5023,130.5899
211.5361,199.2626,263.9481,131.7799
211.0937,198.6496,264.9890,131.8214
213.3086,198.0193,264.6222,132.9736
212.7937,198.4338,265.5372,134.7314
216.0182,197.2770,266.9705,134.5114
217.3669,198.1984,265.1728,136.2160
217.0576,197.7567,267.3508,136.1683
216.0351,197.4898,270.3972,136.4460
212.8905,195.7906,273.5641,134.3696
219.5577,192.1334,278.1491,133.0594
226.4065,192.5081,277.7343,132.0271
210.9717,190.7255,283.8652,132.0426
221.0432,191.5323,286.5182,132.1288
225.1595,192.6012,285.8899,131.6852
215.7347,193.3100,287.7018,132.5212
217.0231,190.3559,288.6172,131.9843
208.9215,191.9143,290.0217,131.6449
217.3761,194.5950,285.8710,130.5237
216.0666,198.6234,289.0403,128.9184
223.6151,195.1149,289.4274,129.0700
214.2189,193.8513,291.7983,129.4180
215.2679,191.8766,297.6452,128.7260
211.5095,193.8536,294.4461,128.7814
206.9101,185.3109,285.9247,136.6862
209.3978,178.9500,278.9484,142.9230
210.8413,172.5043,274.0038,145.5995
211.1478,173.7852,269.8828,146.8401
209.8875,171.4827,269.1904,146.2529
216.0452,172.0100,266.9433,145.6891
216.9633,174.3657,264.6853,146.7547
215.4829,172.1870,263.9697,147.5655
220.4005,171.5648,261.6723,147.2825
223.9409,172.6841,259.2027,147.8516
223.2183,174.6163,253.7921,148.5109
218.1190,171.5168,249.7121,147.3111
223.4991,170.8854,245.2752,146.9654
224.8037,170.6830,243.6676,145.1876
222.4720,170.5775,242.6507,145.1784
221.9285,172.2619,243.0884,143.9750
221.4776,172.0169,243.2870,143.3699
225.6239,172.0976,241.6975,142.1433
224.6884,171.7453,242.4046,141.8813
227.2870,172.0319,242.9283,142.6693
225.7771,173.3590,243.0753,144.0820
226.5795,172.1232,245.1898,144.3282
228.2601,170.9657,245.1870,145.1076
227.2865,170.5623,243.7354,145.7456
226.8105,170.9679,242.9621,145.7479
224.3701,171.6376,243.6727,146.2223
224.8237,171.2434,245.2404,146.0918
221.7609,171.5076,245.8093,145.3972
225.3355,172.9229,245.4514,145.4402
222.4283,174.2352,246.4691,146.3300
223.0179,171.3156,244.8292,146.0358
224.8262,172.3299,244.7742,145.5835
226.2437,171.2882,244.6630,146.6625
223.6155,172.5666,245.1883,147.7872
227.6840,172.5877,243.2334,148.6295
223.3079,172.5206,244.1522,149.0087
225.1252,170.7930,243.9536,148.5847
225.0983,170.3383,243.0972,147.9204
225.2131,171.6003,242.9068,148.6683
220.5494,172.3984,245.0092,149.1066
222.2456,170.6682,245.8201,147.3672
224.6351,172.2239,245.1081,147.0275
224.4766,171.6689,243.6005,148.9583
225.3147,170.8626,242.1395,149.7646
229.1545,170.9095,241.3893,150.0033
226.8468,172.4113,240.8023,150.0955
224.4851,172.6212,240.9906,150.4638
224.4671,172.7838,241.3296,150.4675
224.9298,173.6585,242.8676,150.4552
228.3227,174.0960,241.5220,151.4842
221.1794,172.3998,244.4517,151.7082
225.8070,169.8972,243.0245,150.8919
227.2006,171.7675,240.6626,151.0424
226.3847,171.0382,239.8597,151.8638
228.5813,171.6858,237.8253,152.2428
228.2365,171.8267,239.6169,152.2955
225.6087,174.1233,241.5200,153.0542
227.7110,173.0941,242.7878,154.1074
220.3042,173.8322,244.2336,154.0065
224.6676,175.7866,242.0368,154.9157
230.7904,172.8607,239.0828,155.2321
227.5775,170.0588,239.2357,155.0218
226.6826,169.1820,239.6755,154.6447
225.6126,171.1529,239.1564,153.7958
228.3871,170.2449,239.5861,153.3663
229.0107,171.9364,237.8904,153.9328
228.4901,173.3280,239.3107,153.6794
225.8438,173.3551,238.4972,155.0289
225.8365,173.2473,238.4511,154.3119
228.6589,170.5054,238.1194,153.0644
230.3389,171.0039,237.1935,152.6926
229.8647,172.5949,238.5984,152.2765
228.6161,173.0480,239.0632,153.5079
224.9694,173.3118,241.1055,153.7685
226.2113,172.4960,240.5241,153.7064
228.1153,171.5579,240.3604,152.0389
226.8233,172.5794,240.2362,153.4945
227.7774,171.8093,239.7772,153.3664
231.7693,173.0360,241.5899,153.4889
231.9117,171.1607,239.8978,151.7754
233.6441,176.9301,240.2613,148.7868
230.8580,182.5394,244.4049,144.5867
228.1279,186.9358,251.1909,141.7402
229.0189,189.2675,253.7633,140.0213
233.4709,189.9740,252.6596,139.5433
231.2642,191.3786,253.0789,139.6205
235.6848,191.4899,248.1037,141.3505
238.4946,190.6045,244.5477,142.1200
240.5529,190.9257,241.9877,143.3675
238.2082,187.2808,243.7220,142.3856
239.9789,188.9013,242.7175,142.6879
243.4191,189.3360,240.6446,142.6824
243.6047,189.8045,240.0954,142.1229
246.6367,191.0837,240.3761,141.1393
249.3024,194.9146,241.4849,138.0906
257.3203,202.9399,248.4152,132.4267
254.6205,202.4110,257.4741,128.0263
256.7132,205.7161,263.7100,123.3100
249.9460,203.2211,269.2529,121.2947
255.9920,206.9648,272.3163,119.3812
257.0306,204.4719,272.2303,119.9911
256.5085,207.7472,270.3117,119.9319
257.7275,201.7599,271.4174,119.2953
258.8871,203.8496,271.6992,116.2649
255.7161,208.3751,270.9232,116.5825
276.8739,193.9766,259.4439,125.6390
280.0898,199.7002,253.9029,124.1371
267.1486,209.0431,253.2585,123.9035
279.4837,209.4578,249.9253,124.5835
283.7438,210.5343,246.6674,122.7596
288.4544,210.5926,242.0042,123.1569
292.7610,209.2867,237.9266,123.4252
295.0234,210.4055,236.3936,121.8776
302.9217,208.5938,235.3521,119.6675
309.4436,209.1071,238.8879,117.8565
308.8615,196.4334,239.6836,114.0067
315.8875,200.1180,241.7186,111.6491
319.9570,201.7594,240.9870,111.5913
321.6801,202.3927,240.0904,110.8821
322.7212,203.0000,239.2321,110.3381
325.4249,201.7977,238.1497,109.9814
331.6954,200.8538,236.3777,110.1188
334.0484,200.7383,234.5341,109.2402
336.0248,199.6053,233.0467,109.3221
338.9067,199.3288,232.2179,108.0126
341.4462,196.7222,231.5163,106.2711
346.0285,198.9822,233.0437,103.7919
348.4663,199.7490,233.8878,103.1481
347.1811,201.5021,234.6413,102.3766
349.1572,201.7391,233.8513,101.7364
351.2621,203.5679,231.4340,102.9190
360.0787,208.2196,223.6296,105.4489
365.5693,211.8509,216.3626,108.0131
368.8848,211.9933,213.2556,109.9832
375.0887,216.3139,207.9604,111.6759
391.0261,203.6296,204.0113,115.0270
410.5326,202.4122,203.3312,116.2364
428.8995,195.9011,201.8577,119.5545
443.2691,189.2370,201.4137,120.4334
444.3780,179.8631,197.4426,125.5374
454.3798,158.3605,198.2578,123.8809
461.3094,156.8237,199.6737,121.2375
453.3650,159.7193,198.4946,117.6574
456.8402,160.1032,199.0845,115.3468
460.8341,158.7749,200.1685,111.4767
448.4537,159.6748,199.3271,110.3192
583.3304,218.1223,187.2845,130.7810
594.1094,224.6815,183.0046,140.3985
600.4622,226.4011,180.3649,148.5175
607.6176,221.5130,181.4787,156.2061
595.1086,212.7921,184.7529,160.7972
601.2296,216.3714,187.0591,167.5332
606.6348,215.8072,191.4884,172.3909
608.5525,217.4881,199.0749,175.1567
600.1571,206.2076,220.8013,165.7597
599.9056,213.7518,236.0988,162.1156
584.1606,214.9968,234.9891,170.9779
581.6700,201.7237,252.2986,166.1134
579.9211,209.7994,266.2958,164.0085
564.9505,209.9760,271.0507,166.8781
550.2700,194.8310,275.2553,170.1039
563.0637,203.5273,283.3477,171.1845
518.3884,190.2201,276.5243,181.3464
562.7018,201.6952,286.8790,181.6979
571.8591,205.9696,291.9286,181.7339
553.2324,190.2319,297.1791,181.1518
565.2017,201.9705,303.1190,180.7081
522.1784,195.1458,289.9732,194.5134
533.4541,182.8883,293.1994,193.8786
551.0917,193.1328,297.3311,193.4130
513.2972,187.3895,285.8570,202.6812
522.9553,183.8899,278.2392,211.5328
515.8610,179.9146,272.2243,215.9932
525.0876,180.2355,269.7672,218.4823
510.8734,177.4975,266.8450,221.3271
526.5665,177.4558,262.6675,222.9810
535.6048,178.6132,261.7256,223.9139
578.0775,190.0376,272.9352,216.5459
503.1663,173.3987,270.4494,221.4256
519.6531,175.1812,262.1076,224.3979
508.1188,167.0578,261.5132,225.6761
517.9324,173.7411,259.8759,226.4714
520.0416,174.1000,259.6490,226.5892
503.9608,165.8961,261.1490,227.0347
524.0221,174.0033,255.5406,227.9113
506.6398,166.0696,256.9958,228.0618
520.7897,172.2108,253.3574,228.2634
513.9954,168.1182,253.5907,228.6306
