1
337.5042,112.2382,75.4764,14.9474
334.5410,112.4456,77.5895,15.0083
331.2714,112.1878,78.5918,15.6389
329.9473,111.6528,78.5054,16.3303
325.6005,111.5992,77.2304,16.9777
321.5547,111.8293,75.9700,17.6344
312.6351,111.9069,74.2225,18.8321
303.2203,116.5042,69.7348,21.2283
300.9226,120.2602,63.7593,24.4251
297.2589,124.3016,58.9468,26.7307
293.2423,123.7708,52.4607,31.4756
290.5377,121.5385,47.0790,35.3850
287.2507,114.5535,43.2094,38.2731
284.5695,107.5189,41.4024,40.3882
283.3156,98.9051,40.1273,40.7472
279.1548,87.5558,41.2221,39.5277
272.6612,88.0298,38.8839,38.4740
268.3824,85.1993,37.2735,37.8841
266.7044,77.2249,32.8464,41.8011
265.4781,77.7364,32.8117,42.1019
264.8061,73.8795,32.7878,42.6845
264.4813,73.4271,33.3036,41.6177
269.4232,74.3478,33.3902,40.4059
271.1531,65.9124,29.7677,43.6789
267.6988,64.3102,30.0928,43.0065
264.4619,61.7605,30.3099,43.1377
262.4781,59.9199,30.5155,43.3582
260.4775,54.4730,31.4761,44.1027
257.8175,49.7220,35.0577,41.4142
263.4865,45.9482,40.0210,36.2551
275.0007,51.9773,43.0762,32.6484
287.3802,54.2106,41.0780,34.6501
290.4409,31.0809,39.5072,38.6187
284.5915,21.7282,39.6798,40.6713
282.1334,20.2077,39.3036,41.5028
280.0051,19.3959,38.9484,42.4616
275.5255,22.0597,41.8198,40.8615
273.8156,29.6436,46.4079,37.5328
275.6366,34.0969,49.5963,36.6356
277.4255,36.3483,51.5577,37.6979
277.1703,36.6331,52.7752,37.6478
277.2721,37.7676,51.9884,37.3585
278.6196,39.3813,51.0163,36.9058
279.3848,40.7441,49.9248,36.6965
280.4639,40.3607,48.7483,36.9197
283.6117,41.2526,44.8598,39.1089
285.5496,43.8608,42.6171,40.0290
286.4349,46.3664,40.8805,39.8938
285.9454,48.0381,40.1853,39.8932
286.5141,50.8620,39.8716,39.0019
284.7049,53.5894,39.7983,37.9477
281.2706,54.0439,39.7611,38.6213
2
0
0
0
0
1
227.3634,130.9553,34.0747,32.8262
227.9080,128.4484,32.6733,34.3410
229.3902,126.5000,31.0588,35.3060
230.1958,123.9762,29.8520,35.7098
229.7313,122.9101,28.6289,35.6093
230.0876,123.1694,27.2576,35.7620
231.2558,126.3075,24.0288,38.9863
230.9371,132.8293,24.4284,38.3139
231.9791,133.5468,23.5586,39.5764
231.1351,135.2176,22.4878,40.1816
231.4394,138.6662,21.6932,39.7438
236.5990,141.2135,20.5321,38.5270
237.5253,142.7716,20.3046,37.5768
2
0
0
0
0
1
235.8554,236.4485,20.0593,58.6555
235.9128,236.4141,19.7313,59.6862
235.9084,234.8948,20.2789,59.2729
235.5851,236.3761,20.6094,58.6256
234.8876,240.0768,21.5014,56.4893
233.2222,244.4921,22.4425,53.8449
231.9514,247.2989,23.7680,51.3120
231.5403,251.0341,27.2766,47.6082
236.4519,254.2443,28.7588,44.2346
240.3122,255.7435,28.8494,42.3785
244.7770,257.3207,27.4815,41.9640
247.1239,260.2288,27.7771,40.2376
247.8200,263.4486,27.7716,39.1335
248.8002,266.7428,28.0907,37.7006
249.4401,270.6450,28.5971,36.1559
249.6839,274.5624,28.9848,35.2782
2
0
0
0
0
1
261.6199,368.2197,22.3196,52.9388
260.7559,369.1347,22.1386,53.2191
260.1185,368.5212,21.9800,53.2844
259.8134,368.5358,22.0797,53.4123
259.3081,370.1113,22.0472,53.2833
258.4866,371.9023,22.1874,52.3945
257.3506,373.7532,22.7204,51.3737
256.8426,374.5779,22.6548,51.8266
255.9537,375.2333,22.2016,51.5812
255.5530,376.0920,21.3918,51.6413
254.9425,377.1718,21.1719,50.9613
255.0051,378.5009,20.5723,50.5303
254.3543,379.1906,20.4736,49.5398
254.1259,380.2827,20.0772,49.7471
253.3189,382.6919,19.7413,49.1134
252.0145,385.6927,19.6163,48.2086
251.1282,388.5822,19.6395,46.8346
253.4613,397.0594,22.9561,41.6886
247.4967,399.6016,23.6496,39.6170
2
0
0
0
0
1
251.6029,496.0575,24.3225,50.0690
252.6147,495.8863,24.6774,50.2428
254.4247,494.8126,24.7906,50.5030
255.5934,494.7549,25.1765,49.9795
257.0690,494.4410,24.9678,49.5419
258.3183,493.5144,25.4615,47.8476
260.7546,494.8573,24.6920,47.3052
263.5775,495.7691,23.8137,47.1394
265.8743,498.3504,23.9517,45.8521
267.7690,501.1053,24.0095,44.1516
268.1003,504.3715,23.8834,42.7968
268.3556,507.4237,23.5024,41.9858
267.5638,510.0659,23.4974,41.3956
268.2636,521.6268,23.1595,40.4435
2
0
0
0
0
1
289.8645,585.7070,40.8140,31.2229
290.8477,585.1014,40.9892,30.3822
297.7126,583.9626,39.8515,31.0671
309.7948,574.3712,38.9594,31.3707
321.3294,563.7311,38.5274,30.7838
331.6937,554.3325,39.4604,29.7559
342.5256,544.6788,39.0496,30.0236
353.0679,537.7618,37.9754,30.1622
364.1307,528.5942,37.5461,29.8555
2
0
0
0
0
1
487.8517,503.4212,19.1238,59.4816
488.8534,503.9499,18.6030,61.5658
489.3357,503.7361,18.9989,62.8893
491.1333,502.3249,19.1164,64.7581
492.9893,503.3571,20.4796,63.8159
493.2278,503.6163,21.0322,63.4097
493.5237,504.8905,22.0430,61.3285
493.4612,509.0254,22.5992,58.5365
492.8789,511.4207,23.1912,56.2691
489.7481,523.2874,29.3886,48.8551
475.8170,529.0532,32.0066,44.0887
469.7195,534.7496,32.6840,42.4187
465.4092,546.7386,33.2739,40.9218
468.7224,556.0412,33.3746,38.7049
471.7421,564.6202,33.5821,37.1661
473.9205,574.2711,33.6170,35.5099
475.8069,582.7675,33.7949,33.4372
2
0
0
0
0
1
552.5655,555.2856,21.2747,51.5644
552.3630,554.9783,20.8744,50.8997
558.6246,533.8286,19.2248,51.8286
560.1172,505.8903,18.7676,49.9150
564.8010,492.0660,26.5332,41.9965
578.3197,486.3198,28.6618,39.5078
591.0966,497.7352,31.1407,36.9418
604.3619,510.0254,35.8972,32.8813
622.7920,521.5002,35.3472,32.3900
632.7389,527.9992,34.6046,32.4309
641.4293,539.1627,35.1113,31.5983
657.1547,552.8751,36.0350,30.8896
665.4432,558.5991,36.4446,30.6656
674.1036,568.0910,36.8340,30.2171
682.6874,574.5843,37.2277,29.6413
692.0333,585.1494,37.3568,29.1630
700.9078,590.8220,37.1355,28.9762
709.4799,595.3098,36.4837,29.3435
714.1701,598.5804,36.1044,28.6114
730.5183,608.3094,32.8741,31.1114
732.2559,619.6752,31.6703,32.3881
731.4680,635.5069,32.8714,31.1823
733.7606,643.8525,32.9062,29.6649
738.0790,650.9092,32.9252,28.7534
745.1849,656.4192,32.7935,28.9473
752.6362,656.1056,33.0256,28.8447
755.8414,651.9772,33.0205,28.4713
758.9718,647.3634,32.8491,28.1869
758.4563,639.8600,32.5642,27.8670
763.2471,638.8371,32.2999,27.5508
2
0
0
0
0
1
852.3803,620.8456,80.2117,17.1164
853.0532,621.2874,83.2153,17.8336
856.2167,620.9888,84.5323,18.9432
862.4387,621.7618,83.6305,21.0056
871.0380,621.3665,80.2764,23.6552
877.0150,620.9756,78.9741,23.9449
882.9844,620.0546,79.9477,23.7906
889.4006,618.8882,80.5524,23.3415
897.4791,617.6203,79.1930,24.7505
906.3239,616.3738,76.6477,26.1347
913.9496,615.3025,75.8572,25.9879
921.8883,613.9963,75.6758,25.2968
929.0229,612.4058,76.3381,24.6213
935.3894,610.9247,77.4650,24.1809
948.9334,608.7160,75.3460,26.3133
956.8892,606.1379,72.8758,26.7112
960.1901,604.0208,73.2067,27.0594
965.3544,601.9191,72.3955,27.5284
977.7158,602.0632,75.0697,25.9515
983.0243,601.5435,75.8685,25.9999
989.5187,601.8715,76.3281,26.0736
995.4905,601.4071,76.0024,26.4951
1003.8121,601.8528,75.1531,26.5491
1012.0223,601.7543,74.9930,26.7743
1016.2618,604.0173,75.2024,27.0808
1029.6938,606.0480,73.7530,28.1663
1034.7062,613.0521,73.7467,27.7375
1041.2535,614.9144,74.1645,28.6936
1048.1539,616.6333,70.0879,31.5638
1055.4578,614.9272,65.2427,34.5230
1060.7957,613.7953,62.8934,35.3763
1060.9110,606.3778,63.3029,36.4009
1056.7754,602.6284,64.9258,38.2060
1049.4055,599.2942,67.3710,38.6605
2
0
0
0
0
1
1204.7025,645.8975,19.3942,54.7568
1206.4083,646.9749,18.3292,54.5793
1207.5117,650.4828,17.9959,53.0087
1209.0570,661.3317,17.5202,50.5956
1214.2878,684.5057,17.9327,48.2232
1200.5636,725.6343,21.7669,42.8562
2
0
0
0
0
1
1417.7190,642.6707,33.3088,35.1385
1424.3030,629.8231,33.3099,33.3651
1440.5833,607.8280,34.0822,32.1466
1458.7319,592.5880,34.0904,31.2387
1476.8923,578.1028,33.5034,31.1499
1491.6578,564.9305,32.9705,31.3995
2
0
0
0
0
1
1493.0640,407.9454,31.5765,36.4301
1496.7844,414.3732,31.5179,35.5088
1491.5485,409.1268,30.8033,34.2546
1487.0133,402.5533,30.5319,33.3419
1481.3987,390.3530,31.4300,32.2622
1473.7917,380.1438,31.6711,31.3362
1468.3583,370.5940,31.2364,30.9701
2
0
0
0
0
1
1175.6812,352.7947,82.8472,14.7720
1163.3350,351.4194,80.8319,15.6840
1144.0270,350.1342,80.0860,16.2191
1125.9508,349.1612,78.3525,16.8777
1104.0421,348.7137,78.2553,16.9891
1091.9541,347.7888,76.1552,18.1410
1080.8843,346.9162,73.1989,19.1719
1065.8401,347.0622,73.0136,19.3586
1051.2853,347.4987,73.1117,19.2476
1035.7584,348.1647,73.7560,19.0481
1025.5865,348.4567,73.1983,18.9658
1015.6086,348.1104,72.5054,19.2831
999.4470,348.5169,70.8503,20.3763
986.8542,342.0268,64.4998,23.4722
968.7180,335.5762,56.9230,30.3866
965.5755,332.9585,54.0263,34.7579
963.3381,338.9183,55.5554,36.0004
964.9353,346.9030,54.8098,36.0195
967.5339,351.7668,53.2140,35.4326
972.7482,360.4501,51.7024,34.6074
977.9666,364.0122,54.1064,31.7621
999.0479,360.1060,54.2183,29.4216
1013.8314,361.7975,52.0222,28.7591
1027.7300,372.2488,46.4646,33.9228
1009.8004,395.8491,51.5947,33.2005
986.9942,391.7784,53.6502,34.4627
963.8002,378.0018,58.2685,35.1515
946.7708,371.7184,62.7060,34.5149
941.5115,370.3909,64.5424,33.6068
917.8855,360.8719,70.7046,28.5814
894.2000,356.8003,73.9266,26.2708
882.1394,356.6135,72.6978,26.6913
872.3690,354.5487,68.8729,28.4334
857.4296,347.3470,66.4874,28.9580
837.8990,341.1491,66.2118,28.5571
826.2054,340.6300,65.6523,28.1752
815.5162,340.8002,63.8087,28.2064
808.2474,341.4037,61.5355,28.6793
785.2841,325.8882,54.3312,34.8901
767.0878,311.0652,61.2464,29.9163
750.2103,311.1741,61.1008,28.9866
737.9125,317.2105,59.7145,28.8973
721.1771,312.5934,57.9592,28.0164
708.5809,312.5284,57.2534,27.2836
694.9423,313.6516,55.5116,26.4124
682.7722,313.8650,53.5265,26.9785
673.4091,312.7050,52.4769,26.2894
664.3683,308.1946,51.2393,25.5280
651.8863,306.8058,50.1659,25.1307
640.1388,302.2966,48.9152,25.1347
633.1122,293.5005,48.3754,24.3776
623.6062,289.2269,48.2319,23.3853
615.2452,285.7641,48.4333,22.7723
606.8087,286.0647,48.6355,22.4737
599.8842,285.8467,48.4167,22.0505
593.9012,285.5145,47.9697,21.9806
2
0
0
0
0
1
387.2043,301.4519,59.0284,16.3746
380.9057,302.2408,60.1435,15.4641
368.6976,301.0618,55.5957,18.2607
358.3976,314.3925,51.0717,20.1607
347.0146,322.3261,48.2306,21.2975
321.9675,316.7766,43.2186,25.5081
309.2703,302.2215,39.1790,29.8258
304.2817,288.6180,36.9054,32.4180
299.0674,275.9693,35.2417,34.0580
289.8730,271.3685,34.2615,34.5985
282.1797,250.2845,31.3474,38.2586
278.3017,237.8158,29.3882,40.8564
274.9935,230.3313,27.8051,42.9059
274.9857,218.3524,26.7233,44.3518
271.5545,210.2785,25.8992,45.8669
266.6482,203.0493,25.1877,46.8355
259.0184,192.6094,31.7886,40.0953
242.5567,179.4132,32.6413,37.7500
232.8257,161.3650,32.9152,37.1660
228.7422,148.6845,34.3397,35.0675
239.9397,145.5830,39.1971,31.3840
250.2706,141.5343,41.0801,29.8661
260.2748,136.9836,40.6222,30.3476
270.0163,132.7100,42.2556,29.0857
279.7255,128.2537,44.1379,28.0497
293.8698,120.6757,49.4120,25.4452
299.1049,116.6468,52.6947,24.0649
305.2166,116.7195,56.7645,22.5934
321.9460,111.8331,61.5259,21.5753
335.7731,107.1052,65.3833,21.2875
339.2994,106.8176,66.5731,21.7918
341.1794,104.8852,67.0176,23.0238
346.4058,101.8208,67.1009,23.6280
349.5229,98.1886,67.2741,24.4332
353.9782,96.1907,65.0390,25.5190
357.5293,94.3570,61.4221,28.0156
360.4234,96.4217,59.1915,28.7132
363.8049,99.2324,58.4542,28.5156
367.8094,102.1591,57.4978,27.9785
374.1960,104.9430,57.2045,27.7823
380.1161,106.9678,58.4135,26.5818
383.4281,108.4592,58.3251,25.9426
