1
168.2421,64.9219,91.3831,65.1494
132.7864,89.5060,90.6102,68.2095
105.9778,100.8562,89.4048,71.7189
80.3590,99.1257,87.6293,74.8890
63.3672,104.2548,83.9401,76.8795
59.7662,119.5687,81.1832,78.6358
62.6331,128.8107,79.7337,79.9126
73.9792,137.9954,83.0067,79.7923
107.6182,143.9871,86.9279,77.5385
134.5686,140.5326,89.0732,75.6575
172.1434,118.7515,88.8642,78.5220
210.2517,122.0317,85.0258,82.3406
243.3746,123.6673,82.7176,84.5185
261.9984,132.1808,86.2371,85.1014
288.7325,129.5300,91.6810,81.8625
303.7068,129.0076,94.0900,83.9371
297.0677,136.0363,97.1371,86.3314
303.8459,134.6480,94.7916,88.2639
326.9312,135.1004,93.2844,90.0069
357.9981,142.1926,93.2264,90.2641
368.5440,153.1828,93.3977,88.6075
371.8154,167.7683,91.2658,85.9738
375.7349,175.7353,88.2932,84.2777
376.7887,168.7860,86.2502,84.9474
371.1580,152.3142,83.8448,86.3530
353.9289,137.1533,80.1388,85.7122
324.3381,126.4230,79.0375,83.4245
291.0484,118.4465,78.3345,83.9762
274.6653,126.9325,80.3485,82.6015
266.6539,131.1683,81.3974,78.2384
261.9627,142.6919,82.9609,71.8905
239.0442,147.3211,82.2242,66.6732
223.7806,148.0698,79.9070,66.0091
211.3387,146.8449,76.5920,66.2853
197.9607,139.1339,73.6796,65.4553
184.3934,139.0096,69.2899,65.0688
171.3725,138.5322,65.5250,64.6051
170.2186,136.1860,62.4753,65.5423
174.9062,133.2803,60.7219,66.6105
180.1479,125.1350,60.1453,66.3148
189.4301,122.6355,61.9243,62.2578
186.1465,140.3270,62.2497,62.1250
203.9859,141.7500,62.2907,61.2390
219.7872,140.0414,63.6848,60.2324
241.6771,141.8385,63.6250,58.4462
257.2161,142.8277,63.5237,56.9355
273.7856,146.2082,62.6976,56.2022
293.4718,147.7012,62.1704,55.8747
301.6715,149.6661,62.0231,54.5153
308.5262,148.1540,60.4531,54.4047
305.3315,147.9536,59.7895,53.9911
308.5244,145.4476,60.6215,53.2880
308.6355,140.7213,60.6138,53.3087
295.3720,149.3133,60.6127,53.3099
293.3130,148.2882,60.6125,53.3102
300.0011,141.0901,60.6105,53.3135
301.0345,139.8689,60.6060,53.3180
302.1348,137.3885,60.5995,53.3246
302.1591,135.5730,60.5921,53.3342
308.6323,133.9846,60.5871,53.3444
308.9006,132.7113,60.5808,53.3549
305.9519,134.8445,60.5697,53.3721
305.4434,138.2026,60.5559,53.3965
304.9732,142.7500,60.5391,53.4219
301.7428,146.0846,60.5304,53.4319
310.7888,160.8886,61.1304,53.0107
304.3369,160.8342,60.9684,53.0124
307.7574,158.3205,60.9674,53.0154
306.3594,159.1869,60.9666,53.0164
300.2676,165.8535,60.9177,53.0768
302.9874,164.7370,60.9132,53.0849
307.7915,163.5185,60.9083,53.0879
309.7145,159.8622,61.8913,52.5604
302.2873,161.1157,61.9032,52.5617
305.9390,160.9274,61.8962,52.5627
307.5209,158.0607,61.8829,52.5808
307.1193,157.9281,61.8781,52.5875
308.5712,168.6722,61.7839,52.6214
303.7454,174.5944,61.5402,52.7232
290.7758,173.9684,61.1466,52.9140
266.2473,174.4591,57.7877,53.9580
240.7872,174.8643,55.9789,53.9312
231.9359,172.8289,53.8218,53.6820
227.2780,167.6127,52.0634,52.7793
232.2913,166.4024,50.1664,52.0768
243.9080,162.4800,48.4561,51.2946
257.6063,155.6995,48.5418,51.0791
273.1831,154.6107,53.7557,46.8902
294.9034,163.2080,51.2515,47.7529
312.9274,169.3691,50.7808,47.6587
324.5043,169.0434,49.3576,47.8174
334.5871,162.2466,50.2140,47.8170
340.9177,157.2580,53.4863,44.1779
340.7422,155.1625,53.5560,45.5301
341.6607,158.8300,51.9871,47.3519
363.7061,169.3191,50.5774,48.3507
378.1377,175.1429,49.4507,49.1709
2
0
0
0
0
1
289.7362,181.2218,31.3193,57.9562
265.0642,186.0687,28.6680,60.4206
241.6593,182.1939,26.7637,62.0363
221.0844,177.9114,26.2645,62.4438
201.7394,179.7278,26.6085,63.2715
182.4484,190.3052,27.6123,63.8113
176.7391,197.8933,29.6284,64.5113
183.9997,203.1944,30.1809,65.8799
181.8618,205.6557,32.1974,66.0725
200.1362,209.6822,32.7196,66.6796
213.0843,276.9861,31.4584,66.0432
221.5321,276.4050,30.2884,69.8424
2
0
0
0
0
1
342.9047,210.3815,31.6656,79.5719
356.0933,198.7997,33.8367,78.5182
363.2145,226.7682,30.7647,81.9762
365.2968,214.2966,27.7747,86.4397
365.0905,239.7798,28.0173,85.4771
356.7371,258.2741,27.6548,82.3489
343.7794,264.0508,27.0986,80.2141
337.1991,265.9008,26.0593,78.9950
343.7274,263.1617,25.7687,77.8254
344.4673,229.5012,24.7860,80.2938
330.7193,203.4666,25.2156,81.8967
337.7083,203.9777,24.6828,83.3775
345.1524,202.7581,24.6700,83.6881
358.7194,242.4139,23.5162,84.0343
365.1802,241.6032,23.2682,82.8568
370.3275,226.3425,22.8729,83.0972
364.4635,242.8312,23.7535,80.7768
350.1538,245.3917,24.2939,78.5695
339.3290,243.9523,24.8323,77.9810
288.1779,236.8958,23.9265,79.6204
281.7063,225.7680,23.6064,79.9713
326.3431,195.3321,21.7395,82.6274
2
0
0
0
0
1
288.2164,160.3781,37.6049,53.4665
279.5128,161.7413,38.7797,52.9962
271.4428,161.8961,40.5286,53.6857
272.2174,158.3426,41.9026,53.8990
280.6180,150.3341,38.8880,54.3498
284.9625,151.0752,39.6104,52.0951
328.1301,137.7378,42.0967,51.8074
348.9097,140.6960,43.8542,51.8103
377.5875,159.2748,46.1889,50.4051
388.1576,143.1292,47.8388,53.7065
376.0214,141.0983,51.4126,55.0888
380.4005,150.6615,53.8380,54.9009
382.4189,167.1920,57.3289,55.1211
378.2013,184.8890,60.1961,54.5845
368.2365,178.2487,62.0818,54.8498
371.5266,173.8602,64.0789,56.2825
363.9449,167.6181,66.5030,58.7251
359.5856,168.5787,68.0943,61.0694
358.2155,167.6938,69.9765,64.5403
364.1155,167.5378,72.6917,67.5008
362.3360,159.2174,73.8976,70.3603
351.2223,147.1803,74.0545,75.2112
355.4042,145.3484,73.4755,77.5563
384.3983,155.2847,75.9228,80.4122
415.3853,166.3486,78.0999,81.1820
