1
280.8591,130.7996,86.5777,63.9613
280.1252,132.9955,90.6029,63.2281
279.1578,135.3397,93.4479,62.9255
279.8286,137.4265,95.7117,62.8123
279.1346,138.6343,97.5771,62.7186
280.5807,139.5687,99.0826,63.2664
280.7152,141.1073,99.8648,63.2093
282.7865,141.5947,100.3559,63.9644
285.3999,143.8094,101.1141,64.1448
289.1112,145.7858,101.4246,64.0438
291.1106,144.4736,101.3919,64.7846
292.9631,145.5837,101.3405,64.5055
295.6545,143.3668,101.6844,64.6337
296.1199,142.4767,104.0001,65.7544
298.3700,141.9256,105.1599,67.3813
302.6423,141.4281,106.4415,68.8190
307.7068,142.7077,108.3377,69.0264
312.7662,145.5251,107.7642,68.7243
317.4871,149.3897,106.8704,67.9548
320.5988,151.2458,106.8792,67.5196
324.5930,151.9996,106.9329,67.0679
329.0030,151.3582,105.3743,66.8847
330.6518,150.9410,105.4838,67.7108
332.4587,149.4490,105.5593,69.0089
333.8120,157.4055,106.6270,68.2706
336.8167,147.4980,107.4075,67.8941
336.9368,147.3670,109.3177,67.8176
338.2789,145.7153,111.8594,68.2112
341.1958,143.6186,112.9901,67.9359
342.1088,142.9993,115.0249,67.3395
344.2102,143.4223,115.8483,67.9523
345.1111,145.9348,116.0280,69.0354
345.4380,148.4024,114.7940,69.5385
346.1395,152.0820,112.5878,69.6939
344.8249,152.2856,110.1920,70.0326
345.4275,151.2714,107.6118,70.2808
347.6890,149.5639,105.8470,70.4623
352.7078,148.6417,103.5823,70.5699
355.7592,149.7223,102.6527,70.1654
356.4176,149.4000,102.0684,70.7787
356.8861,149.8292,101.9518,71.0280
358.2112,150.4448,102.0614,70.7458
357.9592,153.4979,101.8216,69.8634
358.8609,155.3366,101.3810,69.4170
361.0232,157.2984,99.7927,68.6741
362.7663,158.1691,98.1450,68.0866
366.7339,160.7505,95.9322,67.3256
370.8083,163.2506,92.6602,67.1568
372.5580,165.3390,91.0944,67.0508
375.1229,166.1064,89.8780,67.2785
377.1083,166.6949,89.3157,67.3594
377.7429,169.0773,88.6471,66.7996
376.4628,169.1165,88.6918,68.0553
381.1473,169.1710,87.5917,68.9152
379.7766,170.6536,87.6784,67.4640
381.6692,171.7780,87.6602,66.1104
382.8422,170.8318,85.3598,64.3504
381.0543,167.9896,83.6619,63.0170
380.8612,167.7404,81.8782,61.8172
381.1593,167.3380,79.5701,60.0312
381.8248,164.3452,76.9036,58.7051
378.7638,164.6672,75.2257,57.1442
376.6632,162.9753,74.0495,56.1732
375.2373,161.1328,72.8586,55.6072
370.0015,159.3307,73.0397,55.1626
367.8417,155.6679,71.4394,55.3986
365.0185,152.7343,70.6077,55.6345
361.1494,149.6097,70.4104,55.8823
358.5669,149.4453,69.6997,54.6314
357.5542,149.3409,67.9710,53.3270
357.2334,151.1103,66.0487,51.8354
355.3234,150.7281,63.2994,51.1688
358.0043,151.2044,60.2741,51.2458
355.2973,151.0460,57.4714,51.4863
354.0076,149.0750,55.2019,51.7377
350.2384,146.6939,53.0807,52.2628
346.1191,146.0533,52.2613,52.6218
342.9664,144.4339,51.5837,53.7264
343.9166,143.1572,50.1099,55.8196
347.5026,137.3725,46.2421,59.6596
348.0204,135.1687,43.6403,61.9954
348.0334,134.6013,42.1069,62.7901
343.8181,132.4315,39.9844,63.8753
338.0869,127.1234,38.3245,64.1020
338.8063,124.9268,37.0766,64.5176
338.8773,124.4774,36.0066,63.9462
337.8619,124.5774,34.8301,63.0569
336.7988,122.7595,33.5877,62.1135
336.2928,121.0245,33.2587,59.2066
336.1042,120.2297,32.7535,56.8230
335.7694,120.2970,31.9877,55.3951
334.8729,120.2729,31.4894,54.1778
334.8069,119.3293,31.0060,53.4035
332.9172,118.4709,30.9391,52.7439
334.4431,118.3448,30.6852,52.0571
333.6199,119.8613,30.1370,50.3452
333.6480,120.5045,29.5834,49.0668
333.3282,121.5186,29.4943,48.0311
332.7414,121.1713,29.0320,47.3159
331.6844,122.3719,29.0801,46.7559
331.8927,123.3596,29.0064,46.1166
330.6460,124.7078,28.8942,46.1483
329.7958,126.1471,28.8404,46.0435
330.4646,125.9620,28.8273,46.0057
329.1492,126.2007,28.4150,45.6307
328.7632,126.8424,27.8815,45.4385
328.0953,127.2986,27.1703,44.9948
328.9717,128.2329,27.3258,44.6265
328.5622,129.9358,28.2433,43.6268
328.8108,131.1152,29.1471,42.6539
328.6029,132.4386,29.4567,42.8607
327.7875,132.2136,29.0091,43.6409
327.0000,131.0181,28.5067,44.4632
325.8051,131.3653,28.3733,44.6306
325.5652,130.4537,27.8707,45.0666
325.5975,129.4327,27.5750,45.3968
326.3940,128.5627,27.5474,45.3481
326.4296,128.0006,27.5450,45.5450
325.5590,128.0882,28.0111,45.5245
325.9808,129.2595,27.9083,45.6021
326.0127,130.1585,28.3308,45.3050
326.8762,130.3437,28.4303,46.0658
326.8823,131.9557,28.6913,46.0877
326.8125,130.7083,29.0191,46.5613
327.7687,132.0318,29.7729,47.2854
328.5596,132.6694,30.4356,48.4500
327.9920,131.6676,32.6751,49.5485
327.2834,131.0246,35.6468,49.0431
325.7039,131.1448,38.7198,47.8819
323.3810,132.5609,41.9027,46.8759
321.5791,132.9353,45.0019,45.7588
320.2444,133.0926,47.4446,44.5677
319.4891,133.8662,49.5965,43.9642
318.5645,134.6901,52.0383,42.9587
316.9708,135.4696,54.5433,41.8565
315.8788,135.8784,56.7584,41.0761
318.3193,135.5042,57.6917,40.7067
319.5005,134.9566,59.0545,40.5402
317.7089,135.7222,60.5891,39.9389
315.9149,134.9430,61.6547,39.9668
314.4675,134.7203,62.2266,40.1669
311.7046,134.5204,63.0016,40.4428
309.7729,134.2338,63.7031,40.9239
308.8883,133.1334,64.2669,41.3649
308.2621,132.0643,64.1317,41.9030
307.4558,131.5290,63.8986,42.0375
306.8498,131.0388,63.3870,41.9538
305.9880,130.7697,63.2004,41.6635
305.6254,131.5932,62.7537,41.2333
305.0230,131.3017,62.9687,41.1200
305.5105,131.6875,62.8305,40.8951
306.2854,131.4294,62.3495,41.0342
308.4443,132.0983,61.9160,40.8887
310.9631,132.4051,61.2801,40.8342
310.9286,134.1175,61.5155,40.6170
310.1185,134.8745,61.9282,40.8779
309.7640,136.2047,62.0175,40.3843
309.4154,137.2642,62.0046,40.5962
308.4684,136.0306,62.0964,41.6909
306.4325,136.5145,61.5163,42.1247
306.4130,135.0793,61.5814,43.0619
304.4641,136.0850,61.8047,43.3407
305.2929,135.8497,61.7515,43.6648
308.9557,137.1643,62.6384,42.5386
310.2377,137.3020,61.5804,42.4718
308.2231,136.4999,66.6748,40.0562
304.7560,134.8783,70.4617,38.8341
304.3844,135.4318,72.9453,38.6887
263.0699,136.1255,72.5852,38.9266
255.5247,136.9098,74.1026,38.9946
252.3310,135.4186,74.6251,39.7538
2
0
0
0
0
1
345.1792,120.3793,69.7806,28.6389
345.1783,120.0640,69.8900,29.9477
345.3281,120.0133,70.9613,30.6536
346.8104,118.7537,72.3303,31.0473
350.3021,117.6517,72.8512,31.3331
353.3812,117.0201,74.1930,30.6682
359.7165,116.5854,74.4310,29.3495
363.5907,115.1847,75.8271,28.5262
367.2675,113.9609,76.4071,27.9086
370.5834,111.7160,77.9283,27.7303
373.3922,109.7279,79.0330,27.7656
374.6212,108.0939,80.8641,27.6275
376.3390,107.2840,81.2470,27.1286
377.6003,105.7774,81.3673,26.8338
379.9026,104.8052,81.6314,26.4223
382.3688,103.5772,81.6015,26.4797
382.4072,102.7908,84.1192,26.2942
382.2932,102.0188,86.3290,26.5846
385.9359,100.7924,87.8819,26.9375
390.3999,99.0907,88.7559,27.0541
393.2349,97.1413,88.8438,27.7856
397.0053,94.8556,88.1595,28.3460
395.5102,96.1541,88.1504,28.3074
393.0650,98.7050,89.2704,28.6308
392.8715,99.9478,89.8829,28.6911
389.7196,100.8228,90.1437,29.0817
385.4767,103.3964,91.0178,29.5295
384.2667,104.1866,90.6579,29.6720
390.5834,104.1470,87.1021,30.3983
391.9245,103.5701,85.5504,31.3277
390.7998,103.4433,86.0191,31.9606
388.2239,104.4584,86.8920,32.6961
385.4940,104.4958,88.7780,33.4845
384.2192,105.0003,90.2875,34.0232
383.2968,105.6976,91.6992,34.3052
384.7205,106.9577,92.6395,34.6514
387.7001,109.4800,92.7821,34.3801
393.8651,109.6818,90.2104,34.7433
397.3556,110.9285,87.7784,35.8159
399.5859,111.6257,85.4872,36.3467
401.8905,115.4088,83.2342,36.7802
403.6268,115.8313,83.0809,37.2536
405.9951,117.7512,82.6724,37.3785
406.5999,118.2451,81.8911,37.5384
408.5764,118.4029,80.8791,37.8389
409.5744,119.3351,79.9148,38.0576
411.1819,120.3886,79.6263,38.0096
413.5734,120.9247,79.5584,37.8965
414.0130,121.2561,79.8560,37.9430
416.4421,122.3051,80.3358,37.7154
417.2727,122.0747,80.2880,37.5794
420.0877,122.4813,79.4411,37.0972
422.4328,121.8451,78.5774,36.9032
423.2272,121.4087,78.5250,36.8616
422.3721,121.1739,78.5193,36.7755
421.3027,120.6309,78.8858,36.7228
422.6970,120.1432,78.6372,36.5510
423.2089,119.3503,77.6518,36.4779
424.7116,118.3699,76.3358,36.3407
424.5415,119.7124,75.8362,36.2427
427.3456,123.1212,73.5749,35.9813
428.1591,126.0311,71.4927,35.6252
426.9890,127.3903,69.9967,35.3353
424.0273,128.7154,69.3209,35.0136
425.3776,130.1691,65.8363,36.6746
428.2808,131.5128,63.0550,37.5206
429.7681,132.3701,60.9698,38.3608
431.7065,131.1098,57.0676,42.5974
433.0818,131.5529,53.9714,46.6650
436.0302,133.0895,50.0979,49.7177
436.7224,133.7480,46.4536,52.0525
437.2801,140.0046,45.0164,50.9540
435.8316,144.0298,43.7873,50.7264
435.9904,145.0371,43.0493,51.4967
438.0137,145.1681,40.8401,54.4088
437.6060,142.8256,38.9567,57.0612
436.7627,143.3750,36.7945,58.8261
436.1729,143.3824,35.6124,59.5356
435.6440,143.5562,34.9027,58.9712
434.4177,143.7797,34.5283,57.8026
428.4456,180.2298,38.4559,50.9636
422.3072,183.4415,41.8807,45.5076
417.5566,183.2453,45.4088,41.1031
413.1562,182.3240,48.6408,37.6982
409.8188,181.7469,51.4399,35.7708
407.0430,180.8916,54.3343,35.1190
404.4092,180.2863,57.0062,35.4292
401.5061,178.8877,58.6146,36.7234
398.5079,177.4941,59.8769,38.2099
395.6154,175.9546,61.0051,39.5756
393.2372,174.3454,62.3140,40.4206
390.7387,173.1987,62.8536,41.5989
391.6743,173.2182,65.1225,42.7599
386.4527,172.3793,65.6118,45.3000
383.0979,171.0146,65.4788,47.4627
379.8877,169.4693,65.6958,48.7565
375.0395,167.4431,64.1687,51.1981
373.6778,164.1259,64.0702,50.6729
374.3066,163.9592,64.5487,51.4401
369.9224,160.5997,66.0664,50.8449
367.0762,158.6874,69.9945,46.0749
364.0990,158.4893,70.9198,44.5122
361.8355,159.1045,71.6729,43.4106
358.2949,158.7657,72.4389,43.5707
354.6135,157.8075,73.0318,44.2903
351.7308,157.2035,72.1040,44.6480
349.9000,157.4625,71.2607,44.3184
347.9120,157.7336,71.0762,43.8727
345.4542,157.3555,70.4852,43.1938
342.5022,157.2382,69.7619,42.9309
2
0
0
0
0
1
390.8780,189.1149,46.5869,62.3855
388.5463,187.2132,46.1391,65.7199
389.0439,187.1799,47.0667,66.7688
388.8781,187.6089,48.2256,68.2656
388.0356,189.6806,49.0902,68.8917
387.4225,192.5574,49.8260,69.1499
386.6469,191.7948,50.6425,70.1423
385.0779,191.8844,52.1334,71.0130
382.7360,192.6821,54.9245,70.9015
379.5849,191.1042,56.8582,71.6241
369.1710,193.0101,60.1408,73.1026
361.8809,191.6051,61.9277,73.7834
361.2321,191.4945,62.6716,75.2834
354.1646,190.6373,64.1988,75.3179
371.3403,209.0244,65.8466,74.0716
372.5923,218.6849,71.3944,73.1685
