1
649.9339,272.4954,27.7290,136.0954
649.4488,276.2732,30.7884,134.1075
650.9321,278.9494,33.1964,132.5141
649.7881,281.1761,34.7687,131.5023
644.2580,285.6723,36.7036,130.1926
638.6498,289.4589,37.8577,128.7787
636.4441,289.2552,39.3134,128.5164
638.9275,288.2224,40.5953,129.0511
639.3862,288.8087,40.4270,130.8197
635.4278,289.4474,40.6106,132.6513
630.1616,292.2193,40.1314,134.8396
628.5339,297.6027,39.0573,136.2348
626.7900,306.8189,38.5203,135.6125
622.3975,313.9668,39.3701,134.7525
618.4077,313.4557,39.6037,134.4327
622.3792,315.5475,39.2925,132.0009
627.0302,312.3090,38.5560,131.5461
632.5093,307.8794,37.9511,132.0878
635.4156,303.4417,37.4803,132.1915
633.2604,302.9602,37.7908,130.6575
627.7833,306.2742,39.5319,128.2922
627.7572,306.7837,39.8127,128.1966
634.9849,304.7737,39.9480,127.4034
641.1465,301.9406,39.0923,129.8271
642.0345,299.7844,37.7861,131.8017
643.3442,298.4710,37.4612,132.7180
645.3968,297.3415,36.8225,133.2277
647.6752,293.7179,36.0210,134.1293
650.7298,288.2741,35.6673,134.0618
653.9902,282.1455,35.8575,134.8150
655.7415,278.9246,35.5119,135.3782
658.2505,273.9953,35.5113,135.8340
661.4520,267.7048,36.1995,135.8124
660.3743,262.6147,37.5460,135.5663
654.0549,260.1221,39.2566,134.7575
648.0529,257.6452,39.8310,134.0710
644.1252,255.8070,39.6002,134.8671
641.2418,252.3691,41.0743,132.5979
640.0659,249.9053,42.3493,131.9937
636.4595,249.2008,42.5955,131.5800
632.8762,248.2506,42.4579,131.4143
625.5946,252.0527,43.5770,129.4022
617.8207,253.4145,44.6825,127.8293
620.0833,249.2813,45.4641,127.9008
626.0656,247.8217,45.1891,124.8695
629.0037,241.0341,44.7095,125.2333
628.1646,238.4005,42.9264,126.2689
625.8535,238.2603,41.5335,126.5948
627.4667,239.3178,41.8541,127.4769
632.5944,240.5427,43.0078,126.2466
639.2495,240.6375,44.2993,124.0725
639.4200,241.9120,46.8704,120.7107
638.1219,242.5353,49.5229,117.6068
636.9982,243.5000,50.0978,116.1481
635.9784,243.7112,50.2859,115.3205
639.0630,244.0644,49.0926,114.8585
644.2887,245.3170,48.8857,114.4667
647.1470,243.2305,48.6919,115.2089
650.0316,240.8819,48.2008,116.8259
655.0026,241.3446,47.5313,119.5192
661.0915,239.1979,46.9140,121.1446
666.9277,237.1485,46.8272,122.5744
670.7031,235.6864,46.9958,123.2906
674.2230,233.8417,46.3192,125.2457
674.7070,232.9923,47.5790,125.1027
676.9341,230.4428,47.0644,127.5481
681.5807,227.1705,46.4897,129.2089
685.8310,224.1293,45.7033,131.1582
689.2845,221.4984,44.9305,131.7026
691.9114,220.4715,44.6942,130.9763
691.7423,218.8828,44.7848,130.9458
690.5087,214.5793,44.2402,132.3780
692.6788,210.2667,43.5358,132.0756
695.0422,208.6941,42.9629,131.7741
696.4333,206.8209,42.6754,131.0590
697.6166,205.5288,42.6925,130.1872
698.2517,202.2296,42.8369,129.1346
699.6796,199.9513,41.9142,128.3633
703.2418,200.3249,41.5015,127.2626
709.4566,202.4070,42.3320,125.0787
724.0994,200.3420,42.1835,124.1201
738.5627,197.2267,43.6720,123.5642
750.1366,190.1068,43.5722,123.0571
738.7020,194.0591,44.4111,123.7104
736.1703,201.9584,44.8183,124.2686
740.0971,206.9367,45.4206,123.4444
748.4439,213.2616,45.6119,123.4988
743.8727,217.5418,45.5384,124.0116
741.5833,221.0670,45.5669,123.9269
742.2864,221.0167,45.1967,123.9120
735.8806,222.0553,45.7545,123.3505
734.1274,226.0957,45.9917,123.9990
732.8644,228.2861,46.0257,124.2229
731.9572,226.8963,46.0047,124.4683
735.5025,222.5622,46.0314,124.4452
732.9956,218.9151,45.6695,124.2919
723.7627,214.9258,46.1003,123.3084
724.8989,212.1764,46.2424,123.6812
731.6463,209.5846,45.8297,124.3248
734.9173,206.5069,45.3788,125.0249
736.0607,204.2512,45.4707,124.5793
736.4838,199.4492,45.5788,122.9657
735.1385,194.1090,45.5956,123.7477
742.1680,192.1206,45.3438,124.9858
745.8607,191.0321,45.6095,124.9943
748.6545,192.7140,45.5643,125.6292
747.7443,191.9702,45.5827,126.0819
747.8294,189.7205,45.2621,126.0879
752.1803,188.1791,45.3756,124.4592
755.7499,190.1103,44.3586,123.5190
758.3094,192.0777,44.5184,122.0934
758.4728,194.9783,44.6061,120.8274
761.0403,198.8049,43.8130,118.6214
765.4686,199.0723,43.0390,116.0949
767.0336,196.4976,42.6942,115.5517
764.4198,196.6771,41.9293,114.8088
760.1028,196.6892,42.3082,114.4853
760.1060,201.1677,43.1075,115.0513
758.8438,202.4012,43.7079,116.5105
756.0554,199.5315,42.9482,116.2025
758.5459,197.4185,42.9660,114.9375
764.7812,193.9063,42.5074,114.9868
769.3809,196.8412,43.4217,115.3982
769.6092,201.2201,42.8005,118.1986
765.2301,204.1603,42.9698,118.4251
766.9773,205.9642,44.1846,117.9249
770.0182,208.8721,45.7099,117.5979
768.3135,211.6695,45.7010,117.6042
765.1971,214.5800,45.9584,118.3421
766.8878,215.8031,46.0509,118.4158
770.6719,215.2012,45.1053,119.5178
771.8618,214.4756,44.6831,121.4641
773.5848,216.0129,46.2802,122.0793
779.1613,215.0493,47.6790,122.5797
789.1329,213.2367,48.8355,120.6528
798.2787,211.7854,48.4826,120.0303
803.9308,209.7829,47.8366,120.2762
817.7442,209.5713,47.8750,117.6386
825.8857,216.3075,49.0378,117.5620
838.7596,214.5661,48.5139,121.0889
855.9068,208.9555,48.8143,123.3273
871.5710,202.3424,48.5521,128.4032
881.5801,197.8568,49.9914,129.0405
884.0810,194.8051,50.1283,132.0793
882.7051,194.4890,50.5397,136.6474
875.4939,191.3664,51.0066,142.2902
869.8965,187.0073,51.4922,146.5461
864.9493,187.2549,52.6306,148.8953
864.8638,184.3966,53.5701,152.0345
867.3455,178.7872,54.4500,155.1855
863.9373,172.4592,55.8907,158.5899
857.7337,173.8299,56.7469,162.4127
856.0009,171.2710,56.6949,168.1901
856.7770,170.9922,58.3550,170.3770
859.3408,176.2980,59.4864,172.3976
862.2771,180.7677,60.1525,175.2425
858.9703,193.5907,59.0661,175.4705
852.7955,203.1386,59.8462,172.8437
845.8266,214.3814,64.9871,165.8157
843.3161,225.3255,68.6653,158.2158
843.1769,231.0639,69.1312,153.7899
843.0438,237.9619,67.9020,150.7328
854.6909,238.5907,66.0255,147.2875
851.3275,234.0241,67.7180,144.7610
848.4961,230.4550,69.8946,141.7163
854.5798,229.6745,69.3401,139.6713
859.8965,231.3014,66.2589,141.8735
865.8229,228.4478,61.5562,147.4442
873.9241,226.8117,57.9533,151.1878
872.0266,228.4695,57.4782,151.0002
865.0500,229.8710,58.9260,149.3629
872.5739,227.8851,59.2330,146.0647
872.9822,224.2186,58.3542,143.4708
870.6271,223.9488,58.3618,140.7097
857.9832,221.5881,58.2467,138.3192
857.1557,214.8713,58.8147,135.6837
883.9176,196.7558,55.2259,142.5383
923.9185,226.5757,52.8933,138.9030
2
0
0
0
0
1
804.3356,211.3573,233.3549,157.4914
839.0064,201.4265,216.7097,180.7791
848.7266,189.0634,201.4792,205.4162
841.2278,238.7211,175.6972,218.4211
844.2769,262.6377,160.8981,221.9515
841.6379,273.2107,150.2280,223.0400
815.4060,267.1812,157.7541,207.2864
812.8288,278.2142,172.9189,191.3314
792.2587,292.8712,186.4161,182.3214
765.0073,296.9001,193.5926,182.4996
750.7050,289.1007,172.3895,210.8770
735.8696,284.5643,148.4742,240.9021
711.4511,297.9981,144.1040,245.4719
691.4091,243.1248,139.3921,259.0575
699.1003,233.7029,139.1379,259.5268
646.7991,178.2012,162.6889,238.4698
636.2557,192.8401,188.1160,215.1864
606.5607,190.6736,224.2617,184.7796
559.9309,227.6932,226.3165,188.0817
545.0970,206.9083,237.8838,177.1112
544.5421,227.9492,231.3994,181.9043
531.3391,230.0389,219.6061,188.5548
525.9743,259.5906,196.9590,212.3864
546.5959,252.5063,180.7998,229.9496
551.8668,187.3440,163.7856,253.9625
576.3753,230.6271,146.4141,277.0722
606.0651,271.2492,147.2334,275.9211
632.6896,277.2551,170.2906,254.9375
630.2604,284.9499,188.9672,237.6539
618.7223,307.9069,198.1811,231.6827
631.5607,295.4990,204.4504,227.9177
618.1271,289.9100,211.4228,220.8570
631.2601,258.4159,218.3952,218.8972
648.6610,227.2987,220.8340,219.1046
641.3411,252.1766,215.4445,232.1232
634.5161,248.9919,207.8060,247.5696
633.3456,237.7139,182.9806,273.4113
624.6548,218.5045,156.6154,305.5050
618.1303,190.5035,139.5563,332.7460
628.3074,164.4654,127.4430,353.5161
630.9503,155.3909,119.2583,366.4735
620.9762,155.3123,115.3993,378.7470
593.8121,166.4156,117.6109,383.8199
588.5421,162.9123,122.4057,391.4515
582.0681,153.9965,129.9745,397.8490
577.2155,173.6266,141.6440,395.9536
581.0327,186.3113,149.9415,392.7291
560.0688,202.1350,157.4256,386.7061
568.8765,232.1813,166.7017,370.7847
566.3831,246.4938,178.5372,355.6282
547.1156,252.6124,178.4821,356.5579
561.5907,250.7455,177.6189,356.1990
564.1664,253.8125,179.2749,353.7718
568.4796,243.4354,181.8725,357.6066
577.2062,220.6046,178.3611,367.8629
