1
151.3522,66.0696,44.5280,57.0461
150.7526,65.6144,44.4899,57.3353
150.7586,65.4246,44.4548,57.6562
150.3983,65.8114,44.2497,57.7656
150.0394,65.3846,44.1786,58.1624
149.0993,64.3663,44.3163,58.1108
150.5307,64.4879,44.1345,58.0974
149.5675,62.8056,44.3745,57.7315
150.6174,61.5600,44.2067,57.4259
152.4940,59.9651,43.9646,57.0302
155.8164,58.1614,43.9777,56.4724
159.6646,55.3046,43.6586,56.7270
160.2207,52.6003,43.2125,57.3458
163.3350,49.2610,42.8391,57.7163
166.3604,47.0144,42.2771,58.1926
169.4264,46.6540,41.7469,58.7543
172.6639,47.4466,41.2486,59.0117
177.7367,49.9881,41.4115,58.6296
183.5170,53.2784,42.4054,57.4354
185.8657,56.7204,44.6332,55.9119
189.0887,60.6124,46.3506,55.4600
194.5758,63.7941,46.6246,56.8624
203.2310,64.1915,44.0569,60.2641
208.5919,63.5702,42.2602,63.4823
213.7248,63.1766,41.4339,65.4858
218.2973,62.2180,40.7608,67.5539
222.5969,62.3648,39.7119,68.4442
225.8232,61.1025,39.2214,69.6815
225.7507,66.5401,42.8750,67.0787
222.5669,71.0186,46.9710,63.1577
223.4869,73.8521,49.5316,60.5116
223.4321,78.5587,51.7912,57.9085
222.1817,95.1409,53.8243,55.5541
221.0795,101.9560,53.9015,54.2253
208.3486,103.7594,56.5516,52.4807
198.3707,96.1678,58.4613,52.7412
188.9988,84.8492,59.1787,53.5748
181.3420,78.6603,60.0027,54.2419
173.4380,73.7518,60.7070,54.1907
169.2632,70.1540,60.2974,53.8049
165.5443,69.8295,59.6888,54.2023
157.6023,64.9168,59.1388,55.3500
150.3330,59.9236,57.5568,56.0658
142.9333,57.3007,57.0162,55.8968
133.8493,54.7185,55.7128,55.4831
125.0764,51.5255,55.2518,55.1852
116.1165,47.6555,54.1105,55.9564
109.3692,47.0371,49.3228,62.1056
103.2479,41.9813,45.0324,67.6769
96.5591,38.1858,41.8034,71.3078
91.2059,35.3558,39.1486,73.7159
86.0084,34.7893,37.3903,76.0812
81.0124,33.0219,36.3783,75.1553
76.1634,34.7246,35.2458,76.3805
72.1054,34.1891,34.9990,74.9338
68.2950,35.0054,34.0930,76.5871
65.5023,34.1715,33.5509,78.2164
61.1182,34.0947,33.6342,77.7282
58.6629,37.2120,34.2037,76.4152
56.4137,40.1982,34.7495,75.7582
64.8799,48.3043,33.7718,75.9439
69.8773,54.5801,33.5516,75.3923
79.4754,56.5873,33.3961,74.9098
92.8393,59.2988,33.2938,73.9652
106.3069,63.7138,32.4489,74.5649
120.3564,61.8868,32.8365,75.4871
145.5038,55.5695,32.7236,75.9601
154.6221,58.2898,39.2625,70.0217
166.0987,58.5316,37.5804,71.3408
170.2166,61.6299,37.5869,70.5333
174.7986,66.0358,43.1301,64.8958
179.2153,79.0852,46.4907,63.4382
200.2872,73.6721,43.8403,66.8339
208.1355,68.7995,40.1883,72.2474
212.6349,64.7210,37.4169,76.3993
213.7275,64.1421,35.8010,78.2399
215.7687,63.4934,35.0406,79.0665
211.2315,60.6243,35.2866,79.3301
214.1711,60.3748,35.2783,79.7541
221.3914,57.9755,33.4055,80.2459
221.1810,57.7395,31.3930,82.2472
213.1389,56.2973,31.9294,79.8947
203.7489,57.2515,33.2720,78.0757
174.3020,58.9951,40.1673,71.4406
165.9336,51.9895,38.6085,73.9048
156.2538,49.0341,37.8500,72.4601
151.5645,43.9374,37.1602,71.7081
141.3062,39.6504,36.9239,72.5814
130.5397,36.1754,36.2495,71.8170
121.3405,33.1195,35.6446,71.5153
114.6937,31.5423,34.8970,71.9410
111.5211,30.6226,33.9782,72.7685
110.8867,30.0286,33.8819,72.7798
113.5608,30.8849,33.8898,71.8533
119.3461,32.9898,34.0687,70.3137
134.3930,37.0952,32.6301,70.3389
146.5030,45.9329,33.3086,68.9614
153.7745,50.0569,34.5109,66.6795
163.4794,55.4412,34.2460,66.9167
174.8110,61.2182,38.7044,63.6366
181.8972,64.9557,42.4320,61.9316
183.4921,75.6408,46.2666,59.0289
206.9021,67.0632,42.2810,65.3007
214.8515,63.0647,39.3180,69.5533
222.5804,59.7349,37.9992,69.7513
218.3330,59.2941,37.3805,69.4851
220.6733,58.9503,37.1635,69.3639
222.4282,58.7382,37.2298,69.4290
218.2011,59.4085,37.2778,69.9419
220.3836,59.7444,37.5596,70.1897
222.7287,59.6742,37.8600,70.4819
224.1898,59.8288,38.0542,70.9467
219.6417,58.5278,38.4245,71.4837
221.3136,58.0856,38.4473,71.9343
222.6291,58.5864,38.1896,72.4126
218.1508,57.8490,38.5040,72.5066
220.2184,57.6757,38.7203,72.4659
221.3496,57.4956,38.5124,72.4509
222.5021,57.6246,38.2717,72.0227
218.2555,56.7529,38.4486,71.4113
219.5308,57.6661,38.1203,70.6513
219.9768,59.2250,37.2981,70.3566
220.1118,58.3584,37.0222,70.8303
217.8577,58.5034,37.5997,70.7198
170.1469,66.6379,45.3238,66.3916
152.7522,60.7474,49.6216,64.6296
144.1727,57.4573,52.2341,62.0517
140.8785,56.0485,54.6731,59.9026
135.9987,53.4943,54.4803,59.5540
131.1630,50.9022,52.7379,59.4699
124.6983,50.9090,51.1844,58.8706
114.4746,51.8882,49.2565,58.5653
105.9979,52.2683,47.6693,58.1274
98.8073,53.7727,46.0256,57.3510
94.4925,55.3663,45.5285,56.4225
93.4838,58.3522,44.7871,55.8003
96.7016,60.4360,43.6953,55.5368
100.9333,64.3039,44.3720,54.8033
108.2219,69.7446,43.9016,56.3500
116.8376,71.3043,43.3040,58.0587
126.9449,74.1360,44.4032,58.1859
140.2930,67.3537,47.4751,56.6266
146.6655,64.4832,47.8604,56.5051
185.5336,83.0659,49.1719,57.3778
191.5313,81.9154,49.4921,58.0822
203.4045,88.0523,47.6241,60.1895
217.9507,97.5516,48.4166,59.5050
223.7165,99.9770,48.2524,59.4024
212.6277,103.9052,49.5260,58.1426
237.1429,113.4124,53.3776,54.5643
225.0911,114.9561,57.0762,51.4381
228.2996,116.4498,59.8230,48.9925
230.9182,117.5390,60.2649,48.5082
232.3365,119.6297,63.1336,45.2530
233.0014,116.1698,65.1261,42.9581
233.4096,118.9039,66.1770,42.0085
232.3813,120.7166,66.8021,41.3729
229.2984,121.3935,69.2840,38.8504
201.3626,118.1145,73.0669,36.3767
194.9445,110.4000,74.9165,36.3372
180.9821,109.2478,70.9124,41.1789
182.8382,86.0493,69.5403,42.5466
197.7503,72.2004,61.3527,50.1305
201.0668,70.2403,54.0684,57.8384
169.4476,64.4100,54.3861,57.7933
157.8941,58.7060,53.1068,58.4365
161.1277,54.4639,49.2595,62.0285
165.1539,49.0361,46.6199,64.6226
169.8185,44.1095,43.5534,67.8034
175.4093,41.9618,41.6671,69.5815
181.7219,41.6568,41.2715,69.8704
190.8482,38.5462,41.9168,69.1130
206.5207,50.4591,41.2164,69.8186
213.6678,52.5326,38.2904,71.7901
221.7582,55.2037,38.7816,70.7261
232.5330,58.1595,38.7335,69.2245
232.6930,57.7130,39.4691,67.5863
233.5401,63.6216,44.3580,62.6131
231.9271,64.4707,47.0375,59.5683
230.2834,65.4431,49.2227,56.9903
227.7757,64.8324,50.5677,55.0328
226.7256,67.4194,51.2777,54.5394
221.2390,64.2117,51.9317,54.0117
225.5783,64.7734,47.6161,57.4239
222.4552,63.8266,45.1370,60.4130
218.0316,59.2236,43.1773,61.9068
213.3965,54.7831,42.0170,62.5159
211.1289,55.2139,40.1553,64.1282
216.7691,58.3046,39.7198,64.4735
223.1953,61.5893,38.9008,65.1855
178.7675,46.2021,37.8395,65.2667
162.0625,47.2168,37.7114,66.6596
152.5464,47.2109,37.4315,67.7825
143.2334,46.0895,37.1917,69.3142
128.2119,44.1234,36.2646,70.9909
123.2494,41.4427,35.8988,70.9916
113.7338,40.9574,34.2730,73.5525
104.7788,39.6219,32.5150,76.1244
96.0411,38.5292,31.0848,77.3867
87.0901,36.4560,30.4680,75.7714
79.5457,38.7348,29.7354,76.0840
74.2692,39.1341,28.9376,76.5921
70.3129,39.4789,28.4688,76.7929
66.9117,42.3329,28.5963,76.6684
64.7756,46.7186,29.1838,76.6942
64.7739,52.4938,29.5624,76.9168
71.8612,56.8435,29.6554,75.8260
74.5530,65.8067,30.0463,74.8834
78.4517,75.7293,30.5263,73.9346
89.7532,85.6866,31.2328,73.2548
94.7080,88.1387,31.1666,71.7342
98.2925,91.9529,30.2152,72.3379
104.2993,93.7747,29.5576,71.9504
109.9818,101.3784,29.2032,72.8159
103.2423,112.8006,29.9196,71.8021
103.0386,119.0893,31.2791,69.2220
102.3451,119.8879,32.2597,66.9012
102.1542,115.1272,31.7887,67.7624
101.9521,111.8749,31.6767,68.7836
103.5000,107.6390,30.9354,70.0308
107.4114,106.5939,30.5324,70.4444
111.5659,105.5009,29.8602,71.5834
114.7607,108.1648,29.3192,71.9419
116.4554,109.2262,28.8882,71.7120
118.2195,109.2161,28.1208,71.2507
119.9324,109.9080,27.5160,70.2276
121.7441,110.0175,27.8289,69.2214
123.6537,109.2486,28.5127,69.4332
124.4871,107.8444,29.5149,69.4277
124.9018,105.3582,30.8761,68.9697
126.7274,103.0147,30.1763,69.7678
128.4074,99.4308,29.8861,70.2837
130.6166,96.1261,29.2246,70.9724
132.8580,92.9199,29.0652,71.3454
133.8419,91.4567,30.2793,70.2041
135.4536,89.0589,31.0089,69.6334
138.2324,86.9368,30.8713,70.7240
140.1487,84.8372,32.0670,70.6813
142.5694,82.9167,32.7864,70.0553
148.8296,81.4737,32.3223,70.0424
150.9549,80.2750,32.8372,70.0000
156.9149,78.7783,33.0785,69.8552
161.1248,75.9325,32.8737,70.0161
164.5046,75.4511,32.6741,70.5098
165.7746,72.7319,32.4704,70.8862
165.2159,70.4394,32.6512,72.6598
162.4668,66.9409,32.1871,73.6843
159.4892,62.3688,31.8107,75.7685
155.1990,56.1383,32.4222,79.0021
148.0988,54.2856,31.7406,81.5751
138.5574,56.6304,31.1245,81.0577
128.8771,59.3841,30.5737,78.9635
122.7272,60.2276,29.4364,77.3896
116.8666,60.5541,28.6037,75.8597
112.3245,61.5454,27.9612,74.3644
109.2444,61.4045,27.1063,74.4212
108.1258,60.9202,26.1085,74.5710
108.6247,61.0727,25.4254,74.2816
110.3688,61.9550,25.1029,73.9270
112.2054,62.7269,24.9935,73.5389
114.2877,63.6197,24.7693,73.5186
116.1156,63.2526,24.4816,73.3865
117.6041,64.0361,24.2832,72.9166
118.7151,63.6399,24.0424,72.9095
119.7614,62.1856,23.8981,73.2296
121.4026,63.3967,23.9034,72.7871
