1
161.2844,59.8966,50.2442,169.8604
162.0580,57.2071,56.2227,168.2204
160.3334,55.9503,60.0880,167.7356
161.4468,55.7684,62.3680,168.5030
161.0433,56.3682,63.4368,167.7235
162.7320,57.7991,62.2791,167.9544
161.5004,56.7657,62.8291,166.3431
160.6451,55.7420,59.8825,167.2940
161.4699,56.7216,58.3583,167.2323
158.2050,55.9624,55.4370,167.7074
159.4883,55.9600,53.1656,167.7484
155.1307,53.7926,52.1779,167.2250
155.6104,54.8922,51.3312,166.5402
152.3998,55.1491,51.1763,164.6739
152.8094,53.8363,51.0483,164.4393
148.4233,52.3120,50.1193,163.9870
148.4296,51.8437,49.5981,164.3014
146.5084,50.9380,49.3624,164.5398
146.1737,49.8241,49.3087,164.8609
144.1639,49.8208,49.5561,164.5443
144.2540,49.8031,49.5316,164.8935
145.2115,51.8666,50.1973,162.7237
145.6143,53.2026,50.9201,161.4294
146.6980,55.2275,52.7485,159.7675
146.8618,55.1568,54.2470,159.5351
147.1019,55.6869,55.6180,158.1581
146.7204,56.1658,57.2622,157.3258
142.9775,58.0606,55.1160,154.3314
143.9465,60.1982,53.3149,152.1375
143.4202,60.7625,51.3603,150.5673
144.1681,60.7082,50.3242,150.3100
143.2676,62.5280,49.8255,149.2953
143.9885,61.5757,49.3418,148.4512
140.2481,62.5873,50.7390,146.3171
140.5258,63.1980,51.6182,146.0467
136.0518,63.5454,54.1115,144.6593
136.3214,64.0143,55.7540,144.1932
132.4782,64.1266,58.3306,142.8020
130.6661,63.5968,60.1274,141.8059
127.8911,67.0200,61.7834,139.1991
127.1564,66.9694,63.4145,137.2479
128.2282,67.2141,64.1225,136.3900
127.6482,67.6990,64.5044,135.8453
131.1295,68.2191,62.7007,136.2144
131.4614,68.6909,61.9100,135.7288
131.9718,70.9694,60.3647,136.2767
132.0401,72.0884,59.2413,135.7008
136.9180,74.4627,56.7125,137.9272
137.7480,73.2855,55.0573,138.7348
141.7905,71.5009,54.6262,139.0561
141.6143,69.3378,54.5610,138.8501
145.2879,68.9814,56.4213,139.0376
143.7981,68.4860,58.6425,138.6492
145.1793,67.6767,60.3943,140.4688
145.7414,67.0732,62.3208,141.7597
147.9411,69.0653,65.0995,141.8495
147.5554,70.3537,66.7915,142.7944
149.9235,68.2313,68.3026,144.5981
150.5625,67.3083,69.8274,145.9573
154.4438,67.8715,71.1972,147.1836
154.0081,68.1836,72.3245,148.5734
158.1510,67.3335,74.2140,150.1192
158.2408,66.7556,75.5001,151.1671
161.4230,67.2373,77.0147,152.5219
160.2533,67.1406,78.1527,153.5175
165.4833,68.1826,78.0635,154.2885
165.0882,68.1537,77.9580,154.9021
170.1242,68.7369,78.5165,155.2208
169.8153,68.4228,79.0561,156.2613
173.5189,66.6562,80.4703,158.3761
171.4596,65.5735,81.9004,159.9636
176.8686,66.1253,83.4301,162.0369
175.6263,65.7774,84.5271,163.8423
180.0840,65.9887,84.2766,163.9821
179.3330,65.4619,84.3138,163.3926
192.4589,64.0114,82.4076,165.1217
192.0415,63.3085,81.9670,165.7530
203.3777,59.7496,78.9250,167.8377
202.6621,58.2004,77.7469,168.2463
209.1961,54.8316,77.1267,169.7962
210.2424,53.4428,76.9635,170.6296
212.3584,52.2960,75.4541,172.8369
212.1549,54.1508,74.6737,173.6461
213.2786,49.7153,71.8263,176.2612
214.4066,47.1135,70.4731,177.1810
214.8058,43.4749,67.6130,179.3680
214.4238,42.6910,66.2111,180.1439
214.6160,43.1542,65.6800,179.2046
215.5187,43.7504,66.0543,177.9089
214.9345,47.6466,65.3141,177.8824
213.0670,47.1540,65.6913,176.6132
208.4659,54.2650,66.7179,173.3720
208.9229,55.7093,67.2312,172.1219
207.5679,61.6976,67.8525,168.6016
207.5798,63.0200,67.7701,166.6733
200.5760,70.4831,72.9598,160.8991
198.8776,72.6398,75.5970,156.4995
192.2095,77.0854,79.1980,151.8343
187.7446,78.8288,82.7660,149.1048
180.3941,88.6855,88.6858,141.7819
175.9665,90.6527,92.6894,137.9238
174.8486,92.5092,95.9922,134.6806
169.9567,98.4979,103.6636,126.8854
162.1155,107.1255,109.8064,119.9641
172.4383,104.8774,110.5859,118.1970
168.9265,104.7560,111.1691,115.9753
171.3033,105.3980,112.8425,114.4008
170.0669,107.5671,111.5150,114.5017
170.1241,107.9983,108.6512,113.4858
171.0511,109.0384,107.1313,111.4351
175.0302,105.7811,104.3646,112.0367
179.4527,103.2680,101.6885,113.7281
184.9904,101.9764,98.0257,116.9154
189.8998,99.8560,95.1953,117.5985
203.9606,97.6047,93.9656,119.4958
206.8646,91.2795,91.5749,123.4484
200.7046,89.4607,90.5654,125.0071
203.5846,86.1438,89.7541,124.1074
199.1106,86.7382,88.6720,124.0987
185.6491,83.1472,89.9487,122.4423
176.9902,80.6703,87.9930,121.5614
167.3912,72.5788,86.8059,120.0478
154.4189,60.5215,81.6560,125.8124
148.2070,50.0396,77.3521,129.8789
146.1002,36.6986,75.8692,132.0593
147.6091,27.4868,74.9101,132.5373
148.4847,25.1526,73.9419,131.1792
147.6163,26.8730,73.6143,131.5519
141.2938,25.1006,75.2831,129.0619
138.7705,23.2503,74.0037,130.9017
137.3548,20.3317,76.7460,129.5220
138.8050,18.1808,77.7561,128.7642
139.1310,19.2382,78.1650,129.8803
140.9841,26.4200,77.8281,126.9471
143.8826,27.0518,76.7984,127.1925
150.1715,29.2030,75.8707,127.3966
157.5523,32.2436,75.5216,125.4047
162.6536,37.5056,75.9851,125.2260
167.4282,44.0352,76.4937,125.4731
175.9721,61.2482,75.3885,124.2102
183.2368,69.7862,75.3497,122.1833
192.0007,75.8357,75.0059,122.6048
199.3027,81.3247,74.1586,122.8208
205.7941,85.2981,73.5035,121.5717
215.1486,88.0268,73.6315,120.7317
220.5591,86.0356,74.4217,119.9157
224.7797,83.4239,73.6630,122.0212
226.5352,81.3278,72.2800,123.1790
232.0664,82.4613,69.7846,123.9025
235.9095,83.4223,68.7798,122.7884
241.9262,83.4566,68.1755,122.5320
245.0484,84.1319,69.0936,121.4259
245.9764,83.4716,69.6101,120.5966
243.7032,82.6537,69.2160,120.9315
241.7013,81.9033,68.1293,121.9564
239.6329,80.4624,66.7203,123.3388
239.3114,80.5233,64.3400,124.9000
240.1157,80.1029,63.3769,125.9495
240.6960,80.3300,62.7422,126.9396
239.1299,79.9791,62.6708,128.1147
237.4668,79.4517,63.2819,127.7742
234.8936,77.5541,65.5385,126.5618
230.0905,78.4739,68.1333,125.0930
229.3907,77.8184,67.5125,126.6074
224.4917,74.2609,67.1701,127.9172
217.0773,72.0343,65.4923,130.8522
208.1181,68.7020,65.9564,134.0192
201.9637,65.8062,68.0312,137.3321
194.3607,65.7372,68.6386,140.5365
186.5631,64.3664,69.3891,143.5776
180.3301,62.0024,69.9816,145.6707
179.6839,62.5071,67.4105,148.4292
178.4062,59.7256,64.7557,152.4074
176.8118,59.0889,63.2448,155.1096
176.6482,60.2566,62.2840,155.8016
175.1264,60.8302,63.0278,155.9556
173.9098,65.7681,63.6289,154.7788
173.0481,68.5134,66.1323,154.4499
171.9512,69.3568,68.2634,154.0658
171.0939,72.5916,71.3443,152.8936
168.7092,76.9674,73.6687,149.5386
166.5652,83.0129,75.4385,147.1464
164.8889,85.3271,76.6675,146.1054
163.1438,88.8743,77.7888,144.7432
164.5357,90.9823,78.3808,142.9823
164.2342,91.3490,78.8804,142.0436
162.0646,91.7623,82.9659,139.2616
173.7547,90.7766,84.5553,137.0939
169.2366,91.4446,92.4484,130.6440
167.3568,93.3904,97.3126,126.7394
160.6676,100.1970,101.9880,125.7071
163.2256,101.6568,109.3548,121.3016
165.4337,99.4211,110.7798,121.9819
167.9569,99.4031,108.2782,126.3618
171.3073,95.2448,104.9374,127.3552
175.7625,93.3279,99.9594,130.8591
176.5687,91.1237,96.5705,133.5656
177.4393,90.8985,95.0069,133.9824
176.7999,91.3091,94.3550,133.2239
178.2894,91.2292,94.8214,133.0024
176.3228,92.0251,94.4957,133.8391
177.5623,90.7882,96.1733,132.8089
180.0928,90.3639,98.0726,132.5236
179.9380,92.1905,100.4382,132.3880
181.4140,90.1783,103.2452,133.1277
180.9899,90.0260,106.2137,133.1388
181.4343,88.9997,109.3562,134.7589
180.0972,89.6988,113.9347,135.6008
181.5012,91.4045,119.7008,136.4235
183.4430,88.5094,123.3569,139.0861
179.6868,89.7604,127.3278,140.3268
181.3565,89.1414,130.1683,141.9084
181.5563,85.0975,131.2446,144.5614
182.5260,82.7901,131.3557,146.1059
185.2043,80.3147,129.0499,148.8455
190.4267,78.5243,126.3711,149.9743
192.4135,73.2495,123.5549,150.5157
196.4351,71.9319,119.2913,149.0933
196.3878,71.3034,113.8441,148.2223
194.9552,69.4893,109.9079,146.3347
200.0995,66.7415,107.2268,143.0427
193.5860,59.2368,104.9736,140.2892
191.8164,64.7863,104.6364,136.6235
191.5302,71.0288,103.5904,131.7258
201.0600,65.4221,89.2480,142.4566
207.9630,66.3827,80.1949,146.6371
217.6227,66.8843,73.7168,149.8578
222.8617,66.3275,70.5021,151.2994
226.5123,66.7760,71.5713,150.6610
229.9164,65.8767,72.9064,150.6981
230.0110,65.7393,74.4887,150.6475
228.6410,65.9433,74.6286,150.8645
227.1221,67.6529,75.0306,149.5767
224.6228,69.5209,75.4558,148.1934
221.7364,70.8219,75.3235,146.5448
223.1009,71.8352,76.1275,144.3124
235.9067,81.4077,79.6964,140.0373
234.1593,80.6109,84.1350,137.3670
229.3944,82.0765,89.5419,134.3123
223.5688,86.7667,92.0671,131.6225
220.1458,86.9778,92.4623,130.3929
218.3210,86.8381,91.0242,130.5649
216.6187,87.3360,89.4475,131.1183
214.6588,87.2097,89.1051,133.0146
210.2499,84.8161,88.5231,134.7545
209.1762,84.9641,88.4950,137.1472
210.0753,84.4993,89.6868,139.2106
209.7527,86.3349,92.6736,139.0648
209.0589,87.8209,94.3414,139.2496
205.9809,93.2978,98.4691,136.9199
202.6098,87.6808,98.1009,138.4071
207.2442,93.6280,97.7318,137.1722
198.6098,86.6422,95.7487,139.0734
198.2582,81.8427,93.3584,141.2493
196.0946,76.5969,90.3338,144.4995
194.9855,75.5451,88.5148,146.2638
192.9933,77.7004,87.3146,146.9266
191.3424,74.9788,85.7826,148.0804
193.7715,71.1000,82.6967,150.7355
193.7953,68.1893,80.0567,152.9756
195.8750,64.8668,76.2064,156.0751
191.7877,62.0702,74.7561,157.0732
188.7399,59.9287,74.6119,156.7369
186.3863,60.1133,74.3174,156.0267
186.5530,59.7981,72.5538,158.0402
187.6607,60.4690,70.7455,160.6688
188.1575,59.2398,70.9630,161.9576
188.6668,57.0047,69.5965,163.5430
190.6693,56.9050,70.2470,162.6582
192.6740,56.7802,70.5953,162.2984
194.2206,61.8924,72.9086,163.0024
192.6360,60.9566,73.9252,161.8581
193.7354,63.4003,72.6713,160.6983
192.8142,68.0476,72.3383,159.1185
194.3465,69.1272,71.7844,158.6561
196.5354,70.5067,72.9800,155.7878
192.4175,74.6463,73.2459,153.1969
191.4415,79.3625,71.8627,151.0847
193.8860,81.4316,74.3145,147.2840
195.0908,81.7551,75.2564,145.0381
197.4939,84.1525,76.1188,144.0967
196.6195,85.9972,76.5785,141.5482
197.2763,85.6056,75.8709,140.9711
196.5795,87.3533,74.9934,140.9505
195.5862,87.5362,74.9827,141.6735
196.2477,85.3896,75.1409,142.3096
196.3197,85.3180,77.5727,142.2195
198.9378,83.8011,78.7156,142.6721
196.8745,82.6889,81.4877,142.9021
195.9535,82.9506,82.5301,141.9449
197.8017,82.1009,84.2769,141.2852
197.0134,82.9382,87.8629,139.3895
196.6310,83.5242,89.6508,138.7205
198.3511,80.6601,90.0238,141.4169
198.2934,78.0798,91.2247,142.8266
199.3526,76.6707,90.6675,144.4291
202.1057,74.7851,88.8281,147.5862
200.3139,72.7636,87.4981,149.5350
197.9614,71.3136,86.7036,150.0807
199.6268,67.1648,84.5106,151.9507
198.8747,64.9672,82.7609,153.5430
204.0384,61.0712,77.2925,158.2260
205.8007,57.9341,73.8098,162.4365
205.3829,54.2740,71.9788,164.8399
206.5851,55.1348,69.3082,166.2657
207.4661,54.5708,67.8795,167.6325
206.3059,53.2376,67.1470,168.6158
207.0494,50.6291,66.4087,169.0354
207.3702,51.7522,64.4375,168.0455
206.4562,51.1552,63.0952,166.8463
206.4903,49.5557,61.6072,167.2189
204.4984,47.9474,62.0063,167.4503
208.9460,49.5416,62.6470,164.3724
209.9243,50.3498,61.8296,166.4708
209.1363,47.9076,62.9093,164.8420
208.7622,50.5484,62.8602,165.3651
209.4745,49.7703,63.2029,165.9576
208.8829,50.4496,63.3059,165.7797
206.0001,51.1236,64.5733,165.7335
207.4362,52.6626,65.7096,166.3203
208.8841,55.7628,65.9590,166.4859
208.0238,56.2009,65.6762,167.5684
207.6655,56.8853,65.9695,168.6644
203.6835,57.5946,67.0188,168.0677
206.3171,57.6182,67.6923,168.5695
206.8512,59.2781,67.7550,168.2344
204.2017,61.4545,68.1214,167.8674
204.4804,61.7922,68.6818,167.7276
203.5832,62.1402,71.5884,166.8736
203.2274,65.3209,74.2451,165.8690
204.2997,67.6974,77.8379,164.5218
203.7333,68.8754,80.8035,164.2709
200.1623,68.3414,81.6807,164.8757
199.1536,67.8656,82.9042,164.7377
198.3049,67.4569,83.1516,164.6556
199.3883,69.6149,83.1943,164.2462
198.6322,68.4877,83.6358,163.7784
199.7773,70.9698,83.0048,162.3903
203.4866,69.2949,82.4638,161.7849
207.8568,70.3000,81.6804,161.6021
211.2199,65.9993,81.9013,163.0400
215.2517,61.8771,83.6145,165.4719
219.4768,58.9429,85.5231,167.8460
222.3196,57.4342,86.9992,170.2014
227.1745,54.8573,87.5140,172.3844
231.4504,51.8390,88.2221,174.0676
235.2277,49.8241,87.7495,174.6589
239.1254,47.8406,87.7222,175.2866
241.1608,50.0801,87.7103,173.9599
243.3519,50.0851,87.4848,174.5865
245.1786,51.1583,85.4869,175.0403
245.9304,47.1704,83.3752,177.1174
247.3196,45.5373,82.4195,178.1954
249.2450,45.4874,81.1118,180.3581
251.6728,44.4785,79.1501,182.7965
257.2844,41.5913,78.2336,184.2914
258.5608,38.6494,77.7076,185.9119
261.4860,37.2398,77.6572,188.1817
266.2504,32.3856,77.7485,190.7988
268.6692,31.8544,78.8238,192.8288
269.3936,29.1658,80.4995,193.7161
266.9163,29.8393,81.6771,195.4962
263.6689,28.5784,83.0493,196.3336
258.1696,31.1915,83.5990,197.9907
255.1393,31.8065,81.7769,199.1469
250.3635,32.0337,79.5309,201.2309
244.8754,28.4169,78.4786,202.8511
238.8362,25.5433,77.0807,203.6537
233.8370,30.1514,76.2186,203.7346
228.9556,31.6562,75.5672,204.1760
223.6434,31.9535,74.8305,203.2511
217.4218,33.3189,77.3529,201.5487
212.5814,34.2617,80.6371,199.8085
204.2988,37.4780,84.3074,196.7419
193.8414,41.8311,88.8343,194.6120
183.3318,44.4865,92.5782,193.0611
174.0826,43.6066,95.0545,191.8967
168.1076,44.1092,96.8310,192.2937
163.5921,44.4218,97.6186,194.2023
159.2608,43.8303,96.7765,195.6215
157.6796,41.3501,95.2659,197.2678
159.7087,39.9890,95.9358,194.2294
157.9777,43.0155,94.6710,193.8091
151.9131,44.9817,95.4375,189.2366
147.0103,47.4549,95.6899,185.2463
144.3880,46.8669,95.7411,184.2069
142.4532,48.4423,101.6650,177.6506
140.4608,49.1387,106.1879,173.7636
139.2078,52.7849,107.6868,172.3036
135.5642,50.9282,105.8603,172.8464
139.3081,52.3133,104.5664,171.9921
133.8626,49.8738,102.7277,171.9883
137.6430,49.8528,98.9495,173.9088
142.1606,50.0201,94.2007,174.9509
147.3312,50.6483,88.0821,175.6683
149.8412,47.3519,84.3656,176.5928
153.4988,48.4038,79.7896,174.9319
154.4584,50.8417,75.7740,173.4875
157.8569,55.0428,73.2535,168.4854
158.3155,55.0730,70.7900,167.0362
158.4855,56.0909,69.4341,164.3747
158.2020,55.7058,69.8464,161.0520
157.6840,55.2382,69.6779,159.2536
154.6950,54.7137,70.0655,157.5481
155.9219,52.8707,69.1326,159.3821
154.6888,51.5192,69.1474,159.8722
154.4062,47.0952,68.5912,161.6913
154.3408,46.6636,69.2399,163.1678
153.9193,46.4367,69.6785,164.1536
153.2985,44.6063,69.7424,166.7336
153.9161,41.5443,70.1595,169.9406
154.2847,38.6282,71.1704,174.4328
151.0716,34.3378,73.7548,177.0575
151.8849,36.1532,75.8881,178.4515
152.6682,43.7135,76.2333,178.7048
153.1840,43.3625,74.4849,180.7117
155.0289,52.2119,73.3468,176.9773
153.1652,56.0627,72.1017,175.3488
154.1650,66.2302,69.4403,171.2836
156.0233,76.2782,70.4176,164.5736
158.0193,79.9517,72.3945,160.7108
155.7384,85.4325,74.0373,156.5098
154.0311,88.0763,76.7174,153.0318
152.8121,90.1794,78.4951,149.9049
151.5714,92.2066,79.7867,147.3887
149.8284,91.9926,80.5609,146.1946
147.9991,93.4501,81.0551,144.9415
146.9777,92.9594,80.6136,145.5447
146.0770,93.7813,80.6592,145.5826
146.7740,93.3197,79.6600,145.3877
146.9673,95.0690,78.9539,143.9446
148.2266,96.8912,78.6982,143.2335
149.7614,96.4447,77.4540,143.1056
150.0892,96.4652,75.4551,142.1443
152.8541,96.1182,72.7853,141.8410
157.2337,96.9593,68.5310,142.1304
162.2937,90.5054,65.7413,144.3387
166.0634,85.6980,63.3415,146.2060
170.6055,82.8989,62.1225,146.2617
176.3733,85.7594,59.9409,145.3044
183.8839,88.0273,58.6174,145.2108
190.0863,88.9765,58.8953,143.0607
191.5490,90.4079,60.1911,142.9073
189.3948,91.2846,62.7764,141.3112
187.6389,91.7245,65.3832,139.5253
189.6924,92.9365,66.5869,138.3940
187.6344,90.5738,67.9114,137.7296
190.3134,90.9566,68.6559,137.2231
191.7359,91.6654,69.2384,138.1091
194.1459,93.6016,68.9566,136.5523
198.8515,93.1880,65.9650,136.5082
205.1169,93.1842,61.7948,136.6500
212.8088,92.9019,57.9152,136.2626
215.6687,91.2698,57.5065,134.9263
219.6869,92.4256,56.0874,134.3663
221.9079,91.0722,55.7901,134.0237
225.9523,89.2642,55.4107,135.2339
229.5139,86.4127,55.5133,136.8809
232.0082,82.6073,56.9763,137.4668
232.7281,78.7033,57.8793,137.6440
234.1184,77.1407,59.6179,138.0779
232.6036,75.4165,60.2904,138.5994
232.1800,72.8680,60.2863,140.2958
229.9632,71.5779,61.1151,140.3319
229.0438,72.7673,59.9864,140.2560
226.5359,72.4244,58.4495,140.6319
221.9115,71.3531,56.9395,140.0086
218.2510,72.2233,56.1154,139.4551
213.4645,73.6719,55.2923,138.8935
209.2206,76.6278,54.6997,137.4236
204.5055,80.0722,55.2880,135.2075
201.5654,85.6715,55.5530,131.4056
198.2693,88.6170,55.0379,128.8189
196.7920,91.9445,55.6987,125.2100
196.6002,94.2931,55.4912,122.7356
196.1844,97.2838,54.7791,120.3561
194.8999,100.7192,55.1742,116.4917
194.4341,103.1188,55.4198,113.9363
192.0067,103.9044,56.3474,111.0666
189.6288,105.1229,57.4970,108.3180
189.2604,104.6042,57.7947,107.6911
189.8838,105.0979,57.8451,106.7579
191.1828,103.7770,57.4915,106.1210
191.7794,104.4762,58.9901,104.6315
190.0766,104.1006,59.0632,104.9996
185.7413,105.9679,57.8059,103.7783
181.6084,106.1740,56.7489,103.9383
181.4267,104.8941,54.8488,104.6092
182.2177,106.9968,53.9096,103.1056
185.1197,106.5462,52.7884,102.4290
185.6289,107.8958,53.5711,101.4186
184.9137,108.9203,54.4046,102.1240
184.8184,107.8847,55.6134,102.8194
183.9605,108.7703,56.6603,102.9606
183.9946,105.6936,56.6077,104.1443
183.2207,108.4296,56.5909,104.5054
183.3289,107.3790,55.6714,105.8186
182.9650,107.1095,56.0016,106.1140
182.7996,108.3152,57.7156,105.0719
185.2617,110.3420,59.3843,103.5031
187.4688,114.8963,59.5201,100.9592
190.6911,115.7020,57.8683,100.4912
191.6893,118.4239,58.4343,98.2484
193.5440,117.5638,58.6003,97.2888
192.9922,116.1437,60.7304,96.3048
193.6454,119.0400,62.2167,95.1472
197.3399,118.3765,61.9390,95.4617
198.9544,116.2816,62.9658,95.9181
195.8445,114.6259,63.4548,96.3446
194.1177,113.7543,63.0389,97.0590
192.3301,113.1322,62.9743,97.6041
190.0688,110.6433,63.3419,98.6132
188.5860,106.8354,64.4355,99.0597
186.3857,104.6453,64.9137,99.8591
182.8534,103.1851,65.9470,100.2050
182.8880,97.3888,60.0491,108.4042
186.4628,87.1464,55.2814,115.2303
185.9161,86.0928,52.8960,118.6844
185.3145,82.5898,50.9729,122.2596
184.2144,78.8281,50.0771,124.7487
184.6447,71.3226,48.3218,129.7636
187.5443,70.3359,46.9234,131.5431
188.6280,68.8257,46.4522,134.0309
188.8825,67.0024,47.0091,136.2929
191.1083,70.2178,47.4479,137.0544
195.2207,72.0714,48.4928,137.3476
197.1711,73.3833,51.4419,136.0760
197.1151,72.4803,54.4565,133.6745
199.4663,71.7306,58.1230,132.1318
201.6832,73.9804,62.0666,130.4652
204.0027,75.7873,64.9860,129.4753
207.8488,76.6336,68.4927,128.5044
213.8823,77.5312,71.6383,128.5124
218.0583,76.5625,73.6170,129.3178
220.8418,74.7092,74.8611,130.4874
222.1805,75.4450,75.9393,130.0720
225.3617,76.0286,76.7731,129.9443
229.6025,76.4018,76.6964,131.0462
235.9644,74.1547,76.8388,132.7819
239.8769,70.8816,76.9047,133.3122
242.0404,71.3121,77.9284,132.4420
243.7011,68.0833,78.8164,132.6334
250.3285,66.8995,79.5394,132.2629
252.1251,68.1864,78.8861,132.3840
254.4217,65.1366,79.1093,131.9701
256.6265,65.1892,77.9976,132.5091
258.6560,66.1113,75.9695,132.3451
259.4058,65.6055,74.1073,131.7656
260.8394,64.4795,72.2277,131.7840
262.8902,65.6358,70.2453,131.3472
264.1570,63.1379,68.0838,131.0873
267.2091,62.6727,69.0751,130.2246
268.6104,58.7193,68.3613,131.6607
270.5987,51.4445,65.4545,137.4298
269.8780,46.0203,65.1465,139.9999
269.0558,45.5255,64.5868,143.1449
269.8468,41.1584,63.1259,146.8183
268.0024,35.9147,61.5716,150.0148
265.3216,31.9483,60.3976,153.5766
263.9742,31.8030,58.8254,158.0335
262.5536,33.4000,58.1160,161.1489
260.6996,34.6094,58.8312,162.4296
258.0109,38.6863,59.1680,162.8118
257.2960,45.6227,59.4247,163.2477
256.0772,49.1249,59.0853,162.8648
254.7043,53.1716,60.2757,161.6380
252.2780,54.4742,63.2908,159.6643
244.7131,56.2526,67.7756,158.2067
238.4079,54.7181,72.2005,157.3840
230.8041,49.3614,76.8319,157.9206
224.3990,48.7046,80.1008,159.8783
218.3841,44.9718,81.2453,163.9892
208.8812,44.9023,84.1350,165.7187
202.0281,41.3624,83.2670,171.1659
195.4712,37.3146,81.1911,178.5069
186.6993,36.2787,80.6567,186.7454
174.6169,28.4998,80.8505,193.5967
163.2599,22.1109,81.0035,199.9236
154.5774,20.2308,80.8535,204.3264
144.9182,13.9402,81.2635,213.4597
132.2302,8.8322,82.6587,219.5900
119.1581,9.7898,85.3162,224.5886
108.8043,9.1888,86.3738,229.5143
99.6102,9.5956,87.6737,233.9521
91.3860,3.7846,89.2181,237.1212
84.8321,4.8766,90.2298,241.6436
78.5156,6.0170,91.3763,245.5625
74.2238,9.9222,93.3822,246.4900
69.8564,12.7881,94.0195,248.2786
65.7882,20.3324,95.2542,246.4334
65.5079,28.8877,102.8151,238.1061
60.0222,36.7627,107.7490,230.9166
55.4545,45.8014,106.8761,228.2162
55.9972,45.2147,108.5791,225.1997
54.4390,50.0004,110.2084,220.8011
52.1608,56.3243,113.1886,216.6818
44.4012,61.5590,120.6934,206.8236
38.8550,70.5559,124.7933,200.9828
42.5856,72.2897,126.0917,193.5549
50.0678,78.9232,125.2924,186.3911
48.5223,80.1853,123.4057,182.0065
60.8177,86.4457,121.9699,180.0627
59.0339,86.4784,120.1430,176.3437
53.4039,94.4625,120.3236,170.2217
53.8214,94.9723,119.7439,165.4305
58.0674,97.8779,118.2320,160.0373
58.7150,97.3190,118.3598,154.8873
64.5245,95.5588,115.3332,150.4278
63.8462,95.4410,117.6797,144.9608
71.9070,89.1045,117.4472,141.4868
72.1038,91.4294,115.2676,138.9413
81.7352,88.4031,112.1595,136.1952
84.2732,89.6310,107.5504,134.0970
89.7188,85.8500,103.5873,131.1793
89.8328,87.6091,100.2058,128.0285
89.6837,87.2340,97.2401,125.1609
91.9706,89.0883,95.8427,122.5566
90.6441,89.1181,95.1603,120.6313
92.7152,89.1518,94.5042,119.1179
94.6234,87.9936,93.9800,120.2265
93.0434,89.5095,93.8167,120.4706
95.0441,88.7194,95.9736,119.0619
94.0984,88.1245,96.6587,118.5337
96.4039,86.1254,97.6602,117.9642
96.1766,84.4286,98.3672,117.8041
103.8433,84.6623,95.7509,117.2613
102.6220,87.3124,93.5751,116.0687
109.6021,84.5684,92.7580,114.9388
109.9909,87.0440,90.6916,113.5537
106.8934,87.6582,90.9688,112.4603
108.6436,86.6078,91.2153,111.9258
113.1174,89.2693,89.9975,111.4876
114.1438,88.3853,89.6343,112.0648
116.9147,87.0666,87.9757,112.0312
116.9003,88.0134,86.8387,111.3576
125.7209,86.7511,84.0734,110.6065
129.5016,87.0265,81.3216,109.9295
134.7743,83.2731,79.2344,109.3876
134.9223,83.5938,77.7858,108.7528
138.5997,83.8837,75.2441,109.2321
138.9546,83.5775,73.7121,109.0554
138.3939,82.2365,73.9963,108.2050
136.9476,81.7633,74.4461,107.2404
142.9519,85.6125,75.3747,107.2594
142.8139,85.8194,75.4256,107.4243
150.9453,90.6404,75.5068,107.6228
149.8691,89.1467,75.6965,108.5838
151.4646,90.8731,77.6957,109.2106
148.9748,90.9529,79.5774,109.9732
150.9330,89.8100,81.9094,111.0962
148.7659,90.5242,85.1177,111.3029
148.1945,91.2808,88.0752,112.4027
147.2409,90.7594,90.9335,113.6963
144.0591,91.3673,97.1856,111.4440
141.5690,91.6720,100.3183,111.9358
143.3760,87.1984,101.8247,111.1655
145.1287,87.4636,99.8082,113.7135
140.2310,83.5460,98.5328,114.6358
147.9878,81.4329,94.2236,118.1565
155.2159,72.0254,88.5932,123.8279
