1
183.5035,134.4798,38.5497,47.1886
190.2018,104.2715,38.9284,47.9916
196.4254,87.3478,39.5157,46.7743
203.0779,93.6219,39.1531,46.6642
209.1771,114.1964,39.0138,45.9650
214.5753,149.9357,39.2090,46.1195
225.4689,205.2305,38.9238,46.6617
2
0
0
0
0
1
197.8827,142.7816,37.9364,38.2163
193.4058,154.0594,37.5349,38.5249
188.3147,173.5025,37.1311,37.8845
183.0641,222.2328,37.5399,39.5729
2
0
0
0
0
1
168.0981,106.8152,35.7045,36.9559
167.9789,103.8947,36.3637,37.0195
168.5973,119.7156,36.6240,37.0837
171.6766,146.7615,35.6587,38.6409
166.7085,191.1168,37.1867,39.0239
2
0
0
0
0
1
167.3492,155.7918,36.2968,40.9157
165.9180,145.9118,36.2159,41.5583
166.4338,151.0122,35.7209,42.1316
165.9733,168.9838,35.0536,40.6582
171.2688,202.4069,35.9116,39.0253
2
0
0
0
0
1
168.6077,214.5087,35.3884,39.6085
168.6044,189.9070,35.2329,41.0214
169.1682,180.0638,35.0369,42.1176
168.8147,186.1748,34.5377,42.7732
169.2984,201.8055,35.8753,41.5298
168.9132,230.6762,36.2176,40.6789
2
0
0
0
0
1
185.1248,256.2947,34.6639,33.1670
187.0990,251.4358,34.7001,32.7745
189.3098,261.0758,34.2066,33.1955
188.7854,284.5373,34.8296,33.0427
194.3088,328.0284,35.7960,32.9150
2
0
0
0
0
1
173.4524,237.0253,34.6338,34.4193
170.0830,242.0558,34.4359,33.8067
168.3734,264.1629,33.8677,33.6901
167.3368,298.5085,33.0707,33.7881
135.8735,334.3785,33.6027,33.4311
2
0
0
0
0
1
139.7085,246.7888,29.2975,31.9572
137.0909,257.7728,29.3037,31.2013
136.6799,279.8642,29.0480,30.2364
133.6384,322.8546,29.2529,30.7980
2
0
0
0
0
1
125.0199,311.8203,32.2153,33.7276
124.6088,315.3498,31.8860,34.9365
125.3720,329.4864,31.9446,33.8269
131.4977,327.7419,31.7906,33.3256
2
0
0
0
0
1
128.8688,345.6748,30.2309,29.8140
131.8819,341.2076,30.3270,29.1901
135.4811,348.9845,30.6412,28.5819
135.7514,337.9826,30.1012,29.5646
2
0
0
0
0
1
135.0556,349.1236,27.7919,28.4731
131.9758,347.4525,28.1396,28.3609
128.4810,357.9136,28.4703,28.3219
127.4478,381.4900,28.2754,28.8466
2
0
0
0
0
1
128.9167,316.5983,30.3255,34.2578
130.0293,310.7327,29.4429,34.6393
132.3934,320.9677,28.6550,34.7640
134.5992,338.6577,27.6173,35.6858
2
0
0
0
0
1
137.0226,246.8852,30.4270,34.3329
136.6856,237.9040,30.4123,35.2827
136.1055,236.8006,29.7281,35.7610
135.4427,249.7647,28.6393,36.0063
134.7178,281.2672,29.8097,34.9111
143.1863,295.7905,30.2311,34.8916
2
0
0
0
0
1
155.4114,224.9883,33.0439,32.7260
159.8858,229.3978,32.5434,32.4676
165.2739,243.3659,32.6791,32.6787
169.7583,282.5879,33.6062,32.7168
2
0
0
0
0
1
178.7658,218.1925,39.6426,39.3103
181.7023,209.4844,39.1688,39.6064
183.1915,215.8352,38.4784,40.3131
187.1367,236.6509,37.6248,40.0772
192.8580,269.8159,37.2860,42.6991
2
0
0
0
0
1
192.7466,194.5486,40.6594,43.3815
194.6796,177.1243,40.2137,44.0234
198.5628,180.1158,39.5640,44.6466
202.2860,196.1666,39.6402,44.1646
203.2729,222.2393,41.4174,42.7422
207.1623,286.6615,41.2336,43.3786
209.2035,326.0206,44.9039,38.6071
208.9478,356.0413,43.5979,39.9167
