1
281.6976,131.2105,86.6104,63.4734
280.1625,132.9762,89.5219,62.5409
279.1032,135.3050,93.2334,62.0723
279.3663,136.2534,95.0634,62.2343
278.6227,138.5560,97.2059,61.9573
281.7505,139.0921,98.1010,62.5216
282.8398,141.7924,98.6721,62.7073
286.6612,142.6466,97.6770,63.0852
289.1096,144.1803,96.9774,63.0116
293.1999,144.8958,96.5658,63.0894
296.1364,144.9021,95.8911,63.4966
296.9790,144.7271,95.6610,64.1075
299.2146,143.4196,95.9572,64.7505
300.9708,142.3395,98.0473,64.5024
302.4741,142.4660,100.2097,64.5721
304.4213,144.1299,102.9799,64.5081
311.4413,146.9346,104.6890,63.7671
318.8496,150.7070,103.4210,62.6822
322.6478,152.8809,101.0384,61.9113
327.5323,154.1407,100.1310,61.1923
331.5520,155.3645,99.3276,60.7178
331.4845,154.3896,101.0723,60.6145
336.1868,158.1280,100.5022,61.8914
333.4679,155.5238,103.2053,62.3807
344.8499,142.0179,99.8391,67.2472
347.8214,142.7139,97.8460,70.1878
349.6622,143.5058,97.3986,71.6554
358.0631,140.5599,95.4804,74.6279
349.3810,140.3130,100.9727,70.3536
348.0617,140.8109,106.6070,66.3920
350.8552,142.9799,107.1748,67.4702
349.8405,147.5254,109.0928,66.2290
349.9908,149.9501,109.1339,64.9125
350.5587,153.3878,106.3673,64.6821
349.6027,153.5184,104.0215,64.0066
351.8410,152.1375,101.8671,63.2381
353.0716,150.9958,100.4498,62.4700
356.9534,150.4868,98.9807,62.8164
359.5474,151.1840,98.7485,63.1113
358.7986,152.0150,98.4742,63.6357
360.9199,152.0334,97.9497,64.0299
360.2965,153.2336,97.7620,63.5120
361.3275,154.3508,97.4980,63.6268
362.2202,156.6589,97.1586,63.3642
364.3975,158.9373,95.8028,63.3719
367.3994,160.0132,93.5222,63.0686
370.9884,163.0524,90.8436,62.7687
377.1640,164.2126,87.8607,62.6807
380.8485,166.0464,83.5872,64.7098
383.2593,166.8228,81.3392,65.9312
384.7947,167.5308,79.8243,67.1067
386.5418,169.1747,78.6486,67.4693
387.5587,170.1212,78.6815,67.1380
387.3432,170.5452,78.1596,66.9382
388.1047,171.1777,78.1240,66.4596
387.2148,171.2122,77.9901,65.2775
388.5972,169.6638,77.3976,64.4544
385.4856,166.9321,77.1495,63.9687
384.3477,167.0675,77.2659,61.4725
382.3210,165.6459,76.8129,59.9176
381.5483,164.7270,76.3142,58.0301
378.0985,164.0167,75.4609,56.3490
375.3212,162.2810,74.9643,54.8297
374.1914,162.0082,73.9506,53.5175
369.4156,159.8699,73.3454,52.9245
366.9289,155.5461,72.0040,52.8065
364.9600,154.5428,70.5840,52.7255
359.3199,152.2294,70.3578,52.8420
356.5609,150.3457,69.5515,52.5964
356.1818,150.1540,67.4621,51.9666
355.6830,151.2851,65.7160,51.1201
359.0159,152.5824,63.1651,51.0547
355.3131,151.9890,60.6755,51.1371
355.2825,151.8426,57.9206,51.4222
352.8154,149.8369,56.3017,51.6695
349.4342,147.6332,54.3901,52.0004
345.6740,145.8535,53.0349,52.7046
342.0539,144.5626,52.1427,54.2137
344.5891,144.0625,51.1746,55.9241
350.1779,141.4717,47.8451,59.1908
345.1126,138.3304,45.5417,61.7590
346.2863,135.7973,43.6687,63.2600
341.8613,131.6390,41.5008,65.0175
335.8095,127.1779,40.3557,65.5268
335.3598,126.5236,39.7330,65.0333
335.0123,125.9005,39.0234,65.2658
335.1924,125.0787,38.0098,64.6848
334.0416,124.7840,36.9524,64.8540
334.2966,118.8734,36.3371,62.4156
337.6883,117.1410,36.1057,60.3619
336.3905,117.8676,34.9769,59.4126
334.7075,118.0221,34.5304,57.6765
334.1168,118.0661,33.9783,56.3237
332.8598,116.6741,33.3184,55.6000
332.6284,117.7652,32.6416,54.7303
333.3689,119.2779,32.3886,53.4072
332.5457,120.0024,31.5488,52.6802
332.5161,121.0997,31.4846,52.2711
331.6097,121.4585,30.9544,51.3651
330.9243,120.7323,31.0000,50.3029
330.6841,121.7583,30.9539,49.4867
330.6194,123.2626,30.8350,48.9278
328.9882,125.2698,30.9554,48.4404
328.9693,125.3207,30.8839,48.1538
327.7993,125.9912,30.3215,47.9880
327.5128,127.2832,29.8919,47.4236
326.3309,127.1321,29.6353,46.6522
326.9005,127.6207,29.7420,45.9277
328.6363,129.8687,30.1338,45.0592
327.8796,130.4497,30.6973,44.4621
327.9648,131.5569,31.0681,44.4416
327.2391,130.9727,30.6063,45.2475
326.5447,129.9010,29.4014,46.3663
326.7276,129.5548,28.0542,47.8265
325.3420,129.3309,28.0078,47.9913
325.8885,128.5176,28.0524,47.9320
325.9318,128.0222,27.9847,47.7807
325.6674,127.1442,28.3133,47.3491
325.4299,126.7596,28.7250,47.1616
326.0983,128.0900,28.6515,47.4479
325.9672,129.2649,28.9735,47.0889
326.3899,130.4674,29.1595,47.3195
326.7879,131.3355,29.2429,47.4146
326.5377,130.9685,29.6354,47.5825
326.6420,133.4187,30.1412,48.2116
328.1181,133.0667,30.8221,49.5364
328.0096,132.0916,32.7462,50.0862
327.7719,131.7254,35.7431,49.0799
325.3431,132.0363,38.7752,47.6270
323.7079,133.1123,41.6755,47.3392
321.3418,133.6949,44.6837,45.6258
320.7227,133.5636,47.1571,44.6181
319.7031,134.5246,49.5256,43.7969
319.8960,135.6663,51.7219,42.7646
319.1185,135.5007,53.5601,42.2162
318.6201,136.0421,55.5667,41.2375
320.5099,135.8477,56.3736,40.5757
320.7346,134.6160,57.6151,40.5441
318.9588,136.0632,58.9833,39.7182
317.3873,135.2062,60.1499,39.8490
315.3914,134.5726,61.0047,40.0264
312.6223,134.2488,61.7701,40.2447
310.4873,134.0645,62.5648,40.5726
310.0771,133.3256,63.1432,40.9414
309.1764,132.7401,62.9184,41.1896
308.6208,131.9362,62.6726,41.4257
306.2096,131.4347,64.5532,39.3945
304.5962,131.8534,65.0488,38.0598
303.5786,132.2982,65.7703,36.8904
302.0238,133.0808,66.5824,36.1831
302.5957,132.0797,66.8156,36.2724
303.4471,132.7151,66.3733,36.0227
305.8698,132.9798,65.7564,36.3884
307.7844,134.3114,65.1011,36.2686
308.6703,135.0269,64.9902,36.6362
307.5618,136.5290,65.5679,36.4766
307.6435,137.7481,65.5560,36.5627
306.8776,138.2596,65.3801,37.1264
304.8832,138.3452,65.8208,37.0193
304.0378,138.6309,65.7889,37.4986
302.4917,137.7723,66.0644,38.0883
301.2267,138.6249,66.3671,38.7376
303.6304,138.3449,66.3603,39.5619
307.3615,138.7886,65.6928,39.8443
308.1775,138.8725,64.7171,39.5612
306.7189,137.5114,68.3852,38.2293
304.2567,136.5873,71.2708,37.7921
303.0259,135.6744,72.6547,38.1363
302.8486,136.9167,73.2328,38.3736
348.3968,116.1873,76.7262,38.4270
351.0086,118.2681,79.2964,39.0384
350.6212,118.6258,81.4641,40.7654
350.1150,118.8254,83.1002,42.5210
351.5246,115.0123,83.1955,43.5110
350.2563,114.5376,83.9237,44.8828
342.2175,115.9910,81.9115,46.3987
342.0943,116.4744,79.0955,47.1307
342.5056,116.3166,77.5565,47.6990
343.2678,115.5730,74.2166,51.5630
343.2654,116.8585,77.6442,49.3177
353.0091,109.5857,80.2941,45.7294
362.5222,112.4296,80.9581,41.5359
362.8890,113.1700,81.7487,38.8679
364.3307,112.0264,82.1591,36.8930
364.0946,111.0118,82.7755,34.7921
367.5545,110.0801,82.3161,33.7329
370.9045,108.7896,82.8437,32.9556
373.7529,107.3835,83.0073,32.7245
374.9487,105.6612,83.9656,32.3953
377.7739,104.7196,82.9939,31.5737
378.8038,103.2251,83.7739,30.7907
380.3840,102.6592,84.3395,30.1339
381.7471,101.2347,84.6658,29.6237
384.5309,99.2130,85.8551,29.2615
385.2699,98.1005,86.7494,28.8129
388.4201,97.8873,88.9611,28.6401
394.4207,96.5487,90.1425,28.8801
397.6889,94.1890,89.4115,29.6261
399.2765,93.2008,87.1135,30.1015
400.0474,94.1255,86.0434,30.0248
399.2303,95.4896,85.4414,30.6591
397.7399,96.8150,86.1616,30.9326
392.7418,98.3760,86.8736,31.1357
389.6841,99.1458,87.0846,31.7405
387.9371,100.7108,86.6914,32.1516
391.2480,99.9054,84.7979,32.9266
394.5657,99.6734,83.6097,33.7135
395.8209,100.9744,82.4718,33.8513
396.6385,102.5387,80.9472,33.6971
396.2985,103.7157,80.2103,33.4336
400.7340,104.7315,77.5076,33.1928
404.7472,105.8594,74.8189,32.8555
405.7718,106.8946,74.2684,32.8065
407.7819,108.1286,74.1437,32.8012
409.6850,109.2127,73.5821,33.0461
409.8340,110.5643,73.0369,33.6391
408.8727,111.4957,73.1599,34.5877
409.8697,113.5169,73.3805,35.3938
410.5856,114.8883,74.8693,36.4211
412.4794,115.4820,75.5248,37.2349
412.3653,116.2380,75.9444,37.8194
412.9335,117.4781,75.9076,38.0799
415.8877,118.4439,75.4231,38.1160
416.1280,118.6522,75.5741,38.3956
418.3043,120.6794,75.7118,38.4579
417.9044,121.0580,76.6049,38.7087
420.5146,121.2415,76.9531,38.8963
422.2824,120.6313,76.8350,38.7797
423.9689,121.2766,75.9110,38.2518
425.5740,121.0523,76.0291,38.1484
427.1844,120.6119,75.6982,38.0099
425.8246,119.2431,75.7892,38.1617
426.7178,119.3088,75.3682,37.6615
427.3409,118.5149,74.6569,37.5652
427.8649,118.3058,73.5577,36.9242
428.7368,118.1956,72.5854,36.5760
429.0463,119.6578,71.7286,36.3297
431.4829,122.2973,70.3691,36.0591
432.0658,125.2671,67.5033,36.6010
430.3139,126.0704,65.9383,37.3424
428.8640,127.0713,64.9880,38.0950
429.2659,128.3525,63.5469,39.0525
432.3843,128.1939,60.5825,41.2038
432.6517,128.9801,58.4128,42.6306
434.2668,128.0905,55.6088,45.7392
434.6518,129.2609,53.4022,49.0633
436.6731,130.7137,50.3225,52.4075
436.1881,131.3311,47.2745,54.7976
435.9931,136.5465,46.5034,53.7265
434.7753,141.5894,45.6430,53.7426
434.8130,142.7937,44.3981,55.4243
439.4952,142.9694,41.7858,57.8812
437.3958,140.8531,40.1625,60.9577
436.2959,141.6573,38.4230,62.9241
434.9779,141.0075,37.6092,63.9955
433.1429,141.7829,37.3028,63.5104
432.7881,150.4722,37.0268,66.1722
428.0845,178.1716,41.1424,59.2695
420.3259,180.3762,44.5402,52.9758
417.7693,180.5027,47.2759,48.9105
413.9837,178.2095,50.0419,44.5855
410.6979,177.5487,52.5657,41.1435
409.3260,177.3405,55.2621,38.8351
407.9856,177.8785,58.1674,37.8683
404.3524,177.1710,62.7064,36.5569
401.4124,176.2365,66.5888,36.3381
398.0559,174.4625,70.4105,36.1021
394.6851,172.5200,73.6264,35.7209
390.5390,170.5453,76.0917,35.2923
386.2159,168.8129,77.4018,34.8060
382.5706,167.1811,78.3362,34.0737
379.6388,166.2770,78.1513,33.7852
375.9957,165.4089,76.8328,33.5625
371.9922,164.5733,74.5651,33.4291
368.8571,164.8489,72.6118,33.1115
368.3002,163.8447,71.8880,32.8644
365.7253,161.8323,72.1644,32.9502
365.1750,160.9839,73.5019,33.0274
361.9941,160.8120,74.7329,33.0213
359.2940,160.6916,76.3617,32.9420
356.9932,159.8797,77.4493,33.7290
352.9572,159.4155,78.4329,34.2265
349.5827,158.3126,77.8073,35.0284
346.8893,158.4476,77.9193,35.1755
344.2177,158.4563,77.7458,35.8262
342.1337,158.3859,77.4576,36.5323
339.5221,158.0992,76.8237,37.4479
2
0
0
0
0
1
390.8780,189.1149,46.5869,62.3855
390.8040,188.8423,46.0816,65.3789
390.4964,188.7711,46.5582,66.9737
389.9238,190.1180,47.3148,68.5508
389.0967,192.2650,47.8895,69.0845
388.1378,195.2589,48.5425,69.0129
387.6853,195.6911,49.1842,69.2650
386.7584,196.3084,50.3270,69.2438
385.7655,196.5403,51.7044,69.1697
385.4095,192.4507,52.5615,69.6485
369.3383,192.5592,56.7397,70.8596
364.6698,197.9393,59.7102,70.6067
359.5382,193.6387,60.9267,71.2048
362.4208,194.1273,62.5983,71.7162
372.2600,216.7409,65.4436,71.5713
373.8715,217.2076,67.8185,70.7884
