1
288.4447,152.7812,91.6417,196.0813
287.4598,149.3393,93.1278,198.3992
287.9411,150.3064,93.9751,198.0090
285.0056,149.9649,93.8733,198.5776
282.7995,146.8999,92.2114,200.4053
284.7102,149.1535,91.7383,201.6844
284.4711,148.3213,91.8891,201.6140
287.4746,147.4488,92.0994,201.7178
288.3738,142.6905,92.4713,202.8953
287.4784,150.2469,94.6769,200.2700
289.2214,145.7676,95.9887,199.3812
290.1089,140.7900,96.6552,201.8218
286.8226,140.7107,98.8268,199.7843
287.8032,141.7964,100.1118,199.2372
288.4347,140.2838,101.5431,199.9779
288.1938,140.4599,103.6712,200.4155
289.3771,137.6868,105.9528,201.9516
293.1875,135.8367,107.5641,202.4766
291.6515,138.4410,108.3837,199.9717
287.6933,135.9837,108.1794,200.5507
288.7446,133.8741,109.2937,203.6255
289.1602,131.8081,110.5033,205.6754
287.1354,135.2619,111.1074,204.6084
286.6381,138.3527,111.4410,201.8702
289.4140,137.6093,112.3497,200.1942
291.0361,138.5775,112.6669,199.0135
293.0405,137.3316,111.7595,199.2402
291.4540,137.0009,111.9308,197.7052
291.8764,135.2253,111.6635,197.4906
292.4987,133.7929,111.2070,198.1341
292.0239,133.4423,111.1351,197.9344
292.9164,140.5700,109.8421,194.6818
291.1840,139.2899,107.8514,191.2413
290.5570,138.3127,106.2826,189.1779
294.1299,130.4921,107.6648,189.7302
297.3900,125.8940,108.9314,193.2502
296.9719,123.8999,109.7302,193.7768
296.9547,124.0470,110.0540,193.4991
294.8185,126.6234,109.5419,192.0562
295.2638,125.7372,107.7516,189.7552
295.5955,125.7351,107.8110,188.2449
295.8385,121.9301,106.7433,187.7437
300.5266,115.5776,104.1534,190.2197
300.8980,118.6224,103.4840,188.7089
301.5286,120.4234,101.8061,186.1398
302.3343,120.8379,99.8441,184.1669
303.3435,119.9816,98.3299,183.7235
305.3983,120.4000,97.5928,183.2926
307.6427,118.9176,95.8207,183.1254
310.2962,117.6030,95.7346,182.4632
310.6370,120.5201,94.5556,180.2628
312.5237,121.9816,94.3829,178.5842
313.4406,123.0132,93.8913,176.9032
314.6403,123.4908,92.7332,176.5502
316.1948,124.8352,91.2096,175.1630
317.6685,123.7329,89.5960,174.2324
319.8094,120.1089,86.2098,174.6534
324.3951,137.4852,84.0700,168.0463
328.2072,132.1422,83.4651,166.6189
328.7203,131.1934,83.7229,167.1542
331.9761,129.4996,81.7551,165.7336
334.3904,134.0960,81.8506,165.4591
336.1892,135.6426,84.5594,163.2043
336.9406,140.6710,86.5644,159.9951
338.1558,140.6216,87.5041,156.8901
341.0143,141.3070,88.2900,154.9469
343.0061,142.8724,87.5425,152.9776
342.8467,145.0657,87.6932,151.1667
343.7253,145.9809,86.8282,150.3637
345.9670,144.4013,84.8159,150.2420
348.1330,143.1656,82.8849,150.3715
350.1037,142.8001,83.1757,150.6769
350.7351,143.3797,84.1596,150.2703
352.4286,140.3354,83.0740,151.3405
354.7670,142.3708,83.0238,149.7346
353.8856,139.6103,81.5570,151.0115
354.8922,139.4736,80.4883,150.6761
357.7157,136.0620,78.7946,151.6040
359.2458,135.7166,76.3698,152.7518
359.8943,133.7640,75.3486,153.7195
359.2199,130.9330,75.2144,154.3002
362.2848,131.1012,73.9456,154.7394
367.2396,144.1877,73.6204,150.6821
368.5585,131.4865,74.0628,152.2743
370.4554,131.0651,73.8285,152.2604
373.0138,130.5976,73.2456,152.4011
376.2248,129.5709,72.7919,152.7637
376.5807,138.1171,71.7978,150.1674
378.2529,132.2542,71.7362,150.5984
380.0594,129.5790,71.7829,151.2732
381.3745,130.9397,70.7908,150.0341
383.0439,134.0939,71.0379,149.8681
383.7744,131.9783,72.1263,149.9021
385.7680,131.4017,71.5460,150.9522
386.0495,132.0117,70.3233,152.4541
387.7672,127.7704,70.3830,154.0500
388.0110,128.1330,71.3341,156.2907
390.4880,128.4251,72.7578,156.4603
391.2693,126.0438,74.4291,156.8292
393.0286,127.7154,74.6108,156.7398
392.4213,123.2456,74.7039,159.2897
391.2903,122.5549,73.9431,161.6796
391.0769,120.8800,73.1273,163.6662
390.0264,119.0798,72.1715,165.0936
388.7061,116.5232,70.3472,167.8489
388.6745,115.6972,69.6496,170.6477
386.6698,114.0569,68.9786,173.0921
386.6299,114.0838,68.9534,173.4743
383.4559,120.8843,67.6086,173.6484
384.2700,114.8937,67.9868,172.6818
384.9864,117.4642,69.1922,173.9469
384.0278,115.9095,70.0532,175.1017
381.7925,115.9949,70.4319,176.5066
381.2931,115.0293,71.6631,178.2507
379.5444,112.7833,72.1794,179.9270
377.5710,113.9154,71.5975,181.4612
375.4877,113.3515,71.2920,182.4626
373.8313,113.1811,70.9847,183.9061
375.1386,109.5848,71.7474,185.9925
372.1288,112.0621,72.2622,187.6338
373.5470,108.7534,73.0723,189.1330
370.0562,109.0207,73.3091,190.7521
370.7395,107.5992,74.3472,191.6848
369.3389,108.0140,74.4943,192.3870
369.2953,107.6251,75.5807,193.5759
368.4138,106.8375,76.2204,194.0963
366.0835,105.0380,76.8091,195.1003
365.1722,107.6343,77.8316,195.9490
366.3187,104.0746,77.6569,196.2604
364.5957,113.6793,78.0999,195.4483
363.5941,105.8443,79.0576,198.3878
362.1826,105.7954,80.4213,200.1265
359.7972,107.0916,80.9798,201.5959
362.2146,103.9683,81.9131,202.9787
360.5994,105.7351,82.9062,204.0747
360.7243,104.5933,84.1325,202.9293
358.2084,112.0193,84.1699,200.2168
356.7688,105.4371,85.1670,201.5584
355.5652,102.7337,85.7102,203.2983
355.7870,104.3221,86.0888,203.7486
355.6813,106.4392,85.9619,204.1304
355.9667,104.6458,88.3706,204.5347
356.1292,108.1679,89.4566,204.4477
357.2033,107.9567,90.5825,204.5309
355.8445,108.3506,91.3773,204.6612
358.2291,108.6805,92.0094,205.5941
357.5599,104.8418,91.4455,205.4860
357.2162,104.9994,89.7569,204.8980
357.2926,105.7021,89.0038,205.0174
356.6114,112.2807,90.3154,205.5727
356.1953,114.1731,91.3147,204.7120
357.2105,113.7813,92.3961,204.6012
359.7269,113.9626,93.3605,205.1352
357.0588,115.2056,92.3024,202.3789
360.3055,125.6401,93.1134,198.3001
358.7120,122.6726,94.3639,195.6011
352.0897,124.0711,97.2150,191.2688
350.4495,122.7047,96.3246,188.6553
348.6231,125.2451,96.1496,185.5232
347.4399,123.9204,95.4611,183.5872
344.5612,123.1865,95.0989,181.8992
342.3075,125.2719,94.9610,179.2738
342.0323,126.9956,95.1762,176.2024
339.7195,128.1857,94.5898,172.8871
338.0178,128.0501,94.5115,171.7977
338.5583,131.3035,94.0223,168.8258
338.9245,133.2171,93.9630,166.4781
337.7552,131.3895,93.5479,165.2474
338.3484,131.3372,92.5426,164.0644
338.4258,132.3068,91.2506,162.7838
337.2652,133.3609,89.2512,162.1521
337.7261,138.1927,88.5171,161.0640
338.3686,135.2307,87.6660,161.5121
339.3921,135.6064,86.4861,162.0908
339.5885,137.1814,85.1526,161.9827
339.6546,138.0404,84.8546,161.9291
340.5854,138.6942,85.2188,161.6214
340.9760,138.9940,84.7692,161.7795
340.4308,146.0464,85.0435,158.2927
340.9428,141.4616,83.4081,159.7252
340.7947,136.6510,82.5163,163.2816
339.9823,134.2160,82.0343,164.6757
340.5189,137.9273,80.9162,165.7265
342.0013,147.0206,80.9505,161.3936
339.0437,138.3510,79.0666,163.4212
336.2408,133.4108,75.7757,165.4690
335.1040,133.4087,74.4945,167.3516
331.3005,130.6125,72.4344,169.4247
328.7760,130.2837,71.5295,171.8506
327.1516,126.5027,71.6180,174.0561
326.4781,129.5474,72.7622,173.6933
325.9977,126.6759,74.5829,174.7517
315.6546,130.0821,76.7028,176.2689
316.7849,127.6813,78.1070,177.3591
316.4342,129.7175,79.4533,177.0907
316.1584,127.7739,79.5100,177.7803
316.5824,130.4279,81.9546,175.8004
315.5875,132.1232,82.3919,175.2640
315.6090,130.0775,82.3608,176.5428
315.6123,134.4509,83.0412,174.8207
315.2876,133.5979,83.4787,174.7055
317.0529,137.2588,84.4170,172.4053
315.4901,141.7584,85.3075,169.3664
317.6670,139.2293,86.2205,169.7932
319.2859,142.0995,87.4719,167.2391
320.4940,141.2938,88.6245,167.2316
321.7708,140.6606,89.3903,166.5861
323.1865,143.7753,90.7856,165.9368
325.0139,143.3988,91.6057,166.2180
326.9331,145.6395,92.5052,165.1853
324.7729,144.7430,92.7766,164.4164
323.8441,142.8404,91.9998,165.3309
325.0851,144.2335,92.5444,165.7031
326.7050,143.3893,92.9802,168.1089
329.1570,143.2235,93.8638,169.3110
328.6975,140.6613,94.6055,170.6403
331.0288,139.8379,95.2395,170.9797
332.6020,139.6639,95.0100,171.1519
334.1465,136.6059,95.0630,172.3568
335.4070,133.1516,96.0266,173.7547
335.9773,134.6161,96.6322,173.5720
338.1433,133.2402,97.1301,174.8732
338.7326,134.8353,97.3850,174.9109
341.7492,133.7255,96.3744,175.1411
345.1652,131.6136,94.1040,176.6199
348.1031,134.8580,93.6477,175.5413
348.2919,134.6178,92.0386,174.8862
351.9454,135.1960,88.5869,175.2739
356.4080,120.4475,82.8826,185.8067
359.7648,117.9098,78.9904,191.1983
360.2475,119.2933,76.0156,192.7007
361.5486,117.7588,74.5929,194.0787
364.1616,113.2586,73.8759,196.6639
365.4312,112.2990,72.8436,199.2965
367.6337,109.5550,72.4072,202.4849
367.8842,108.0916,72.8548,204.7979
367.9690,108.1657,72.9933,204.3505
367.9141,112.1847,72.7671,203.0743
367.9134,108.7142,72.5467,204.2988
367.4130,110.2415,72.4850,205.5433
367.9449,109.0153,72.5216,205.8441
368.7473,108.1318,72.3353,206.7278
369.5110,109.4880,72.6028,206.3377
369.4003,109.5175,72.1584,206.7186
368.6718,110.1634,71.8699,206.2978
370.8284,111.1552,71.7071,205.3293
371.3061,111.7000,71.1131,204.2547
370.0134,112.1181,70.7177,204.1175
368.9890,112.3635,71.1041,203.4567
369.5551,111.5468,70.7414,202.6034
367.9291,115.3526,71.0241,202.6818
365.2600,115.1435,70.7261,201.5614
368.2841,110.2923,69.3313,200.4017
371.4582,108.0354,68.8806,201.4827
372.2284,108.3766,68.2806,201.3855
372.9373,107.7765,68.0243,201.9689
373.1989,107.5939,67.6061,202.8103
375.7927,110.4950,68.5290,201.2585
376.6086,106.5746,68.6303,202.5712
375.6247,105.0021,69.1609,204.7998
374.8543,104.3630,69.6091,206.6748
375.2888,105.6625,71.1166,205.7442
377.2578,106.4579,73.4315,204.8062
379.0132,106.2737,75.5747,204.1834
380.9660,108.7769,77.3696,202.0392
382.1945,109.5266,80.8848,199.8149
382.9147,108.2399,82.8814,200.3834
385.0635,110.9915,85.6625,198.8568
385.2772,106.0216,87.9782,201.9540
387.1793,105.7303,90.6880,203.6313
387.8098,109.6142,92.8124,203.6778
386.6239,114.4448,93.3402,201.7754
387.0920,115.0743,93.8879,201.0695
388.5439,111.9659,93.9884,201.3112
390.5585,112.8867,93.9782,203.6617
392.0197,112.4502,95.4074,204.1609
392.1036,108.3633,96.3542,207.3397
388.6598,106.8276,98.4988,208.6421
385.5058,102.2963,99.8468,210.6864
383.3902,104.7016,99.9102,209.9079
384.9842,109.0559,101.1392,207.7242
379.8083,109.1336,101.7368,206.8827
375.7237,103.7007,101.8513,206.7156
372.0482,103.5549,102.7652,208.0015
367.8740,103.2754,102.8439,208.3643
363.1443,107.1529,102.6198,208.0350
361.3935,107.0507,102.6240,206.7602
357.7240,108.4797,102.6473,207.3906
354.1518,110.3309,102.5676,207.1829
349.5552,114.2196,101.3881,205.3351
346.5586,116.5846,101.1217,202.9297
342.1916,113.0195,99.8485,204.5240
337.5782,114.8449,98.8195,205.0686
331.8852,113.0015,98.9189,205.8337
324.2959,111.3487,95.4390,207.2408
321.7807,110.2679,92.3480,210.8589
320.4254,107.0928,92.4508,213.5540
319.6870,104.2135,91.3345,216.9271
321.3457,107.2580,91.5818,215.9359
318.5391,105.0528,90.7398,219.5396
315.6717,98.8235,89.9218,224.5640
314.6275,96.7614,89.2726,228.1473
312.0308,95.6363,89.3744,229.0675
310.3795,95.0471,87.8481,229.8280
310.9855,95.6999,86.9721,228.8770
309.4926,98.4970,86.5128,227.0444
311.3462,99.9605,86.9454,225.2149
308.8905,100.2282,87.1133,225.1711
307.5125,101.3387,86.8692,226.6799
307.5720,103.4729,86.4210,227.6569
306.3774,103.0814,86.4118,227.3680
307.7166,102.8697,86.3390,227.9531
309.3212,99.2607,86.8880,230.1100
308.7262,98.6187,87.6761,232.8194
309.2753,96.4729,87.8980,235.5315
309.4807,95.5653,88.6903,237.4436
310.3896,91.7933,87.8892,241.9609
310.7271,90.4134,87.9297,245.6919
311.1290,83.7375,86.9884,250.4062
307.8390,79.1321,87.7851,252.5607
305.2526,76.0016,90.2552,254.1253
300.5237,70.8193,92.3075,255.1271
300.7041,75.1895,95.9915,248.7393
298.6339,71.3063,97.7871,250.6767
295.5789,68.3387,99.0158,250.1284
294.4789,71.0786,99.1110,249.7413
292.0085,74.3727,101.6175,248.4728
290.1779,77.7161,103.9862,247.9437
288.1771,87.4113,107.8022,243.9936
287.9283,84.2892,108.9063,247.0187
287.0660,83.8105,110.1139,249.3009
281.9893,84.7157,110.6213,250.8548
278.7116,80.7639,112.7725,251.9070
279.1407,76.0079,113.9440,255.5143
276.9505,75.2798,114.7050,257.6363
270.0566,70.2702,113.4025,259.9988
270.9220,66.6000,111.1220,264.8503
272.1877,58.9710,108.6396,269.3900
271.2378,58.6528,104.9492,271.8303
269.0479,54.4006,102.9888,275.9697
271.5542,58.0073,102.8519,275.5060
273.3440,56.1234,102.5022,274.9788
275.6664,52.3634,102.4043,275.5290
280.4067,57.3381,102.7924,271.6035
281.1990,61.5118,100.4712,268.8295
284.6915,64.7976,97.9825,266.8012
285.7330,65.4383,95.2418,267.4494
283.7057,71.0038,94.5393,265.4513
285.3706,66.6053,93.7937,267.4264
290.1385,65.5991,92.5708,269.5880
292.8275,64.7957,91.3643,272.0931
294.9246,65.7645,91.2157,271.7557
296.5113,62.8745,90.6216,274.1143
296.7067,61.7136,91.0320,275.6680
299.0791,56.9552,92.1005,279.1635
299.8837,52.2624,92.3938,283.0921
297.4046,48.5998,92.8301,284.7674
295.4727,45.6392,92.1852,286.6967
290.9061,43.7303,92.0542,286.0014
290.7011,43.8771,91.4046,285.9309
285.4556,44.8152,92.1882,282.7673
285.9576,47.5235,94.3321,285.6622
286.2408,51.7339,94.6255,287.4983
287.1820,51.6393,95.2015,291.1771
286.0738,53.8187,97.7450,289.9786
