1
700.5336,240.9353,34.5697,71.7136
698.1874,238.2971,34.6114,71.8391
694.7164,237.1465,34.3018,72.0954
691.1306,236.0346,34.2635,72.5891
687.9958,235.9471,34.4053,72.6566
685.2868,233.9928,34.2989,72.8038
684.3218,233.0468,33.7705,71.8795
681.6827,232.9514,32.9059,72.6198
679.5613,233.6812,32.0868,73.3993
678.3818,235.8095,31.3930,74.7939
676.5825,238.7231,31.1286,76.8636
673.9158,239.0688,31.0294,76.6690
671.0663,240.7949,30.9763,75.7730
667.0750,240.3393,30.4775,73.8307
662.9144,241.2072,29.5326,72.8503
658.6577,242.6740,28.6556,72.9566
654.3890,242.8613,28.3066,72.1321
648.1596,243.4446,28.2610,70.6119
641.8026,243.5916,28.6848,69.8437
640.5363,242.3725,28.5688,69.9341
635.9176,242.4234,28.7524,69.7016
631.6904,241.7276,28.8011,70.0554
627.8710,241.4749,28.9321,70.0722
624.5595,239.0942,29.8008,68.7946
621.0081,239.4057,30.4627,67.4523
617.5330,239.1548,30.7659,66.2919
613.3755,239.5135,30.5954,65.9896
610.8353,238.9832,30.2846,65.7231
606.8042,238.4067,30.5983,64.2916
603.8735,239.8484,30.3394,63.8233
600.5877,239.9534,30.2959,63.2024
598.6006,239.0468,29.9185,62.8656
595.8223,239.9927,30.1821,62.2189
594.1313,241.7302,30.1518,62.2725
590.7447,240.5972,30.6533,62.8365
587.4071,241.9078,30.3865,63.0666
584.0587,239.5584,29.8921,62.6673
580.3241,239.6639,29.5756,63.2533
577.9766,240.3984,29.3017,62.5169
574.6566,238.5107,28.0075,62.8318
571.0926,237.7556,27.5235,63.7163
568.5539,239.4381,26.8445,62.6657
566.7718,242.6954,26.1164,61.0908
563.5995,242.1980,26.3757,61.5368
560.6170,241.2235,25.8712,63.2682
557.1270,243.0545,26.5439,63.6059
553.4777,243.1029,26.3545,64.1870
549.4713,243.0620,26.1452,64.1709
546.1961,241.8518,26.6140,64.5720
544.4919,244.1223,26.7712,64.3576
542.9249,242.8221,26.8593,64.9125
541.4800,241.3845,27.7449,65.9473
539.1288,239.2635,28.8823,67.2924
538.0411,237.7045,29.2996,67.6912
537.0483,236.8227,30.0289,68.4392
537.0008,236.0967,30.5856,69.3713
536.1727,236.9097,30.5308,70.4189
535.4849,239.2572,30.5226,68.7799
534.3154,240.2010,30.5706,68.4466
533.4399,241.7518,30.4771,68.1631
533.6866,237.8850,30.1756,69.2917
533.9888,237.5401,30.0500,70.2867
532.7291,236.1597,30.3045,72.1076
532.2640,235.2533,30.4951,71.8596
532.6187,234.4883,30.4949,73.0871
532.4752,233.9405,30.6468,72.5685
531.9883,234.1749,30.4914,73.1518
532.0435,232.9540,30.5522,73.8170
532.2007,232.3779,30.4252,74.6414
532.8746,231.0897,30.9434,75.0976
533.3221,229.6319,30.8123,75.4288
533.8721,229.7106,30.4616,76.0017
534.3911,228.5622,30.7623,76.7746
534.6901,229.0354,31.2184,76.7265
533.9907,229.0784,32.0240,76.2252
533.6149,230.8081,32.2318,75.7273
533.9520,230.9198,32.8501,74.9545
535.0800,231.5675,33.3713,74.6622
536.8998,229.2887,33.6447,73.5363
540.2021,230.9890,33.9644,72.7423
542.3979,230.2727,34.6253,71.3757
546.4920,229.9846,34.6369,70.9202
549.2662,230.9589,34.8240,70.3416
552.3773,230.4258,34.4782,70.5724
555.5491,230.8891,34.1094,71.2962
557.8035,230.4845,34.2842,70.9914
560.0991,229.0709,34.1772,70.6925
563.7950,229.7044,34.3984,71.1006
565.7949,230.9297,34.4075,72.1355
568.0618,229.2271,34.6415,73.0010
569.6359,228.5468,34.3339,73.1346
571.7350,227.3205,34.3541,71.8412
574.9391,227.8998,33.8813,70.9661
576.9485,228.7760,33.3011,70.5368
577.8663,231.1512,32.9439,70.8346
579.9368,229.2709,32.9224,70.5399
581.3231,229.4340,32.9902,70.6407
583.0795,229.6701,32.8807,70.9396
584.5354,229.3600,32.6249,70.4327
586.9343,227.3382,32.3443,70.0609
588.9568,229.7567,32.1880,70.4734
590.5645,228.5071,32.1936,69.3466
592.0090,228.0908,32.6900,67.3268
593.6569,227.4961,32.9418,66.4181
594.3182,229.1311,32.6286,65.8985
596.7891,231.8684,32.1556,66.4291
597.3870,232.6422,32.0947,65.8229
598.7765,232.1326,31.8932,65.4950
599.9180,232.0831,31.9101,65.6193
601.2866,232.1461,31.7391,65.4473
601.4749,231.7777,31.2669,66.3232
601.0436,231.4846,31.3743,63.6804
600.5098,230.5011,31.1205,61.9950
599.4271,230.5695,30.5061,59.9792
596.1012,232.1569,30.0102,59.6863
592.1874,231.5802,29.2727,58.8323
584.1734,230.6981,29.1051,58.0799
578.9919,229.4619,29.1025,57.6962
572.9543,228.8490,28.7603,57.2391
566.5337,228.6744,28.0406,56.8211
560.8426,227.8122,27.3964,55.9274
556.3571,227.3399,27.6309,55.8898
547.1711,227.9099,27.1686,55.4125
540.2000,227.9337,26.5618,54.6999
536.1299,229.0384,26.0851,54.4467
528.9586,228.9813,25.6689,54.5077
521.1202,227.8417,25.4117,53.7824
512.9183,226.5542,24.9009,53.6366
504.1765,226.8181,24.2253,53.4783
493.8669,227.5251,24.0635,53.0476
485.7536,229.0014,24.2707,51.6121
479.0671,235.3882,24.5204,50.3362
462.5466,235.6535,24.2120,50.1668
449.5908,239.1056,23.9184,49.7093
436.3681,240.3590,23.9124,48.9544
429.7597,241.4923,24.4174,48.0356
418.3331,242.3819,24.8483,47.4800
402.4143,243.0581,25.1269,47.4870
390.3366,245.0623,25.3277,46.9032
375.4614,244.0036,25.4787,47.5723
358.6155,245.4171,25.4865,47.9709
343.1275,245.9325,25.5600,48.3670
317.7758,247.4269,25.3803,48.5674
297.4741,247.5910,25.3366,49.0718
277.0674,249.4164,25.5177,49.2271
255.1669,249.0719,25.4697,48.6668
239.2806,251.1912,25.3089,48.9325
219.3367,252.2442,24.9019,49.8483
203.3916,253.1328,25.2847,49.9490
183.2927,254.2084,25.4383,50.8899
166.9063,252.9050,25.0333,50.5339
150.8526,254.7092,25.5001,49.9757
140.1003,256.7211,25.3895,50.5231
128.6564,258.1728,25.3484,51.5865
111.9924,258.6309,25.2694,51.7376
100.3647,259.0558,25.1531,52.1537
94.2369,258.2019,24.9456,53.0227
91.7493,258.1203,25.6168,53.6053
84.4774,256.6122,25.8998,53.3677
84.1804,257.1057,26.1826,53.6656
84.6266,255.6741,26.4081,53.7139
84.9392,255.2599,26.8191,52.5185
86.5207,257.0480,26.8598,52.1186
90.1660,260.2780,26.8410,51.6808
94.4656,263.0540,26.8829,50.8858
97.4759,263.9428,26.7953,52.1526
97.7801,267.7868,26.8158,51.3722
98.1930,270.4018,26.6529,51.8734
97.2474,270.1497,27.0997,52.3218
97.1487,270.4736,28.1806,52.9103
97.4231,268.4908,29.0344,54.0690
99.1241,268.6796,29.5947,54.7759
100.5257,269.8010,29.5422,56.2979
103.4704,270.9078,30.3726,57.6413
106.8546,272.1275,30.7826,58.0632
112.2834,273.3645,30.3845,58.8629
118.6599,272.4398,29.9621,59.2071
126.0210,271.5291,30.3586,58.9674
134.3335,269.3322,30.4980,57.7952
144.5414,268.0956,30.7740,56.8992
154.6466,268.0842,30.8714,56.7088
165.6116,266.5974,30.6125,56.0779
176.7962,265.3920,30.4282,55.5743
183.6081,265.4265,30.5203,55.2727
193.5624,264.4450,29.4593,55.2935
201.5583,265.2906,28.8533,54.2651
207.8721,266.5985,28.8864,53.1683
214.4044,266.7363,28.3001,52.4560
216.9986,266.7054,27.9678,51.7903
224.9720,267.4925,27.2944,51.3244
231.8037,268.2550,28.0162,50.1855
239.9200,269.4537,28.1339,49.7087
246.0346,268.6136,28.3394,49.2955
252.9807,266.1389,27.3386,50.0202
259.2759,262.1277,26.9000,50.5683
265.9509,262.0649,26.7599,49.4742
271.9028,260.6441,26.7559,49.2473
279.3156,255.9159,25.5589,49.8876
286.0926,256.3182,25.3096,49.6070
297.5979,256.9209,24.7012,48.9791
304.6807,257.6440,24.4858,47.9616
316.1703,258.8727,24.1884,47.3494
323.0352,260.6127,23.6612,46.9601
331.2960,260.0534,23.3772,46.8147
339.8336,260.4393,23.6826,45.8459
348.0556,260.2585,23.6543,45.5719
355.8385,260.0413,24.1116,44.9103
360.4329,259.8736,24.9913,44.3877
369.4925,259.4153,25.0658,44.3884
377.9394,258.7397,25.5951,44.9879
384.5344,259.9450,26.2575,45.2621
387.7489,259.9956,26.4182,46.4705
394.6426,261.0938,27.0550,45.8181
402.9284,261.3077,27.2305,45.5981
411.3094,262.4400,27.0765,45.5648
420.2352,262.1347,27.5856,45.3884
428.4336,260.9386,27.6825,45.3833
432.6308,258.7313,27.4502,46.1418
442.4591,258.0960,26.9786,46.5956
451.2970,258.9960,27.4386,46.0314
457.5034,260.1447,27.6624,46.1642
460.0615,258.5397,27.1792,47.8615
460.0683,255.2550,25.9358,49.3116
467.3274,253.3010,25.1627,51.7568
472.3305,253.0052,24.7506,53.4818
477.1584,251.1271,24.8569,54.5591
481.8474,253.4281,25.6345,55.5989
485.5931,253.6390,25.4982,56.9382
488.4158,252.9396,25.3680,57.1774
491.4348,250.2783,25.2211,57.5835
493.0195,248.9783,25.0179,57.7322
492.3031,247.0624,25.0701,59.1581
492.8069,249.9068,25.1380,61.3005
492.8584,250.2369,25.5315,63.1870
492.7836,252.6323,25.5832,62.9279
493.7878,253.1343,26.3311,63.5992
494.1704,255.1569,27.0314,62.9299
495.4637,257.6208,27.1186,63.9205
495.6596,258.9642,27.8018,63.2710
495.6869,256.3832,28.1042,63.3351
490.5815,255.9608,28.7228,61.7323
481.5908,255.3467,28.8990,61.1702
467.3034,254.0588,28.9551,61.0284
451.5635,253.5526,29.0743,60.1320
434.9482,252.7643,29.2743,60.1509
419.3695,251.5773,29.8952,60.0034
403.3228,251.4609,29.5508,60.4761
390.5414,251.4325,29.7797,59.2544
376.7322,253.9271,29.9789,58.1252
362.7866,256.0528,30.0906,57.6028
349.7536,259.4157,29.5020,57.4129
337.1236,260.0516,28.8041,58.2271
324.3222,261.6035,28.1072,58.0084
317.2921,261.8650,28.0951,58.5840
308.9984,262.5316,29.0242,57.5313
302.6458,264.0394,28.1600,57.7584
295.4404,266.6763,28.0100,56.6840
292.9659,268.4091,27.3769,57.2251
287.8322,271.6632,27.6462,56.3389
281.4244,273.8195,27.2644,56.1867
275.2995,277.4632,26.9054,56.0270
270.0530,280.0146,26.6561,56.5737
263.8979,279.4990,26.5772,55.7994
258.0455,282.9548,26.5347,54.0762
246.4319,284.9982,26.1574,53.7883
238.7553,291.9398,26.6321,53.7519
232.4696,297.0081,25.8985,55.8001
215.3876,296.4246,26.5701,56.9735
206.8619,296.5253,28.2321,56.7197
193.4107,297.5044,28.5289,56.9823
180.1147,296.9693,28.7357,56.8828
172.4344,296.9003,29.6533,57.1180
166.2538,295.8216,29.6828,57.6230
168.1912,293.7881,28.9499,57.1237
169.7999,293.5771,28.5848,55.4123
170.0513,290.9438,28.8721,53.7316
174.5147,289.9367,29.1461,53.3397
175.4834,286.9737,31.7073,50.2979
187.5059,292.8245,30.8745,50.2403
192.3296,288.7378,30.0009,49.3895
200.7431,289.1644,29.1071,48.9634
200.3281,290.7968,27.7867,50.2605
211.2497,297.0902,25.5463,51.5212
212.6991,299.9232,25.4242,52.0444
219.3684,300.3183,25.5458,52.4447
225.6633,300.6381,24.9935,52.8857
226.6280,298.9607,25.0579,53.3848
238.7511,300.8473,26.3598,52.3749
242.9048,299.9702,27.3262,51.9113
242.6173,298.3354,27.6190,52.2298
251.0591,298.4427,28.0172,52.4461
254.9752,297.6823,28.4837,53.4942
259.6712,297.3466,28.5946,53.9824
264.1808,294.4755,28.8915,54.5850
266.5767,294.7247,29.4576,55.0231
270.1038,294.5274,29.9159,55.9119
270.4290,294.1630,31.4964,56.4024
278.8673,295.7694,31.0979,56.9547
281.3643,296.3575,32.0339,55.9789
286.9442,296.6151,33.3935,54.8094
293.5639,294.0717,34.1181,55.4078
300.7431,294.1147,34.1406,56.5634
304.9745,296.0081,35.0742,55.8195
313.8305,296.3497,35.5834,53.7610
320.6137,294.6515,35.2715,52.7349
327.0970,293.7286,35.9108,52.1024
327.5424,292.5814,35.4425,53.2230
335.3539,293.1284,36.6326,51.6543
343.0352,293.3680,37.0106,51.8193
351.1173,293.1098,36.8938,52.6037
355.9478,294.0376,36.5241,53.5864
357.3692,295.2060,35.2952,53.7697
361.5023,294.8465,32.0596,56.9370
367.1192,291.6299,30.3230,59.6620
370.5426,291.1058,29.1693,60.1384
371.2466,290.3391,28.3881,60.1374
371.6789,291.7728,28.0226,60.6924
368.5632,297.2266,27.4496,59.8293
375.2289,296.0220,27.0883,58.6537
368.6022,288.8999,27.2309,58.1314
369.5637,291.5165,27.5974,56.9994
374.4202,292.2411,27.4027,57.0646
378.2075,291.0041,27.2017,58.2429
380.2061,285.6414,27.4648,57.7822
380.4796,287.0435,28.2498,57.1738
381.3519,287.9292,28.8227,57.5937
382.6831,278.8888,28.3375,58.9931
383.9932,271.9107,27.2895,61.1983
385.6222,273.7655,27.5949,61.4243
385.2757,270.1692,27.2464,63.6023
384.8201,268.1596,27.6572,63.5065
384.4659,263.9909,27.7515,64.2164
384.4781,265.3183,27.0662,64.0019
384.8655,264.2181,27.2087,63.6347
386.2601,264.1318,26.8462,63.3293
387.6483,266.8486,26.9352,62.2533
388.7166,274.6176,27.1514,60.4487
395.5313,277.4460,26.5739,58.7686
395.5576,282.6006,25.4950,58.9831
395.3066,287.8121,24.0907,60.4849
404.5284,305.7475,24.0546,59.1131
399.3053,309.5987,23.9476,57.9983
2
0
0
0
0
1
363.7355,297.6198,24.4299,33.6735
361.3390,298.5320,25.3637,34.5522
359.0930,300.1010,26.1989,33.5172
353.9694,300.0124,27.6232,33.3112
352.0454,298.7267,28.1961,33.1877
349.6186,295.5077,28.2658,32.7934
340.3476,292.7743,28.3070,31.4601
330.3517,289.9326,28.6512,30.6334
321.4985,285.8849,28.7544,30.6111
306.3762,285.6960,28.0246,30.7074
294.6373,286.9593,27.8537,30.4907
286.4605,290.7455,27.2448,30.6282
268.8014,293.7686,27.3293,29.8748
264.7212,297.6800,26.7558,29.6788
251.5405,301.0075,26.0057,31.0633
246.2869,299.0999,23.1377,35.2934
240.0168,293.7358,21.1050,37.9370
223.5489,290.4226,20.2118,38.9635
223.1838,294.3743,20.1144,39.7009
211.7315,294.8797,19.6490,41.4559
203.4756,294.8253,19.7720,43.0555
198.9251,297.7213,20.0855,42.7971
2
0
0
0
0
1
137.5455,300.0147,33.6494,38.0387
135.3853,299.2473,33.4331,39.0614
134.6646,300.4345,33.8253,38.3147
135.4055,299.7007,33.9545,37.9200
137.7288,300.7393,33.9941,37.1806
137.5135,300.8795,33.6020,36.4544
137.1519,300.3889,33.5715,35.7318
137.3065,300.0896,33.0446,36.1299
135.5405,299.0944,33.1471,36.2375
134.9090,297.6928,32.6223,37.0147
134.3459,298.0849,31.3792,38.3787
134.6066,298.0498,30.2020,39.8823
135.1898,298.5316,29.9830,40.5838
135.0258,298.0036,30.0710,40.4559
134.6182,294.5923,30.3469,40.6472
134.7351,289.8680,30.7364,40.5557
131.5642,289.4252,31.3493,40.6558
131.5904,290.5437,32.1401,40.0951
132.1774,289.4539,33.1158,39.4116
130.3664,284.3600,34.2696,38.2929
129.7196,282.3927,35.1055,36.5743
128.7888,282.7952,35.4677,35.6208
126.3947,282.2035,35.0838,35.6307
127.7629,281.0973,35.0114,35.5026
121.9395,281.5382,36.0241,34.3933
